Tag(M3),Date,Time,Plot_No,Rec_No,CO2,Pressure,Flow,H2O,Tsen,O2,Error,Aux_V,PAR,Tsoil,Tair,Msoil
Zero
Zero
Start
M5,28/06/23,15:44:27,     1,  1002,   417, 1004.7, 300,23.3,32.7, 0.0,  0, 0.0000,     0,28.3,31.7,44.4, 20,     0,     1, 0.0000, 0.0000
M5,28/06/23,15:44:28,     1,  1003,   417, 1004.7, 300,23.5,32.7, 0.0,  0, 0.0000,     0,28.3,31.7,44.4, 20,     0,     2, 0.0000, 0.0000
M5,28/06/23,15:44:29,     1,  1004,   418, 1004.7, 300,23.5,32.7, 0.0,  0, 0.0000,     0,28.3,31.7,44.4, 20,     1,     3, 0.0000, 0.0000
M5,28/06/23,15:44:30,     1,  1005,   418, 1004.7, 300,23.7,32.7, 0.0,  0, 0.0000,     0,28.3,31.7,44.4, 20,     1,     4, 0.0000, 0.0000
M5,28/06/23,15:44:31,     1,  1006,   419, 1004.7, 300,23.7,32.7, 0.0,  0, 0.0000,     0,28.3,31.8,44.4, 20,     2,     5, 0.0000, 0.0000
M5,28/06/23,15:44:32,     1,  1007,   419, 1004.7, 300,23.7,32.7, 0.0,  0, 0.0000,     0,28.3,31.8,44.4, 20,     2,     6, 0.0000, 0.0000
M5,28/06/23,15:44:33,     1,  1008,   419, 1004.7, 299,24.0,32.7, 0.0,  0, 0.0000,     0,28.3,31.7,44.4, 20,     2,     7, 0.0000, 0.0000
M5,28/06/23,15:44:34,     1,  1009,   420, 1004.7, 300,24.0,32.7, 0.0,  0, 0.0000,     0,28.3,31.7,44.4, 20,     3,     8, 0.0000, 0.0000
M5,28/06/23,15:44:35,     1,  1010,   420, 1004.7, 300,24.3,32.7, 0.0,  0, 0.0000,     0,28.3,31.7,44.4, 20,     3,     9, 0.0000, 0.0000
M5,28/06/23,15:44:36,     1,  1011,   421, 1004.7, 300,24.3,32.7, 0.0,  0, 0.0000,     0,28.3,31.7,44.4, 25,     4,    10, 0.0000, 0.0000
M5,28/06/23,15:44:37,     1,  1012,   421, 1004.7, 300,24.6,32.7, 0.0,  0, 0.0000,     0,28.3,31.7,44.4, 25,     4,    11, 0.0000, 0.0000
M5,28/06/23,15:44:38,     1,  1013,   422, 1004.8, 300,24.6,32.7, 0.0,  0, 0.0000,     0,28.3,31.7,44.4, 25,     5,    12, 0.0000, 0.0000
M5,28/06/23,15:44:39,     1,  1014,   422, 1004.8, 300,24.6,32.7, 0.0,  0, 0.0000,     0,28.3,31.7,44.4, 25,     5,    13, 0.4709, 0.4698
M5,28/06/23,15:44:40,     1,  1015,   422, 1004.8, 300,24.8,32.7, 0.0,  0, 0.0000,     0,28.0,31.7,44.4, 25,     5,    14, 0.4565, 0.5419
M5,28/06/23,15:44:41,     1,  1016,   423, 1004.8, 300,24.8,32.7, 0.0,  0, 0.0000,     0,28.0,31.7,44.4, 25,     6,    15, 0.4460, 0.4835
M5,28/06/23,15:44:42,     1,  1017,   423, 1004.8, 300,25.1,32.7, 0.0,  0, 0.0000,     0,28.0,31.7,44.4, 25,     6,    16, 0.4651, 0.4609
M5,28/06/23,15:44:43,     1,  1018,   424, 1004.8, 300,25.1,32.7, 0.0,  0, 0.0000,     0,28.0,31.7,44.4, 25,     7,    17, 0.4511, 0.4693
M5,28/06/23,15:44:44,     1,  1019,   424, 1004.8, 300,25.4,32.7, 0.0,  0, 0.0000,     0,28.0,31.7,44.4, 25,     7,    18, 0.4506, 0.4942
M5,28/06/23,15:44:45,     1,  1020,   424, 1004.8, 300,25.4,32.7, 0.0,  0, 0.0000,     0,28.0,31.7,44.4, 25,     7,    19, 0.4086, 0.5708
M5,28/06/23,15:44:46,     1,  1021,   425, 1004.8, 300,25.4,32.7, 0.0,  0, 0.0000,     0,28.0,31.7,44.4, 25,     7,    20, 0.3961, 0.5358
M5,28/06/23,15:44:47,     1,  1022,   425, 1004.8, 299,25.6,32.7, 0.0,  0, 0.0000,     0,28.0,31.7,44.4, 25,     8,    21, 0.4058, 0.4805
M5,28/06/23,15:44:48,     1,  1023,   426, 1004.8, 300,25.6,32.7, 0.0,  0, 0.0000,     0,28.0,31.7,44.4, 25,     9,    22, 0.4142, 0.4187
M5,28/06/23,15:44:49,     1,  1024,   426, 1004.8, 300,25.9,32.7, 0.0,  0, 0.0000,     0,28.0,31.7,44.4, 25,     9,    23, 0.4246, 0.4018
M5,28/06/23,15:44:50,     1,  1025,   426, 1004.8, 300,25.9,32.7, 0.0,  0, 0.0000,     0,28.0,31.7,44.4, 25,     9,    24, 0.4237, 0.3957
M5,28/06/23,15:44:51,     1,  1026,   427, 1004.8, 300,26.1,32.7, 0.0,  0, 0.0000,     0,28.0,31.7,44.4, 25,    10,    25, 0.4236, 0.4151
M5,28/06/23,15:44:52,     1,  1027,   427, 1004.8, 300,26.1,32.7, 0.0,  0, 0.0000,     0,28.0,31.7,44.4, 25,    10,    26, 0.4169, 0.4254
M5,28/06/23,15:44:53,     1,  1028,   428, 1004.8, 300,26.3,32.7, 0.0,  0, 0.0000,     0,28.0,31.7,44.4, 25,    11,    27, 0.4208, 0.4195
M5,28/06/23,15:44:54,     1,  1029,   428, 1004.8, 300,26.3,32.7, 0.0,  0, 0.0000,     0,28.0,31.7,44.4, 25,    11,    28, 0.4209, 0.4083
M5,28/06/23,15:44:55,     1,  1030,   429, 1004.8, 300,26.3,32.7, 0.0,  0, 0.0000,     0,28.0,31.7,44.4, 25,    12,    29, 0.4240, 0.3901
M5,28/06/23,15:44:56,     1,  1031,   429, 1004.8, 300,26.5,32.7, 0.0,  0, 0.0000,     0,28.0,31.7,44.4, 25,    12,    30, 0.4288, 0.3878
M5,28/06/23,15:44:57,     1,  1032,   429, 1004.8, 300,26.5,32.7, 0.0,  0, 0.0000,     0,28.0,31.7,44.4, 25,    12,    31, 0.4282, 0.3878
M5,28/06/23,15:44:58,     1,  1033,   430, 1004.8, 300,26.6,32.7, 0.0,  0, 0.0000,     0,28.0,31.7,44.4, 25,    13,    32, 0.4295, 0.3945
M5,28/06/23,15:44:59,     1,  1034,   430, 1004.8, 300,26.6,32.7, 0.0,  0, 0.0000,     0,28.0,31.7,44.4, 25,    13,    33, 0.4270, 0.4002
M5,28/06/23,15:45:00,     1,  1035,   430, 1004.8, 300,26.8,32.7, 0.0,  0, 0.0000,     0,28.0,31.7,44.4, 25,    13,    34, 0.4272, 0.4094
M5,28/06/23,15:45:01,     1,  1036,   431, 1004.8, 300,26.8,32.7, 0.0,  0, 0.0000,     0,28.0,31.7,44.4, 25,    14,    35, 0.4239, 0.4156
M5,28/06/23,15:45:02,     1,  1037,   431, 1004.8, 300,26.8,32.7, 0.0,  0, 0.0000,     0,28.0,31.7,44.4, 25,    14,    36, 0.4206, 0.4213
M5,28/06/23,15:45:03,     1,  1038,   431, 1004.8, 300,26.9,32.7, 0.0,  0, 0.0000,     0,28.0,31.7,44.4, 25,    14,    37, 0.4194, 0.4287
M5,28/06/23,15:45:04,     1,  1039,   432, 1004.9, 300,26.9,32.7, 0.0,  0, 0.0000,     0,28.0,31.7,44.4, 25,    15,    38, 0.4159, 0.4334
M5,28/06/23,15:45:05,     1,  1040,   432, 1004.9, 300,27.0,32.7, 0.0,  0, 0.0000,     0,28.0,31.7,44.4, 25,    15,    39, 0.4119, 0.4475
M5,28/06/23,15:45:06,     1,  1041,   432, 1004.9, 300,27.0,32.7, 0.0,  0, 0.0000,     0,28.0,31.7,44.4, 25,    15,    40, 0.4066, 0.4562
M5,28/06/23,15:45:07,     1,  1042,   432, 1004.9, 300,27.2,32.7, 0.0,  0, 0.0000,     0,28.0,31.7,44.4, 25,    15,    41, 0.4045, 0.4608
M5,28/06/23,15:45:08,     1,  1043,   433, 1004.9, 300,27.2,32.7, 0.0,  0, 0.0000,     0,28.0,31.7,44.4, 25,    16,    42, 0.4016, 0.4593
M5,28/06/23,15:45:09,     1,  1044,   433, 1004.9, 300,27.2,32.7, 0.0,  0, 0.0000,     0,28.0,31.7,44.4, 25,    16,    43, 0.3988, 0.4578
M5,28/06/23,15:45:10,     1,  1045,   434, 1004.9, 300,27.3,32.7, 0.0,  0, 0.0000,     0,28.0,31.7,44.4, 25,    17,    44, 0.3976, 0.4578
M5,28/06/23,15:45:11,     1,  1046,   434, 1004.9, 300,27.3,32.7, 0.0,  0, 0.0000,     0,28.0,31.7,44.4, 25,    17,    45, 0.3950, 0.4562
M5,28/06/23,15:45:12,     1,  1047,   434, 1004.8, 300,27.4,32.7, 0.0,  0, 0.0000,     0,28.0,31.7,44.4, 25,    17,    46, 0.3929, 0.4581
M5,28/06/23,15:45:13,     1,  1048,   435, 1004.8, 300,27.4,32.7, 0.0,  0, 0.0000,     0,28.0,31.7,44.4, 25,    18,    47, 0.3905, 0.4556
M5,28/06/23,15:45:14,     1,  1049,   435, 1004.8, 300,27.5,32.7, 0.0,  0, 0.0000,     0,28.0,31.7,44.4, 25,    18,    48, 0.3901, 0.4523
M5,28/06/23,15:45:15,     1,  1050,   435, 1004.8, 300,27.5,32.7, 0.0,  0, 0.0000,     0,28.0,31.7,44.4, 25,    18,    49, 0.3878, 0.4504
M5,28/06/23,15:45:16,     1,  1051,   436, 1004.8, 300,27.6,32.7, 0.0,  0, 0.0000,     0,28.0,31.7,44.4, 25,    19,    50, 0.3868, 0.4497
M5,28/06/23,15:45:17,     1,  1052,   436, 1004.8, 300,27.6,32.7, 0.0,  0, 0.0000,     0,28.0,31.7,44.4, 25,    19,    51, 0.3853, 0.4458
M5,28/06/23,15:45:18,     1,  1053,   436, 1004.8, 300,27.6,32.7, 0.0,  0, 0.0000,     0,28.0,31.7,44.4, 25,    19,    52, 0.3837, 0.4424
M5,28/06/23,15:45:19,     1,  1054,   437, 1004.9, 300,27.7,32.7, 0.0,  0, 0.0000,     0,28.0,31.7,44.4, 25,    20,    53, 0.3834, 0.4385
M5,28/06/23,15:45:20,     1,  1055,   437, 1004.9, 300,27.7,32.7, 0.0,  0, 0.0000,     0,28.0,31.7,44.4, 25,    20,    54, 0.3828, 0.4329
M5,28/06/23,15:45:21,     1,  1056,   438, 1004.9, 300,27.8,32.7, 0.0,  0, 0.0000,     0,28.0,31.7,44.4, 25,    21,    55, 0.3829, 0.4290
M5,28/06/23,15:45:22,     1,  1057,   438, 1004.8, 300,27.8,32.7, 0.0,  0, 0.0000,     0,27.8,31.7,44.4, 25,    21,    56, 0.3829, 0.4219
M5,28/06/23,15:45:23,     1,  1058,   439, 1004.8, 300,27.9,32.7, 0.0,  0, 0.0000,     0,27.8,31.7,44.4, 25,    22,    57, 0.3841, 0.4155
M5,28/06/23,15:45:24,     1,  1059,   440, 1004.8, 300,27.9,32.7, 0.0,  0, 0.0000,     0,27.8,31.7,44.4, 25,    23,    58, 0.3850, 0.4068
M5,28/06/23,15:45:25,     1,  1060,   440, 1004.8, 300,27.9,32.7, 0.0,  0, 0.0000,     0,27.8,31.7,44.4, 25,    23,    59, 0.3855, 0.4001
M5,28/06/23,15:45:26,     1,  1061,   440, 1004.8, 300,27.9,32.7, 0.0,  0, 0.0000,     0,27.8,31.7,44.4, 25,    23,    60, 0.3866, 0.3940
R5,28/06/23,15:45:26,     1,  1061,   440, 1004.8, 300,27.9,32.7, 0.0,  0, 0.0000,     0,27.8,31.7,44.4, 25,    23,    60, 0.3866, 0.3940
End
Start
M5,28/06/23,15:46:22,     1,  1116,   423, 1004.9, 300,23.5,32.7, 0.0,  0, 0.0000,     0,27.8,32.0,44.4, 20,    -0,     1, 0.0000, 0.0000
M5,28/06/23,15:46:23,     1,  1117,   423, 1004.9, 300,23.5,32.7, 0.0,  0, 0.0000,     0,27.8,32.0,44.4, 20,    -0,     2, 0.0000, 0.0000
M5,28/06/23,15:46:24,     1,  1118,   423, 1004.9, 300,23.7,32.7, 0.0,  0, 0.0000,     0,27.8,32.0,44.4, 20,     0,     3, 0.0000, 0.0000
M5,28/06/23,15:46:25,     1,  1119,   423, 1004.9, 300,23.7,32.7, 0.0,  0, 0.0000,     0,27.8,32.1,44.4, 20,     0,     4, 0.0000, 0.0000
M5,28/06/23,15:46:26,     1,  1120,   424, 1004.9, 300,23.9,32.7, 0.0,  0, 0.0000,     0,27.8,32.1,44.4, 20,     1,     5, 0.0000, 0.0000
M5,28/06/23,15:46:27,     1,  1121,   424, 1004.9, 300,23.9,32.7, 0.0,  0, 0.0000,     0,27.8,32.1,44.4, 20,     1,     6, 0.0000, 0.0000
M5,28/06/23,15:46:28,     1,  1122,   424, 1004.9, 300,23.9,32.7, 0.0,  0, 0.0000,     0,27.8,32.1,44.4, 20,     1,     7, 0.0000, 0.0000
M5,28/06/23,15:46:29,     1,  1123,   424, 1004.9, 300,24.1,32.7, 0.0,  0, 0.0000,     0,27.8,32.1,44.4, 20,     1,     8, 0.0000, 0.0000
M5,28/06/23,15:46:30,     1,  1124,   424, 1004.9, 300,24.1,32.7, 0.0,  0, 0.0000,     0,27.8,32.1,44.4, 20,     1,     9, 0.0000, 0.0000
M5,28/06/23,15:46:31,     1,  1125,   425, 1004.9, 300,24.4,32.7, 0.0,  0, 0.0000,     0,27.8,32.2,44.4, 25,     2,    10, 0.0000, 0.0000
M5,28/06/23,15:46:32,     1,  1126,   425, 1004.9, 300,24.4,32.7, 0.0,  0, 0.0000,     0,27.8,32.2,44.4, 25,     2,    11, 0.0000, 0.0000
M5,28/06/23,15:46:33,     1,  1127,   425, 1004.9, 300,24.7,32.7, 0.0,  0, 0.0000,     0,27.8,32.2,44.4, 25,     2,    12, 0.0000, 0.0000
M5,28/06/23,15:46:34,     1,  1128,   426, 1004.9, 300,24.7,32.7, 0.0,  0, 0.0000,     0,27.8,32.2,44.4, 25,     3,    13, 0.3493, 0.3496
M5,28/06/23,15:46:35,     1,  1129,   426, 1004.9, 300,24.7,32.7, 0.0, 21, 0.0000,     0,27.8,32.2,44.4, 25,     3,    14, 0.4037, 0.2208
M5,28/06/23,15:46:36,     1,  1130,   427, 1004.9, 300,24.9,32.7, 0.0, 21, 0.0000,     0,27.8,32.2,44.4, 25,     4,    15, 0.4734, 0.2206
M5,28/06/23,15:46:37,     1,  1131,   427, 1004.9, 300,24.9,32.7, 0.0, 21, 0.0000,     0,27.8,32.2,44.4, 25,     4,    16, 0.4724, 0.3158
M5,28/06/23,15:46:38,     1,  1132,   427, 1004.9, 300,25.2,32.7, 0.0,  0, 0.0000,     0,27.8,32.2,44.4, 25,     5,    17, 0.4736, 0.4086
M5,28/06/23,15:46:39,     1,  1133,   428, 1004.9, 300,25.2,32.7, 0.0,  0, 0.0000,     0,27.8,32.2,44.4, 25,     5,    18, 0.4461, 0.4842
M5,28/06/23,15:46:40,     1,  1134,   428, 1004.9, 300,25.4,32.7, 0.0,  0, 0.0000,     0,27.8,32.2,44.4, 25,     5,    19, 0.4376, 0.5213
M5,28/06/23,15:46:41,     1,  1135,   428, 1004.9, 300,25.4,32.7, 0.0,  0, 0.0000,     0,27.8,32.3,44.4, 25,     5,    20, 0.4207, 0.5246
M5,28/06/23,15:46:42,     1,  1136,   429, 1004.9, 300,25.4,32.7, 0.0,  0, 0.0000,     0,27.8,32.3,44.4, 25,     6,    21, 0.4132, 0.5006
M5,28/06/23,15:46:43,     1,  1137,   429, 1004.9, 300,25.6,32.7, 0.0,  0, 0.0000,     0,27.5,32.3,44.4, 25,     6,    22, 0.4186, 0.4785
M5,28/06/23,15:46:44,     1,  1138,   430, 1004.9, 300,25.6,32.7, 0.0,  0, 0.0000,     0,27.5,32.3,44.4, 25,     7,    23, 0.4184, 0.4500
M5,28/06/23,15:46:45,     1,  1139,   430, 1004.9, 300,25.9,32.7, 0.0,  0, 0.0000,     0,27.5,32.3,44.4, 25,     8,    24, 0.4308, 0.4210
M5,28/06/23,15:46:46,     1,  1140,   430, 1004.9, 300,25.9,32.7, 0.0,  0, 0.0000,     0,27.5,32.3,44.4, 25,     8,    25, 0.4241, 0.4321
M5,28/06/23,15:46:47,     1,  1141,   431, 1004.9, 300,26.1,32.7, 0.0,  0, 0.0000,     0,27.5,32.3,44.4, 25,     8,    26, 0.4229, 0.4459
M5,28/06/23,15:46:48,     1,  1142,   431, 1004.9, 300,26.1,32.7, 0.0,  0, 0.0000,     0,27.5,32.3,44.4, 25,     8,    27, 0.4109, 0.4692
M5,28/06/23,15:46:49,     1,  1143,   431, 1004.9, 300,26.3,32.7, 0.0,  0, 0.0000,     0,27.5,32.3,44.4, 25,     8,    28, 0.4032, 0.4936
M5,28/06/23,15:46:50,     1,  1144,   431, 1004.9, 300,26.3,32.7, 0.0,  0, 0.0000,     0,27.5,32.3,44.4, 25,     8,    29, 0.3928, 0.5013
M5,28/06/23,15:46:51,     1,  1145,   432, 1004.9, 300,26.3,32.7, 0.0,  0, 0.0000,     0,27.5,32.3,44.4, 25,     9,    30, 0.3863, 0.4951
M5,28/06/23,15:46:52,     1,  1146,   432, 1004.9, 300,26.5,32.7, 0.0,  0, 0.0000,     0,27.5,32.3,44.4, 25,     9,    31, 0.3844, 0.4916
M5,28/06/23,15:46:53,     1,  1147,   433, 1004.9, 300,26.5,32.7, 0.0,  0, 0.0000,     0,27.5,32.3,44.4, 25,    10,    32, 0.3809, 0.4778
M5,28/06/23,15:46:54,     1,  1148,   433, 1004.9, 300,26.7,32.7, 0.0,  0, 0.0000,     0,27.5,32.3,44.4, 25,    10,    33, 0.3809, 0.4693
M5,28/06/23,15:46:55,     1,  1149,   433, 1004.9, 300,26.7,32.7, 0.0,  0, 0.0000,     0,27.5,32.3,44.4, 25,    11,    34, 0.3791, 0.4547
M5,28/06/23,15:46:56,     1,  1150,   434, 1004.9, 300,26.8,32.7, 0.0,  0, 0.0000,     0,27.5,32.3,44.4, 25,    11,    35, 0.3799, 0.4458
M5,28/06/23,15:46:57,     1,  1151,   434, 1004.9, 300,26.8,32.7, 0.0,  0, 0.0000,     0,27.5,32.3,44.4, 25,    11,    36, 0.3779, 0.4367
M5,28/06/23,15:46:58,     1,  1152,   434, 1004.9, 300,26.8,32.7, 0.0,  0, 0.0000,     0,27.5,32.3,44.4, 25,    11,    37, 0.3748, 0.4333
M5,28/06/23,15:46:59,     1,  1153,   435, 1004.9, 300,26.9,32.7, 0.0,  0, 0.0000,     0,27.5,32.3,44.4, 25,    12,    38, 0.3740, 0.4319
M5,28/06/23,15:47:00,     1,  1154,   435, 1004.9, 300,26.9,32.7, 0.0,  0, 0.0000,     0,27.5,32.3,44.4, 25,    12,    39, 0.3714, 0.4281
M5,28/06/23,15:47:01,     1,  1155,   435, 1004.9, 300,27.1,32.7, 0.0,  0, 0.0000,     0,27.5,32.3,44.4, 25,    13,    40, 0.3723, 0.4234
M5,28/06/23,15:47:02,     1,  1156,   436, 1004.9, 300,27.1,32.7, 0.0,  0, 0.0000,     0,27.5,32.3,44.4, 25,    13,    41, 0.3717, 0.4142
M5,28/06/23,15:47:03,     1,  1157,   436, 1004.9, 300,27.2,32.7, 0.0,  0, 0.0000,     0,27.5,32.3,44.4, 25,    13,    42, 0.3725, 0.4087
M5,28/06/23,15:47:04,     1,  1158,   437, 1004.9, 300,27.2,32.7, 0.0,  0, 0.0000,     0,27.5,32.3,44.4, 25,    14,    43, 0.3715, 0.4029
M5,28/06/23,15:47:05,     1,  1159,   437, 1004.9, 300,27.2,32.7, 0.0,  0, 0.0000,     0,27.5,32.3,44.4, 25,    14,    44, 0.3705, 0.3983
M5,28/06/23,15:47:06,     1,  1160,   437, 1004.9, 300,27.4,32.7, 0.0,  0, 0.0000,     0,27.5,32.3,44.4, 25,    14,    45, 0.3700, 0.3989
M5,28/06/23,15:47:07,     1,  1161,   437, 1004.9, 300,27.4,32.7, 0.0,  0, 0.0000,     0,27.5,32.3,44.4, 25,    14,    46, 0.3682, 0.3980
M5,28/06/23,15:47:08,     1,  1162,   438, 1004.9, 300,27.4,32.7, 0.0,  0, 0.0000,     0,27.5,32.3,44.4, 25,    15,    47, 0.3675, 0.3980
M5,28/06/23,15:47:09,     1,  1163,   438, 1004.9, 300,27.4,32.7, 0.0,  0, 0.0000,     0,27.5,32.3,44.4, 25,    15,    48, 0.3659, 0.3968
M5,28/06/23,15:47:10,     1,  1164,   439, 1004.9, 300,27.6,32.7, 0.0,  0, 0.0000,     0,27.5,32.3,44.4, 25,    16,    49, 0.3670, 0.3930
M5,28/06/23,15:47:11,     1,  1165,   439, 1004.9, 300,27.6,32.7, 0.0,  0, 0.0000,     0,27.5,32.3,44.4, 25,    16,    50, 0.3670, 0.3866
M5,28/06/23,15:47:12,     1,  1166,   439, 1004.9, 300,27.7,32.7, 0.0,  0, 0.0000,     0,27.5,32.3,44.4, 25,    17,    51, 0.3681, 0.3827
M5,28/06/23,15:47:13,     1,  1167,   440, 1004.9, 300,27.7,32.7, 0.0,  0, 0.0000,     0,27.5,32.3,44.4, 25,    17,    52, 0.3678, 0.3787
M5,28/06/23,15:47:14,     1,  1168,   440, 1004.9, 300,27.7,32.7, 0.0,  0, 0.0000,     0,27.5,32.3,44.4, 25,    17,    53, 0.3674, 0.3755
M5,28/06/23,15:47:15,     1,  1169,   441, 1004.9, 300,27.8,32.7, 0.0,  0, 0.0000,     0,27.5,32.3,44.4, 25,    18,    54, 0.3684, 0.3723
M5,28/06/23,15:47:16,     1,  1170,   441, 1004.9, 300,27.8,32.7, 0.0,  0, 0.0000,     0,27.5,32.3,44.4, 25,    18,    55, 0.3691, 0.3660
M5,28/06/23,15:47:17,     1,  1171,   442, 1004.9, 300,27.9,32.7, 0.0,  0, 0.0000,     0,27.5,32.3,44.4, 25,    19,    56, 0.3711, 0.3586
M5,28/06/23,15:47:18,     1,  1172,   443, 1004.9, 300,27.9,32.7, 0.0,  0, 0.0000,     0,27.5,32.3,44.4, 25,    20,    57, 0.3730, 0.3495
M5,28/06/23,15:47:19,     1,  1173,   443, 1004.9, 300,28.0,32.7, 0.0,  0, 0.0000,     0,27.5,32.3,44.4, 25,    20,    58, 0.3757, 0.3438
M5,28/06/23,15:47:20,     1,  1174,   443, 1004.9, 300,28.0,32.7, 0.0,  0, 0.0000,     0,27.5,32.2,44.4, 25,    20,    59, 0.3769, 0.3387
M5,28/06/23,15:47:21,     1,  1175,   444, 1004.9, 300,28.0,32.7, 0.0,  0, 0.0000,     0,27.5,32.2,44.4, 25,    21,    60, 0.3779, 0.3352
R5,28/06/23,15:47:21,     1,  1175,   444, 1004.9, 300,28.0,32.7, 0.0,  0, 0.0000,     0,27.5,32.2,44.4, 25,    21,    60, 0.3779, 0.3352
End
Start
M5,28/06/23,15:48:06,     1,  1220,   414, 1004.9, 300,23.4,32.7, 0.0,  0, 0.0000,     0,27.2,32.4,44.4, 20,     1,     1, 0.0000, 0.0000
M5,28/06/23,15:48:07,     1,  1221,   415, 1004.9, 300,23.4,32.7, 0.0,  0, 0.0000,     0,27.2,32.5,44.4, 20,     2,     2, 0.0000, 0.0000
M5,28/06/23,15:48:08,     1,  1222,   415, 1004.9, 300,23.6,32.7, 0.0,  0, 0.0000,     0,27.2,32.5,44.4, 20,     2,     3, 0.0000, 0.0000
M5,28/06/23,15:48:09,     1,  1223,   416, 1004.9, 300,23.6,32.7, 0.0,  0, 0.0000,     0,27.2,32.5,44.4, 20,     3,     4, 0.0000, 0.0000
M5,28/06/23,15:48:10,     1,  1224,   416, 1004.9, 300,23.8,32.7, 0.0,  0, 0.0000,     0,27.2,32.6,44.4, 20,     3,     5, 0.0000, 0.0000
M5,28/06/23,15:48:11,     1,  1225,   416, 1004.9, 300,23.8,32.7, 0.0,  0, 0.0000,     0,27.2,32.6,44.4, 20,     3,     6, 0.0000, 0.0000
M5,28/06/23,15:48:12,     1,  1226,   417, 1004.9, 300,24.1,32.8, 0.0,  0, 0.0000,     0,27.2,32.6,44.4, 20,     4,     7, 0.0000, 0.0000
M5,28/06/23,15:48:13,     1,  1227,   417, 1004.9, 300,24.1,32.8, 0.0,  0, 0.0000,     0,27.2,32.7,44.4, 20,     4,     8, 0.0000, 0.0000
M5,28/06/23,15:48:14,     1,  1228,   417, 1004.9, 300,24.1,32.8, 0.0,  0, 0.0000,     0,27.2,32.7,44.4, 20,     4,     9, 0.0000, 0.0000
M5,28/06/23,15:48:15,     1,  1229,   418, 1004.8, 300,24.4,32.8, 0.0,  0, 0.0000,     0,27.2,32.7,44.4, 25,     4,    10, 0.0000, 0.0000
M5,28/06/23,15:48:16,     1,  1230,   418, 1004.8, 300,24.4,32.8, 0.0,  0, 0.0000,     0,27.2,32.7,44.4, 25,     5,    11, 0.0000, 0.0000
M5,28/06/23,15:48:17,     1,  1231,   419, 1004.8, 300,24.7,32.8, 0.0,  0, 0.0000,     0,27.2,32.8,44.4, 25,     5,    12, 0.0000, 0.0000
M5,28/06/23,15:48:18,     1,  1232,   419, 1004.9, 300,24.7,32.8, 0.0,  0, 0.0000,     0,27.2,32.8,44.4, 25,     5,    13, 0.3660, 0.4954
M5,28/06/23,15:48:19,     1,  1233,   419, 1004.9, 300,25.0,32.8, 0.0,  0, 0.0000,     0,27.2,32.8,44.4, 25,     5,    14, 0.3047, 0.5766
M5,28/06/23,15:48:20,     1,  1234,   419, 1004.9, 300,25.0,32.8, 0.0,  0, 0.0000,     0,27.2,32.8,44.4, 25,     6,    15, 0.2796, 0.4486
M5,28/06/23,15:48:21,     1,  1235,   420, 1004.9, 300,25.0,32.8, 0.0,  0, 0.0000,     0,27.2,32.8,44.4, 25,     6,    16, 0.2906, 0.3178
M5,28/06/23,15:48:22,     1,  1236,   420, 1004.9, 300,25.2,32.8, 0.0, 21, 0.0000,     0,27.2,32.9,44.4, 25,     7,    17, 0.3389, 0.2206
M5,28/06/23,15:48:23,     1,  1237,   421, 1004.9, 300,25.2,32.8, 0.0, 21, 0.0000,     0,27.2,32.9,44.4, 25,     8,    18, 0.3725, 0.1544
M5,28/06/23,15:48:24,     1,  1238,   421, 1004.9, 300,25.5,32.8, 0.0, 21, 0.0000,     0,27.2,32.9,44.4, 25,     8,    19, 0.4067, 0.1602
M5,28/06/23,15:48:25,     1,  1239,   422, 1004.9, 300,25.5,32.8, 0.0, 21, 0.0000,     0,27.2,32.9,44.4, 25,     9,    20, 0.4286, 0.1567
M5,28/06/23,15:48:26,     1,  1240,   422, 1004.9, 300,25.7,32.8, 0.0, 21, 0.0000,     0,27.2,32.9,44.4, 25,     9,    21, 0.4329, 0.2444
M5,28/06/23,15:48:27,     1,  1241,   423, 1004.9, 300,25.7,32.8, 0.0, 21, 0.0000,     0,27.2,32.9,44.4, 25,     9,    22, 0.4356, 0.2711
M5,28/06/23,15:48:28,     1,  1242,   423, 1004.9, 300,26.0,32.8, 0.0, 21, 0.0000,     0,27.2,32.9,44.4, 25,    10,    23, 0.4415, 0.3108
M5,28/06/23,15:48:29,     1,  1243,   423, 1004.9, 300,26.0,32.8, 0.0,  0, 0.0000,     0,27.2,32.9,44.4, 25,    10,    24, 0.4372, 0.3410
M5,28/06/23,15:48:30,     1,  1244,   424, 1004.9, 300,26.0,32.8, 0.0,  0, 0.0000,     0,27.2,33.0,44.4, 25,    10,    25, 0.4318, 0.3670
M5,28/06/23,15:48:31,     1,  1245,   424, 1004.9, 300,26.2,32.8, 0.0,  0, 0.0000,     0,27.2,33.0,44.4, 25,    11,    26, 0.4320, 0.3943
M5,28/06/23,15:48:32,     1,  1246,   424, 1004.9, 300,26.2,32.8, 0.0,  0, 0.0000,     0,27.2,32.9,44.4, 25,    11,    27, 0.4258, 0.4107
M5,28/06/23,15:48:33,     1,  1247,   425, 1004.9, 300,26.4,32.8, 0.0,  0, 0.0000,     0,27.2,33.0,44.4, 25,    11,    28, 0.4245, 0.4274
M5,28/06/23,15:48:34,     1,  1248,   425, 1004.9, 300,26.4,32.8, 0.0,  0, 0.0000,     0,27.2,33.0,44.4, 25,    12,    29, 0.4185, 0.4362
M5,28/06/23,15:48:35,     1,  1249,   425, 1004.9, 300,26.6,32.8, 0.0,  0, 0.0000,     0,27.2,33.0,44.4, 25,    12,    30, 0.4191, 0.4400
M5,28/06/23,15:48:36,     1,  1250,   426, 1004.9, 300,26.6,32.8, 0.0,  0, 0.0000,     0,27.2,33.0,44.4, 25,    12,    31, 0.4151, 0.4407
M5,28/06/23,15:48:37,     1,  1251,   426, 1004.9, 300,26.6,32.8, 0.0,  0, 0.0000,     0,27.2,33.0,44.4, 25,    13,    32, 0.4144, 0.4303
M5,28/06/23,15:48:38,     1,  1252,   427, 1004.9, 300,26.8,32.8, 0.0,  0, 0.0000,     0,27.2,33.0,44.4, 25,    14,    33, 0.4208, 0.4121
M5,28/06/23,15:48:39,     1,  1253,   428, 1004.9, 300,26.8,32.8, 0.0,  0, 0.0000,     0,27.2,33.0,44.4, 25,    15,    34, 0.4252, 0.3905
M5,28/06/23,15:48:40,     1,  1254,   428, 1004.9, 300,26.9,32.8, 0.0,  0, 0.0000,     0,27.2,33.0,44.4, 25,    15,    35, 0.4317, 0.3773
M5,28/06/23,15:48:41,     1,  1255,   429, 1004.9, 300,26.9,32.8, 0.0,  0, 0.0000,     0,27.2,33.0,44.4, 25,    16,    36, 0.4351, 0.3659
M5,28/06/23,15:48:42,     1,  1256,   429, 1004.9, 300,27.1,32.8, 0.0,  0, 0.0000,     0,27.2,33.0,44.4, 25,    16,    37, 0.4403, 0.3600
M5,28/06/23,15:48:43,     1,  1257,   430, 1004.9, 300,27.1,32.8, 0.0,  0, 0.0000,     0,27.2,33.0,44.4, 25,    16,    38, 0.4419, 0.3582
M5,28/06/23,15:48:44,     1,  1258,   430, 1004.9, 300,27.1,32.8, 0.0,  0, 0.0000,     0,27.2,33.0,44.4, 25,    17,    39, 0.4424, 0.3607
M5,28/06/23,15:48:45,     1,  1259,   430, 1004.9, 300,27.2,32.8, 0.0,  0, 0.0000,     0,27.2,33.0,44.4, 25,    17,    40, 0.4451, 0.3646
M5,28/06/23,15:48:46,     1,  1260,   431, 1004.9, 300,27.2,32.8, 0.0,  0, 0.0000,     0,27.2,33.0,44.4, 25,    17,    41, 0.4438, 0.3728
M5,28/06/23,15:48:47,     1,  1261,   431, 1004.9, 300,27.4,32.8, 0.0,  0, 0.0000,     0,27.2,33.0,44.4, 25,    17,    42, 0.4427, 0.3897
M5,28/06/23,15:48:48,     1,  1262,   431, 1004.9, 300,27.4,32.8, 0.0,  0, 0.0000,     0,27.2,33.0,44.4, 25,    17,    43, 0.4377, 0.4083
M5,28/06/23,15:48:49,     1,  1263,   431, 1004.9, 300,27.5,32.8, 0.0,  0, 0.0000,     0,27.2,33.0,44.4, 25,    18,    44, 0.4342, 0.4250
M5,28/06/23,15:48:50,     1,  1264,   431, 1004.9, 300,27.5,32.8, 0.0,  0, 0.0000,     0,27.2,33.0,44.4, 25,    18,    45, 0.4304, 0.4349
M5,28/06/23,15:48:51,     1,  1265,   432, 1004.9, 300,27.6,32.8, 0.0,  0, 0.0000,     0,26.9,33.0,44.4, 25,    18,    46, 0.4280, 0.4444
M5,28/06/23,15:48:52,     1,  1266,   432, 1004.9, 300,27.6,32.8, 0.0,  0, 0.0000,     0,26.9,33.0,44.4, 25,    19,    47, 0.4250, 0.4490
M5,28/06/23,15:48:53,     1,  1267,   433, 1004.9, 300,27.6,32.8, 0.0,  0, 0.0000,     0,26.9,33.0,44.4, 25,    19,    48, 0.4227, 0.4508
M5,28/06/23,15:48:54,     1,  1268,   433, 1004.9, 300,27.7,32.8, 0.0,  0, 0.0000,     0,26.9,33.0,44.4, 25,    20,    49, 0.4223, 0.4519
M5,28/06/23,15:48:55,     1,  1269,   433, 1004.9, 300,27.7,32.8, 0.0,  0, 0.0000,     0,26.9,33.0,44.4, 25,    20,    50, 0.4198, 0.4540
M5,28/06/23,15:48:56,     1,  1270,   434, 1004.9, 300,27.9,32.8, 0.0,  0, 0.0000,     0,26.9,33.0,44.4, 25,    20,    51, 0.4185, 0.4570
M5,28/06/23,15:48:57,     1,  1271,   434, 1004.9, 300,27.9,32.8, 0.0,  0, 0.0000,     0,26.9,33.0,44.4, 25,    21,    52, 0.4161, 0.4587
M5,28/06/23,15:48:58,     1,  1272,   435, 1004.9, 300,28.0,32.8, 0.0,  0, 0.0000,     0,26.9,33.0,44.4, 25,    21,    53, 0.4154, 0.4597
M5,28/06/23,15:48:59,     1,  1273,   435, 1004.9, 300,28.0,32.8, 0.0,  0, 0.0000,     0,26.9,32.9,44.4, 25,    22,    54, 0.4144, 0.4562
M5,28/06/23,15:49:00,     1,  1274,   436, 1004.9, 300,28.0,32.8, 0.0,  0, 0.0000,     0,26.9,32.9,44.4, 25,    22,    55, 0.4137, 0.4520
M5,28/06/23,15:49:01,     1,  1275,   436, 1004.9, 300,28.1,32.8, 0.0,  0, 0.0000,     0,26.9,32.9,44.4, 25,    23,    56, 0.4135, 0.4495
M5,28/06/23,15:49:02,     1,  1276,   437, 1004.9, 300,28.1,32.8, 0.0,  0, 0.0000,     0,26.9,32.9,44.4, 25,    23,    57, 0.4129, 0.4456
M5,28/06/23,15:49:03,     1,  1277,   437, 1004.9, 300,28.1,32.8, 0.0,  0, 0.0000,     0,26.9,32.9,44.4, 25,    24,    58, 0.4131, 0.4419
M5,28/06/23,15:49:04,     1,  1278,   438, 1004.9, 300,28.1,32.8, 0.0,  0, 0.0000,     0,26.9,32.9,44.4, 25,    24,    59, 0.4129, 0.4374
M5,28/06/23,15:49:05,     1,  1279,   438, 1004.9, 300,28.2,32.8, 0.0,  0, 0.0000,     0,26.9,32.9,44.4, 25,    25,    60, 0.4137, 0.4335
R5,28/06/23,15:49:05,     1,  1279,   438, 1004.9, 300,28.2,32.8, 0.0,  0, 0.0000,     0,26.9,32.9,44.4, 25,    25,    60, 0.4137, 0.4335
End
Start
M5,28/06/23,15:50:04,     1,  1337,   441, 1004.8, 300,23.9,32.9, 0.0,  0, 0.0000,     0,26.7,32.6,44.2, 20,     1,     1, 0.0000, 0.0000
M5,28/06/23,15:50:05,     1,  1338,   442, 1004.8, 300,23.9,32.9, 0.0,  0, 0.0000,     0,26.7,32.6,44.2, 20,     2,     2, 0.0000, 0.0000
M5,28/06/23,15:50:06,     1,  1339,   442, 1004.8, 300,24.1,32.9, 0.0,  0, 0.0000,     0,26.7,32.6,44.2, 20,     2,     3, 0.0000, 0.0000
M5,28/06/23,15:50:07,     1,  1340,   443, 1004.8, 300,24.1,32.9, 0.0,  0, 0.0000,     0,26.7,32.6,44.2, 20,     3,     4, 0.0000, 0.0000
M5,28/06/23,15:50:08,     1,  1341,   444, 1004.8, 300,24.3,32.9, 0.0,  0, 0.0000,     0,26.7,32.6,44.2, 20,     4,     5, 0.0000, 0.0000
M5,28/06/23,15:50:09,     1,  1342,   444, 1004.8, 300,24.3,32.9, 0.0,  0, 0.0000,     0,26.7,32.6,44.2, 20,     4,     6, 0.0000, 0.0000
M5,28/06/23,15:50:10,     1,  1343,   444, 1004.8, 300,24.3,32.9, 0.0,  0, 0.0000,     0,26.7,32.6,44.2, 20,     4,     7, 0.0000, 0.0000
M5,28/06/23,15:50:11,     1,  1344,   445, 1004.8, 300,24.5,32.9, 0.0,  0, 0.0000,     0,26.7,32.6,44.2, 20,     5,     8, 0.0000, 0.0000
M5,28/06/23,15:50:12,     1,  1345,   445, 1004.8, 300,24.5,32.9, 0.0,  0, 0.0000,     0,26.7,32.6,44.2, 20,     5,     9, 0.0000, 0.0000
M5,28/06/23,15:50:13,     1,  1346,   445, 1004.8, 300,24.8,32.9, 0.0,  0, 0.0000,     0,26.7,32.6,44.2, 25,     5,    10, 0.0000, 0.0000
M5,28/06/23,15:50:14,     1,  1347,   446, 1004.8, 300,24.8,32.9, 0.0,  0, 0.0000,     0,26.7,32.6,44.2, 25,     6,    11, 0.0000, 0.0000
M5,28/06/23,15:50:15,     1,  1348,   446, 1004.8, 300,25.0,32.9, 0.0,  0, 0.0000,     0,26.7,32.6,44.2, 25,     6,    12, 0.0000, 0.0000
M5,28/06/23,15:50:16,     1,  1349,   447, 1004.8, 300,25.0,32.9, 0.0,  0, 0.0000,     0,26.7,32.6,44.2, 25,     7,    13, 0.6197, 0.5022
M5,28/06/23,15:50:17,     1,  1350,   448, 1004.8, 300,25.0,32.9, 0.0,  0, 0.0000,     0,26.7,32.6,44.2, 25,     8,    14, 0.6265, 0.5361
M5,28/06/23,15:50:18,     1,  1351,   448, 1004.8, 300,25.3,32.9, 0.0,  0, 0.0000,     0,26.7,32.6,44.2, 25,     8,    15, 0.6322, 0.6309
M5,28/06/23,15:50:19,     1,  1352,   449, 1004.8, 300,25.3,32.9, 0.0,  0, 0.0000,     0,26.7,32.6,44.2, 25,     9,    16, 0.6077, 0.6629
M5,28/06/23,15:50:20,     1,  1353,   449, 1004.8, 300,25.6,32.9, 0.0,  0, 0.0000,     0,26.7,32.6,44.2, 25,     9,    17, 0.6171, 0.6555
M5,28/06/23,15:50:21,     1,  1354,   450, 1004.8, 300,25.6,32.9, 0.0,  0, 0.0000,     0,26.7,32.6,44.2, 25,    10,    18, 0.6144, 0.6255
M5,28/06/23,15:50:22,     1,  1355,   451, 1004.8, 300,25.8,32.9, 0.0,  0, 0.0000,     0,26.7,32.6,44.2, 25,    11,    19, 0.6241, 0.6120
M5,28/06/23,15:50:23,     1,  1356,   451, 1004.8, 300,25.8,32.9, 0.0,  0, 0.0000,     0,26.7,32.6,44.2, 25,    11,    20, 0.6175, 0.6162
M5,28/06/23,15:50:24,     1,  1357,   452, 1004.8, 300,26.0,32.9, 0.0,  0, 0.0000,     0,26.7,32.6,44.2, 25,    12,    21, 0.6111, 0.6546
M5,28/06/23,15:50:25,     1,  1358,   452, 1004.8, 300,26.0,32.9, 0.0,  0, 0.0000,     0,26.7,32.6,44.2, 25,    12,    22, 0.5921, 0.6836
M5,28/06/23,15:50:26,     1,  1359,   452, 1004.8, 300,26.0,32.9, 0.0,  0, 0.0000,     0,26.7,32.6,44.2, 25,    12,    23, 0.5773, 0.6920
M5,28/06/23,15:50:27,     1,  1360,   452, 1004.8, 300,26.2,32.9, 0.0,  0, 0.0000,     0,26.7,32.6,44.2, 25,    12,    24, 0.5548, 0.7452
M5,28/06/23,15:50:28,     1,  1361,   453, 1004.8, 300,26.2,32.9, 0.0,  0, 0.0000,     0,26.7,32.6,44.2, 25,    13,    25, 0.5308, 0.7659
M5,28/06/23,15:50:29,     1,  1362,   453, 1004.8, 300,26.4,32.9, 0.0,  0, 0.0000,     0,26.7,32.6,44.2, 25,    13,    26, 0.5161, 0.7760
M5,28/06/23,15:50:30,     1,  1363,   453, 1004.8, 300,26.4,32.9, 0.0,  0, 0.0000,     0,26.7,32.6,44.2, 25,    13,    27, 0.4983, 0.7703
M5,28/06/23,15:50:31,     1,  1364,   454, 1004.8, 300,26.5,32.9, 0.0,  0, 0.0000,     0,26.7,32.6,44.2, 25,    14,    28, 0.4893, 0.7542
M5,28/06/23,15:50:32,     1,  1365,   455, 1004.8, 300,26.5,32.9, 0.0,  0, 0.0000,     0,26.7,32.6,44.2, 25,    15,    29, 0.4888, 0.6975
M5,28/06/23,15:50:33,     1,  1366,   458, 1004.8, 300,26.5,32.9, 0.0,  0, 0.0000,     0,26.7,32.6,44.2, 25,    18,    30, 0.5176, 0.5567
M5,28/06/23,15:50:34,     1,  1367,   462, 1004.8, 300,26.8,32.9, 0.0, 21, 0.0000,     0,26.7,32.6,44.2, 25,    22,    31, 0.5852, 0.3357
M5,28/06/23,15:50:35,     1,  1368,   466, 1004.8, 300,26.8,32.9, 0.0, 21, 0.0000,     0,26.7,32.6,44.2, 25,    26,    32, 0.6683, 0.0866
M5,28/06/23,15:50:36,     1,  1369,   471, 1004.8, 300,26.9,32.9, 0.0, 21, 0.0000,     0,26.7,32.6,44.2, 25,    31,    33, 0.7720,-0.1713
M5,28/06/23,15:50:37,     1,  1370,   475, 1004.8, 300,26.9,32.9, 0.0, 21, 0.0000,     0,26.7,32.6,44.2, 25,    35,    34, 0.8836,-0.4203
M5,28/06/23,15:50:38,     1,  1371,   480, 1004.8, 300,27.1,32.9, 0.0, 21, 0.0000,     0,26.7,32.6,44.2, 25,    39,    35, 1.0016,-0.6323
M5,28/06/23,15:50:39,     1,  1372,   484, 1004.8, 300,27.1,32.9, 0.0, 21, 0.0000,     0,26.7,32.6,44.3, 25,    44,    36, 1.1157,-0.8077
M5,28/06/23,15:50:40,     1,  1373,   487, 1004.8, 300,27.1,32.9, 0.0, 21, 0.0000,     0,26.7,32.6,44.3, 25,    47,    37, 1.2253,-0.9379
M5,28/06/23,15:50:41,     1,  1374,   490, 1004.8, 300,27.1,32.9, 0.0, 21, 0.0000,     0,26.7,32.6,44.3, 25,    50,    38, 1.3255,-1.0090
R5,28/06/23,15:50:41,     1,  1374,   490, 1004.8, 300,27.1,32.9, 0.0, 21, 0.0000,     0,26.7,32.6,44.3, 25,    50,    38, 1.3255,-1.0090
End
Start
M5,28/06/23,15:56:05,     2,  1696,   449, 1004.7, 299,23.2,33.4, 0.0,  0, 0.0000,     0,26.2,31.7,38.1, 20,     2,     1, 0.0000, 0.0000
M5,28/06/23,15:56:06,     2,  1697,   450, 1004.7, 299,23.2,33.4, 0.0,  0, 0.0000,     0,26.2,31.7,38.1, 20,     4,     2, 0.0000, 0.0000
M5,28/06/23,15:56:07,     2,  1698,   452, 1004.7, 301,23.2,33.4, 0.0,  0, 0.0000,     0,26.2,31.7,38.1, 20,     5,     3, 0.0000, 0.0000
M5,28/06/23,15:56:08,     2,  1699,   453, 1004.7, 301,23.2,33.4, 0.0,  0, 0.0000,     0,26.2,31.7,38.1, 20,     6,     4, 0.0000, 0.0000
M5,28/06/23,15:56:09,     2,  1700,   454, 1004.7, 300,23.3,33.4, 0.0,  0, 0.0000,     0,26.2,31.7,38.1, 20,     7,     5, 0.0000, 0.0000
M5,28/06/23,15:56:10,     2,  1701,   455, 1004.7, 300,23.3,33.4, 0.0,  0, 0.0000,     0,26.2,31.7,38.1, 20,     8,     6, 0.0000, 0.0000
M5,28/06/23,15:56:11,     2,  1702,   456, 1004.7, 300,23.5,33.4, 0.0,  0, 0.0000,     0,26.2,31.7,38.1, 20,     9,     7, 0.0000, 0.0000
M5,28/06/23,15:56:12,     2,  1703,   457, 1004.7, 301,23.5,33.4, 0.0,  0, 0.0000,     0,26.2,31.7,38.1, 20,    10,     8, 0.0000, 0.0000
M5,28/06/23,15:56:13,     2,  1704,   458, 1004.7, 301,23.5,33.4, 0.0,  0, 0.0000,     0,26.2,31.7,38.1, 20,    11,     9, 0.0000, 0.0000
M5,28/06/23,15:56:14,     2,  1705,   458, 1004.7, 301,23.6,33.4, 0.0,  0, 0.0000,     0,26.2,31.7,38.1, 25,    12,    10, 0.0000, 0.0000
M5,28/06/23,15:56:15,     2,  1706,   459, 1004.7, 300,23.6,33.4, 0.0,  0, 0.0000,     0,26.2,31.7,38.1, 25,    13,    11, 0.0000, 0.0000
M5,28/06/23,15:56:16,     2,  1707,   460, 1004.8, 300,23.7,33.4, 0.0,  0, 0.0000,     0,26.2,31.7,38.1, 25,    14,    12, 0.0000, 0.0000
M5,28/06/23,15:56:17,     2,  1708,   461, 1004.8, 301,23.7,33.4, 0.0,  0, 0.0000,     0,26.2,31.7,38.1, 25,    15,    13, 1.1550, 1.3042
M5,28/06/23,15:56:18,     2,  1709,   462, 1004.8, 300,23.8,33.4, 0.0,  0, 0.0000,     0,26.2,31.7,38.1, 25,    16,    14, 1.1702, 1.2220
M5,28/06/23,15:56:19,     2,  1710,   463, 1004.8, 300,23.8,33.4, 0.0,  0, 0.0000,     0,26.2,31.7,38.1, 25,    16,    15, 1.1450, 1.2276
M5,28/06/23,15:56:20,     2,  1711,   464, 1004.8, 300,23.8,33.4, 0.0,  0, 0.0000,     0,26.2,31.7,38.1, 25,    17,    16, 1.1217, 1.2291
M5,28/06/23,15:56:21,     2,  1712,   465, 1004.8, 300,23.9,33.4, 0.0,  0, 0.0000,     0,26.2,31.7,38.1, 25,    18,    17, 1.1086, 1.2268
M5,28/06/23,15:56:22,     2,  1713,   466, 1004.8, 300,23.9,33.4, 0.0,  0, 0.0000,     0,26.2,31.7,38.1, 25,    19,    18, 1.1054, 1.1796
M5,28/06/23,15:56:23,     2,  1714,   467, 1004.8, 300,24.0,33.4, 0.0,  0, 0.0000,     0,26.2,31.7,38.1, 25,    20,    19, 1.1071, 1.1720
M5,28/06/23,15:56:24,     2,  1715,   468, 1004.8, 300,24.0,33.4, 0.0,  0, 0.0000,     0,26.2,31.7,38.1, 25,    21,    20, 1.1079, 1.1389
M5,28/06/23,15:56:25,     2,  1716,   469, 1004.8, 300,24.1,33.4, 0.0,  0, 0.0000,     0,26.2,31.7,38.1, 25,    22,    21, 1.1177, 1.1127
M5,28/06/23,15:56:26,     2,  1717,   470, 1004.8, 300,24.1,33.4, 0.0,  0, 0.0000,     0,26.2,31.7,38.1, 25,    23,    22, 1.1168, 1.1074
M5,28/06/23,15:56:27,     2,  1718,   470, 1004.8, 300,24.1,33.4, 0.0,  0, 0.0000,     0,26.2,31.7,38.1, 25,    24,    23, 1.1134, 1.1123
M5,28/06/23,15:56:28,     2,  1719,   471, 1004.8, 300,24.3,33.4, 0.0,  0, 0.0000,     0,26.2,31.7,38.1, 25,    25,    24, 1.1146, 1.1259
M5,28/06/23,15:56:29,     2,  1720,   472, 1004.8, 300,24.3,33.4, 0.0,  0, 0.0000,     0,26.2,31.8,38.1, 25,    25,    25, 1.1033, 1.1515
M5,28/06/23,15:56:30,     2,  1721,   472, 1004.8, 300,24.4,33.4, 0.0,  0, 0.0000,     0,26.2,31.8,38.1, 25,    26,    26, 1.0895, 1.1937
M5,28/06/23,15:56:31,     2,  1722,   473, 1004.7, 300,24.4,33.4, 0.0,  0, 0.0000,     0,26.2,31.8,38.1, 25,    26,    27, 1.0691, 1.2320
M5,28/06/23,15:56:32,     2,  1723,   474, 1004.7, 300,24.4,33.4, 0.0,  0, 0.0000,     0,26.2,31.7,38.1, 25,    27,    28, 1.0517, 1.2566
M5,28/06/23,15:56:33,     2,  1724,   474, 1004.7, 300,24.4,33.4, 0.0,  0, 0.0000,     0,26.2,31.7,38.1, 25,    28,    29, 1.0377, 1.2596
M5,28/06/23,15:56:34,     2,  1725,   475, 1004.7, 300,24.5,33.4, 0.0,  0, 0.0000,     0,26.2,31.7,38.1, 25,    29,    30, 1.0305, 1.2542
M5,28/06/23,15:56:35,     2,  1726,   476, 1004.7, 300,24.5,33.4, 0.0,  0, 0.0000,     0,26.2,31.7,38.1, 25,    29,    31, 1.0223, 1.2387
M5,28/06/23,15:56:36,     2,  1727,   477, 1004.7, 300,24.5,33.4, 0.0,  0, 0.0000,     0,26.2,31.7,38.1, 25,    30,    32, 1.0139, 1.2274
M5,28/06/23,15:56:37,     2,  1728,   478, 1004.7, 300,24.6,33.4, 0.0,  0, 0.0000,     0,26.2,31.7,38.1, 25,    31,    33, 1.0108, 1.2149
M5,28/06/23,15:56:38,     2,  1729,   479, 1004.8, 300,24.6,33.4, 0.0,  0, 0.0000,     0,25.9,31.7,38.1, 25,    32,    34, 1.0076, 1.1907
M5,28/06/23,15:56:39,     2,  1730,   480, 1004.8, 300,24.7,33.4, 0.0,  0, 0.0000,     0,25.9,31.7,38.1, 25,    33,    35, 1.0106, 1.1580
M5,28/06/23,15:56:40,     2,  1731,   481, 1004.8, 300,24.7,33.4, 0.0,  0, 0.0000,     0,25.9,31.7,38.1, 25,    34,    36, 1.0148, 1.1186
M5,28/06/23,15:56:41,     2,  1732,   482, 1004.8, 300,24.8,33.4, 0.0,  0, 0.0000,     0,25.9,31.7,38.1, 25,    36,    37, 1.0226, 1.0798
M5,28/06/23,15:56:42,     2,  1733,   483, 1004.8, 300,24.8,33.4, 0.0,  0, 0.0000,     0,25.9,31.7,38.1, 25,    36,    38, 1.0277, 1.0504
M5,28/06/23,15:56:43,     2,  1734,   484, 1004.8, 300,24.8,33.4, 0.0,  0, 0.0000,     0,25.9,31.7,38.1, 25,    37,    39, 1.0318, 1.0291
M5,28/06/23,15:56:44,     2,  1735,   485, 1004.8, 300,24.9,33.4, 0.0,  0, 0.0000,     0,25.9,31.7,38.1, 25,    38,    40, 1.0366, 1.0154
M5,28/06/23,15:56:45,     2,  1736,   486, 1004.8, 300,24.9,33.4, 0.0,  0, 0.0000,     0,25.9,31.7,38.1, 25,    39,    41, 1.0416, 0.9965
M5,28/06/23,15:56:46,     2,  1737,   487, 1004.8, 300,25.0,33.4, 0.0,  0, 0.0000,     0,25.9,31.7,38.1, 25,    40,    42, 1.0486, 0.9816
M5,28/06/23,15:56:47,     2,  1738,   488, 1004.8, 300,25.0,33.4, 0.0,  0, 0.0000,     0,25.9,31.7,38.1, 25,    41,    43, 1.0528, 0.9707
M5,28/06/23,15:56:48,     2,  1739,   489, 1004.8, 300,25.0,33.4, 0.0,  0, 0.0000,     0,25.9,31.7,38.1, 25,    42,    44, 1.0567, 0.9689
M5,28/06/23,15:56:49,     2,  1740,   489, 1004.8, 300,25.0,33.4, 0.0,  0, 0.0000,     0,25.9,31.7,38.1, 25,    42,    45, 1.0566, 0.9751
M5,28/06/23,15:56:50,     2,  1741,   490, 1004.8, 300,25.0,33.4, 0.0,  0, 0.0000,     0,25.9,31.7,38.1, 25,    43,    46, 1.0565, 0.9810
M5,28/06/23,15:56:51,     2,  1742,   491, 1004.8, 300,25.1,33.3, 0.0,  0, 0.0000,     0,25.9,31.7,38.1, 25,    44,    47, 1.0559, 0.9900
M5,28/06/23,15:56:52,     2,  1743,   492, 1004.8, 300,25.1,33.3, 0.0,  0, 0.0000,     0,25.9,31.7,38.1, 25,    45,    48, 1.0549, 0.9973
M5,28/06/23,15:56:53,     2,  1744,   492, 1004.8, 300,25.1,33.4, 0.0,  0, 0.0000,     0,25.9,31.7,38.1, 25,    46,    49, 1.0545, 1.0075
M5,28/06/23,15:56:54,     2,  1745,   493, 1004.8, 300,25.1,33.4, 0.0,  0, 0.0000,     0,25.9,31.7,38.1, 25,    46,    50, 1.0530, 1.0149
M5,28/06/23,15:56:55,     2,  1746,   494, 1004.8, 300,25.2,33.4, 0.0,  0, 0.0000,     0,25.9,31.7,38.1, 25,    47,    51, 1.0526, 1.0219
M5,28/06/23,15:56:56,     2,  1747,   495, 1004.8, 300,25.2,33.4, 0.0,  0, 0.0000,     0,25.9,31.7,38.1, 25,    48,    52, 1.0507, 1.0292
M5,28/06/23,15:56:57,     2,  1748,   496, 1004.7, 300,25.2,33.4, 0.0,  0, 0.0000,     0,25.9,31.7,38.1, 25,    49,    53, 1.0490, 1.0348
M5,28/06/23,15:56:58,     2,  1749,   496, 1004.7, 300,25.3,33.4, 0.0,  0, 0.0000,     0,25.9,31.7,38.1, 25,    50,    54, 1.0478, 1.0424
M5,28/06/23,15:56:59,     2,  1750,   497, 1004.7, 300,25.3,33.4, 0.0,  0, 0.0000,     0,25.9,31.7,38.1, 25,    50,    55, 1.0460, 1.0475
R5,28/06/23,15:56:59,     2,  1750,   497, 1004.7, 300,25.3,33.4, 0.0,  0, 0.0000,     0,25.9,31.7,38.1, 25,    50,    55, 1.0460, 1.0475
End
Start
M5,28/06/23,15:57:46,     2,  1797,   421, 1004.7, 300,23.2,33.3, 0.0,  0, 0.0000,     0,25.9,31.4,37.9, 20,     2,     1, 0.0000, 0.0000
M5,28/06/23,15:57:47,     2,  1798,   423, 1004.7, 300,23.2,33.3, 0.0,  0, 0.0000,     0,25.9,31.4,37.9, 20,     3,     2, 0.0000, 0.0000
M5,28/06/23,15:57:48,     2,  1799,   424, 1004.7, 300,23.3,33.3, 0.0,  0, 0.0000,     0,25.9,31.4,37.9, 20,     5,     3, 0.0000, 0.0000
M5,28/06/23,15:57:49,     2,  1800,   426, 1004.7, 300,23.3,33.3, 0.0,  0, 0.0000,     0,25.9,31.4,37.9, 20,     6,     4, 0.0000, 0.0000
M5,28/06/23,15:57:51,     2,  1801,   427, 1004.7, 300,23.4,33.3, 0.0,  0, 0.0000,     0,25.9,31.4,37.9, 20,     7,     5, 0.0000, 0.0000
M5,28/06/23,15:57:52,     2,  1802,   428, 1004.7, 300,23.4,33.3, 0.0,  0, 0.0000,     0,25.9,31.4,37.9, 20,     9,     6, 0.0000, 0.0000
M5,28/06/23,15:57:53,     2,  1803,   430, 1004.7, 300,23.4,33.3, 0.0,  0, 0.0000,     0,25.9,31.4,37.9, 20,    10,     7, 0.0000, 0.0000
M5,28/06/23,15:57:54,     2,  1804,   431, 1004.7, 300,23.5,33.3, 0.0,  0, 0.0000,     0,25.6,31.4,37.9, 20,    11,     8, 0.0000, 0.0000
M5,28/06/23,15:57:55,     2,  1805,   432, 1004.7, 300,23.5,33.3, 0.0,  0, 0.0000,     0,25.6,31.4,37.9, 20,    13,     9, 0.0000, 0.0000
M5,28/06/23,15:57:56,     2,  1806,   433, 1004.7, 300,23.6,33.3, 0.0,  0, 0.0000,     0,25.6,31.4,37.9, 25,    14,    10, 0.0000, 0.0000
M5,28/06/23,15:57:57,     2,  1807,   435, 1004.7, 300,23.6,33.3, 0.0,  0, 0.0000,     0,25.6,31.4,37.9, 25,    15,    11, 0.0000, 0.0000
M5,28/06/23,15:57:58,     2,  1808,   436, 1004.7, 300,23.7,33.3, 0.0,  0, 0.0000,     0,25.6,31.4,37.9, 25,    16,    12, 0.0000, 0.0000
M5,28/06/23,15:57:59,     2,  1809,   437, 1004.7, 300,23.7,33.3, 0.0,  0, 0.0000,     0,25.6,31.4,37.8, 25,    17,    13, 1.3987, 1.3963
M5,28/06/23,15:58:00,     2,  1810,   438, 1004.7, 300,23.7,33.3, 0.0,  0, 0.0000,     0,25.6,31.4,37.8, 25,    18,    14, 1.3543, 1.4638
M5,28/06/23,15:58:01,     2,  1811,   439, 1004.7, 300,23.8,33.3, 0.0,  0, 0.0000,     0,25.6,31.4,37.8, 25,    19,    15, 1.3531, 1.4202
M5,28/06/23,15:58:02,     2,  1812,   440, 1004.7, 300,23.8,33.3, 0.0,  0, 0.0000,     0,25.6,31.4,37.8, 25,    21,    16, 1.3742, 1.3281
M5,28/06/23,15:58:03,     2,  1813,   442, 1004.7, 300,23.9,33.3, 0.0,  0, 0.0000,     0,25.6,31.4,37.8, 25,    22,    17, 1.4081, 1.2804
M5,28/06/23,15:58:04,     2,  1814,   443, 1004.7, 300,23.9,33.3, 0.0,  0, 0.0000,     0,25.6,31.4,37.8, 25,    23,    18, 1.4186, 1.2905
M5,28/06/23,15:58:05,     2,  1815,   444, 1004.7, 300,24.0,33.3, 0.0,  0, 0.0000,     0,25.6,31.4,37.8, 25,    24,    19, 1.4078, 1.3820
M5,28/06/23,15:58:06,     2,  1816,   445, 1004.7, 300,24.0,33.3, 0.0,  0, 0.0000,     0,25.6,31.4,37.8, 25,    25,    20, 1.3789, 1.4628
M5,28/06/23,15:58:07,     2,  1817,   445, 1004.7, 300,24.0,33.3, 0.0,  0, 0.0000,     0,25.6,31.4,37.8, 25,    26,    21, 1.3477, 1.5220
M5,28/06/23,15:58:08,     2,  1818,   446, 1004.7, 300,24.1,33.3, 0.0,  0, 0.0000,     0,25.6,31.4,37.8, 25,    27,    22, 1.3278, 1.5453
M5,28/06/23,15:58:09,     2,  1819,   447, 1004.7, 300,24.1,33.3, 0.0,  0, 0.0000,     0,25.6,31.4,37.8, 25,    27,    23, 1.3028, 1.5590
M5,28/06/23,15:58:10,     2,  1820,   448, 1004.7, 300,24.2,33.3, 0.0,  0, 0.0000,     0,25.6,31.4,37.8, 25,    28,    24, 1.2704, 1.6061
M5,28/06/23,15:58:11,     2,  1821,   448, 1004.7, 300,24.2,33.3, 0.0,  0, 0.0000,     0,25.6,31.4,37.8, 25,    29,    25, 1.2360, 1.6327
M5,28/06/23,15:58:12,     2,  1822,   449, 1004.7, 300,24.3,33.3, 0.0,  0, 0.0000,     0,25.6,31.4,37.8, 25,    29,    26, 1.2101, 1.6352
M5,28/06/23,15:58:13,     2,  1823,   450, 1004.7, 300,24.3,33.3, 0.0,  0, 0.0000,     0,25.6,31.4,37.8, 25,    30,    27, 1.1865, 1.6199
M5,28/06/23,15:58:14,     2,  1824,   451, 1004.7, 300,24.4,33.3, 0.0,  0, 0.0000,     0,25.6,31.4,37.8, 25,    31,    28, 1.1729, 1.5890
M5,28/06/23,15:58:15,     2,  1825,   452, 1004.7, 300,24.4,33.3, 0.0,  0, 0.0000,     0,25.6,31.4,37.8, 25,    32,    29, 1.1612, 1.5459
M5,28/06/23,15:58:16,     2,  1826,   453, 1004.7, 300,24.4,33.3, 0.0,  0, 0.0000,     0,25.6,31.4,37.8, 25,    33,    30, 1.1531, 1.5006
M5,28/06/23,15:58:17,     2,  1827,   454, 1004.7, 300,24.4,33.3, 0.0,  0, 0.0000,     0,25.6,31.4,37.8, 25,    34,    31, 1.1471, 1.4660
M5,28/06/23,15:58:18,     2,  1828,   455, 1004.7, 300,24.4,33.3, 0.0,  0, 0.0000,     0,25.6,31.4,37.8, 25,    35,    32, 1.1417, 1.4286
M5,28/06/23,15:58:19,     2,  1829,   456, 1004.7, 300,24.5,33.3, 0.0,  0, 0.0000,     0,25.6,31.4,37.8, 25,    36,    33, 1.1400, 1.3941
M5,28/06/23,15:58:20,     2,  1830,   457, 1004.7, 300,24.5,33.3, 0.0,  0, 0.0000,     0,25.6,31.4,37.8, 25,    37,    34, 1.1361, 1.3656
M5,28/06/23,15:58:21,     2,  1831,   458, 1004.7, 300,24.6,33.3, 0.0,  0, 0.0000,     0,25.6,31.4,37.8, 25,    38,    35, 1.1355, 1.3394
M5,28/06/23,15:58:22,     2,  1832,   459, 1004.7, 300,24.6,33.3, 0.0,  0, 0.0000,     0,25.6,31.4,37.8, 25,    39,    36, 1.1357, 1.3069
M5,28/06/23,15:58:23,     2,  1833,   460, 1004.7, 300,24.6,33.3, 0.0,  0, 0.0000,     0,25.6,31.4,37.8, 25,    40,    37, 1.1348, 1.2833
M5,28/06/23,15:58:24,     2,  1834,   461, 1004.7, 300,24.7,33.3, 0.0,  0, 0.0000,     0,25.6,31.4,37.8, 25,    41,    38, 1.1349, 1.2678
M5,28/06/23,15:58:25,     2,  1835,   461, 1004.7, 300,24.7,33.3, 0.0,  0, 0.0000,     0,25.6,31.4,37.8, 25,    42,    39, 1.1327, 1.2556
M5,28/06/23,15:58:26,     2,  1836,   462, 1004.7, 300,24.7,33.3, 0.0,  0, 0.0000,     0,25.6,31.4,37.8, 25,    43,    40, 1.1312, 1.2475
M5,28/06/23,15:58:27,     2,  1837,   463, 1004.7, 300,24.7,33.3, 0.0,  0, 0.0000,     0,25.6,31.4,37.8, 25,    44,    41, 1.1295, 1.2366
M5,28/06/23,15:58:28,     2,  1838,   464, 1004.7, 300,24.8,33.3, 0.0,  0, 0.0000,     0,25.6,31.4,37.8, 25,    45,    42, 1.1314, 1.2226
M5,28/06/23,15:58:29,     2,  1839,   466, 1004.7, 300,24.8,33.3, 0.0,  0, 0.0000,     0,25.6,31.4,37.8, 25,    46,    43, 1.1329, 1.2041
M5,28/06/23,15:58:30,     2,  1840,   466, 1004.7, 300,24.8,33.3, 0.0,  0, 0.0000,     0,25.6,31.4,37.8, 25,    47,    44, 1.1337, 1.1909
M5,28/06/23,15:58:31,     2,  1841,   467, 1004.7, 300,24.9,33.3, 0.0,  0, 0.0000,     0,25.6,31.4,37.8, 25,    48,    45, 1.1347, 1.1828
M5,28/06/23,15:58:32,     2,  1842,   468, 1004.7, 300,24.9,33.3, 0.0,  0, 0.0000,     0,25.6,31.4,37.8, 25,    48,    46, 1.1342, 1.1771
M5,28/06/23,15:58:33,     2,  1843,   469, 1004.7, 300,25.0,33.3, 0.0,  0, 0.0000,     0,25.6,31.4,37.8, 25,    49,    47, 1.1346, 1.1750
M5,28/06/23,15:58:34,     2,  1844,   470, 1004.7, 300,25.0,33.3, 0.0,  0, 0.0000,     0,25.6,31.4,37.8, 25,    50,    48, 1.1341, 1.1703
R5,28/06/23,15:58:34,     2,  1844,   470, 1004.7, 300,25.0,33.3, 0.0,  0, 0.0000,     0,25.6,31.4,37.8, 25,    50,    48, 1.1341, 1.1703
End
Start
M5,28/06/23,15:59:25,     2,  1895,   419, 1004.7, 300,22.5,33.2, 0.0,  0, 0.0000,     0,25.6,30.9,37.8, 20,     3,     1, 0.0000, 0.0000
M5,28/06/23,15:59:26,     2,  1896,   422, 1004.7, 300,22.6,33.2, 0.0,  0, 0.0000,     0,25.6,31.0,37.8, 20,     5,     2, 0.0000, 0.0000
M5,28/06/23,15:59:27,     2,  1897,   423, 1004.7, 300,22.6,33.2, 0.0,  0, 0.0000,     0,25.6,31.0,37.8, 20,     7,     3, 0.0000, 0.0000
M5,28/06/23,15:59:28,     2,  1898,   425, 1004.7, 300,22.7,33.2, 0.0,  0, 0.0000,     0,25.6,31.0,37.8, 20,     9,     4, 0.0000, 0.0000
M5,28/06/23,15:59:29,     2,  1899,   426, 1004.7, 300,22.7,33.2, 0.0,  0, 0.0000,     0,25.6,31.0,37.8, 20,    10,     5, 0.0000, 0.0000
M5,28/06/23,15:59:30,     2,  1900,   428, 1004.7, 300,22.8,33.2, 0.0,  0, 0.0000,     0,25.6,31.0,37.8, 20,    11,     6, 0.0000, 0.0000
M5,28/06/23,15:59:31,     2,  1901,   429, 1004.7, 300,22.8,33.2, 0.0,  0, 0.0000,     0,25.6,31.0,37.8, 20,    12,     7, 0.0000, 0.0000
M5,28/06/23,15:59:32,     2,  1902,   430, 1004.7, 300,22.8,33.2, 0.0,  0, 0.0000,     0,25.6,31.0,37.8, 20,    14,     8, 0.0000, 0.0000
M5,28/06/23,15:59:33,     2,  1903,   432, 1004.8, 300,22.9,33.2, 0.0,  0, 0.0000,     0,25.6,31.0,37.8, 20,    15,     9, 0.0000, 0.0000
M5,28/06/23,15:59:34,     2,  1904,   433, 1004.8, 300,22.9,33.2, 0.0,  0, 0.0000,     0,25.6,31.0,37.8, 25,    16,    10, 0.0000, 0.0000
M5,28/06/23,15:59:35,     2,  1905,   434, 1004.8, 300,23.0,33.2, 0.0,  0, 0.0000,     0,25.6,31.0,37.8, 25,    18,    11, 0.0000, 0.0000
M5,28/06/23,15:59:36,     2,  1906,   435, 1004.8, 300,23.0,33.2, 0.0,  0, 0.0000,     0,25.6,31.0,37.8, 25,    19,    12, 0.0000, 0.0000
M5,28/06/23,15:59:37,     2,  1907,   436, 1004.8, 300,23.2,33.2, 0.0,  0, 0.0000,     0,25.6,31.0,37.8, 25,    20,    13, 1.5007, 1.4898
M5,28/06/23,15:59:38,     2,  1908,   438, 1004.8, 300,23.2,33.2, 0.0,  0, 0.0000,     0,25.6,31.0,37.8, 25,    21,    14, 1.4682, 1.5223
M5,28/06/23,15:59:39,     2,  1909,   438, 1004.8, 300,23.2,33.2, 0.0,  0, 0.0000,     0,25.6,31.0,37.8, 25,    22,    15, 1.4196, 1.5739
M5,28/06/23,15:59:40,     2,  1910,   440, 1004.8, 300,23.2,33.1, 0.0,  0, 0.0000,     0,25.6,31.1,37.8, 25,    23,    16, 1.4058, 1.5403
M5,28/06/23,15:59:41,     2,  1911,   441, 1004.8, 300,23.2,33.1, 0.0,  0, 0.0000,     0,25.6,31.1,37.9, 25,    24,    17, 1.3956, 1.4943
M5,28/06/23,15:59:42,     2,  1912,   442, 1004.8, 300,23.4,33.1, 0.0,  0, 0.0000,     0,25.6,31.1,37.9, 25,    26,    18, 1.3983, 1.4659
M5,28/06/23,15:59:43,     2,  1913,   443, 1004.8, 300,23.4,33.1, 0.0,  0, 0.0000,     0,25.6,31.1,37.9, 25,    27,    19, 1.3842, 1.4685
M5,28/06/23,15:59:44,     2,  1914,   444, 1004.8, 300,23.5,33.2, 0.0,  0, 0.0000,     0,25.6,31.1,37.9, 25,    28,    20, 1.3831, 1.4578
M5,28/06/23,15:59:45,     2,  1915,   445, 1004.8, 300,23.5,33.2, 0.0,  0, 0.0000,     0,25.6,31.1,37.9, 25,    29,    21, 1.3791, 1.4366
M5,28/06/23,15:59:46,     2,  1916,   446, 1004.8, 300,23.6,33.2, 0.0,  0, 0.0000,     0,25.6,31.1,37.8, 25,    30,    22, 1.3764, 1.4405
M5,28/06/23,15:59:47,     2,  1917,   447, 1004.8, 300,23.6,33.2, 0.0,  0, 0.0000,     0,25.6,31.1,37.8, 25,    31,    23, 1.3661, 1.4459
M5,28/06/23,15:59:48,     2,  1918,   448, 1004.8, 300,23.6,33.2, 0.0,  0, 0.0000,     0,25.6,31.1,37.8, 25,    32,    24, 1.3554, 1.4520
M5,28/06/23,15:59:49,     2,  1919,   449, 1004.8, 300,23.7,33.1, 0.0,  0, 0.0000,     0,25.6,31.1,37.8, 25,    33,    25, 1.3526, 1.4447
M5,28/06/23,15:59:50,     2,  1920,   450, 1004.8, 300,23.7,33.1, 0.0,  0, 0.0000,     0,25.6,31.1,37.8, 25,    34,    26, 1.3358, 1.4715
M5,28/06/23,15:59:51,     2,  1921,   451, 1004.8, 300,23.8,33.1, 0.0,  0, 0.0000,     0,25.6,31.1,37.8, 25,    35,    27, 1.3249, 1.4865
M5,28/06/23,15:59:52,     2,  1922,   452, 1004.8, 300,23.8,33.1, 0.0,  0, 0.0000,     0,25.6,31.1,37.8, 25,    36,    28, 1.3128, 1.4885
M5,28/06/23,15:59:53,     2,  1923,   453, 1004.8, 300,23.8,33.1, 0.0,  0, 0.0000,     0,25.6,31.1,37.8, 25,    37,    29, 1.3072, 1.4770
M5,28/06/23,15:59:54,     2,  1924,   454, 1004.8, 300,23.8,33.1, 0.0,  0, 0.0000,     0,25.6,31.1,37.8, 25,    38,    30, 1.3029, 1.4559
M5,28/06/23,15:59:55,     2,  1925,   456, 1004.8, 300,23.8,33.1, 0.0,  0, 0.0000,     0,25.6,31.1,37.8, 25,    39,    31, 1.3009, 1.4317
M5,28/06/23,15:59:56,     2,  1926,   457, 1004.8, 300,24.0,33.1, 0.0,  0, 0.0000,     0,25.6,31.1,37.8, 25,    40,    32, 1.3014, 1.4173
M5,28/06/23,15:59:57,     2,  1927,   458, 1004.8, 300,24.0,33.1, 0.0,  0, 0.0000,     0,25.6,31.1,37.8, 25,    42,    33, 1.3025, 1.3908
M5,28/06/23,15:59:58,     2,  1928,   459, 1004.8, 300,24.0,33.1, 0.0,  0, 0.0000,     0,25.6,31.1,37.8, 25,    43,    34, 1.3080, 1.3623
M5,28/06/23,15:59:59,     2,  1929,   460, 1004.8, 300,24.0,33.1, 0.0,  0, 0.0000,     0,25.6,31.1,37.8, 25,    44,    35, 1.3101, 1.3430
M5,28/06/23,16:00:00,     2,  1930,   462, 1004.8, 300,24.1,33.1, 0.0,  0, 0.0000,     0,25.6,31.1,37.8, 25,    45,    36, 1.3142, 1.3276
M5,28/06/23,16:00:01,     2,  1931,   463, 1004.8, 300,24.1,33.1, 0.0,  0, 0.0000,     0,25.6,31.1,37.8, 25,    46,    37, 1.3168, 1.3128
M5,28/06/23,16:00:02,     2,  1932,   464, 1004.8, 300,24.1,33.1, 0.0,  0, 0.0000,     0,25.6,31.1,37.8, 25,    47,    38, 1.3182, 1.3046
M5,28/06/23,16:00:03,     2,  1933,   465, 1004.8, 300,24.2,33.1, 0.0,  0, 0.0000,     0,25.6,31.1,37.8, 25,    49,    39, 1.3215, 1.2981
M5,28/06/23,16:00:04,     2,  1934,   466, 1004.8, 300,24.2,33.1, 0.0,  0, 0.0000,     0,25.6,31.1,37.8, 25,    49,    40, 1.3210, 1.2990
M5,28/06/23,16:00:05,     2,  1935,   466, 1004.8, 300,24.3,33.1, 0.0,  0, 0.0000,     0,25.6,31.1,37.8, 25,    50,    41, 1.3190, 1.3110
R5,28/06/23,16:00:05,     2,  1935,   466, 1004.8, 300,24.3,33.1, 0.0,  0, 0.0000,     0,25.6,31.1,37.8, 25,    50,    41, 1.3190, 1.3110
End
Start
M5,28/06/23,16:01:47,     3,  2036,   414, 1004.8, 300,22.6,33.0, 0.0,  0, 0.0000,     0,25.6,31.5,25.7, 20,     2,     1, 0.0000, 0.0000
M5,28/06/23,16:01:48,     3,  2037,   416, 1004.8, 300,22.6,33.0, 0.0,  0, 0.0000,     0,25.6,31.5,25.7, 20,     4,     2, 0.0000, 0.0000
M5,28/06/23,16:01:49,     3,  2038,   418, 1004.8, 300,22.7,33.0, 0.0,  0, 0.0000,     0,25.6,31.5,25.7, 20,     6,     3, 0.0000, 0.0000
M5,28/06/23,16:01:50,     3,  2039,   420, 1004.8, 300,22.7,33.0, 0.0,  0, 0.0000,     0,25.6,31.5,25.7, 20,     8,     4, 0.0000, 0.0000
M5,28/06/23,16:01:51,     3,  2040,   423, 1004.8, 300,22.7,33.0, 0.0,  0, 0.0000,     0,25.6,31.6,25.7, 20,    11,     5, 0.0000, 0.0000
M5,28/06/23,16:01:52,     3,  2041,   426, 1004.8, 300,22.8,33.0, 0.0,  0, 0.0000,     0,25.6,31.6,25.7, 20,    14,     6, 0.0000, 0.0000
M5,28/06/23,16:01:53,     3,  2042,   429, 1004.8, 300,22.8,33.0, 0.0,  0, 0.0000,     0,25.6,31.6,25.7, 20,    17,     7, 0.0000, 0.0000
M5,28/06/23,16:01:54,     3,  2043,   432, 1004.8, 300,22.9,33.0, 0.0,  0, 0.0000,     0,25.6,31.6,25.7, 20,    20,     8, 0.0000, 0.0000
M5,28/06/23,16:01:55,     3,  2044,   434, 1004.8, 300,22.9,33.0, 0.0,  0, 0.0000,     0,25.6,31.6,25.7, 20,    22,     9, 0.0000, 0.0000
M5,28/06/23,16:01:56,     3,  2045,   436, 1004.8, 300,23.0,33.0, 0.0,  0, 0.0000,     0,25.6,31.7,25.7, 25,    24,    10, 0.0000, 0.0000
M5,28/06/23,16:01:57,     3,  2046,   437, 1004.8, 300,23.0,33.0, 0.0,  0, 0.0000,     0,25.6,31.7,25.7, 25,    25,    11, 0.0000, 0.0000
M5,28/06/23,16:01:58,     3,  2047,   439, 1004.8, 300,23.0,33.0, 0.0,  0, 0.0000,     0,25.6,31.7,25.7, 25,    27,    12, 0.0000, 0.0000
M5,28/06/23,16:01:59,     3,  2048,   441, 1004.8, 300,23.1,33.0, 0.0,  0, 0.0000,     0,25.6,31.7,25.7, 25,    29,    13, 2.3767, 2.3716
M5,28/06/23,16:02:00,     3,  2049,   443, 1004.8, 300,23.1,33.0, 0.0,  0, 0.0000,     0,25.6,31.7,25.7, 25,    31,    14, 2.3748, 2.3675
M5,28/06/23,16:02:01,     3,  2050,   445, 1004.8, 300,23.2,33.0, 0.0,  0, 0.0000,     0,25.6,31.8,25.7, 25,    33,    15, 2.3857, 2.3763
M5,28/06/23,16:02:02,     3,  2051,   447, 1004.8, 300,23.2,33.0, 0.0,  0, 0.0000,     0,25.6,31.8,25.7, 25,    35,    16, 2.3630, 2.4225
M5,28/06/23,16:02:03,     3,  2052,   449, 1004.8, 300,23.3,33.0, 0.0,  0, 0.0000,     0,25.6,31.8,25.7, 25,    37,    17, 2.3498, 2.4608
M5,28/06/23,16:02:04,     3,  2053,   451, 1004.8, 300,23.3,33.0, 0.0,  0, 0.0000,     0,25.6,31.8,25.7, 25,    39,    18, 2.3139, 2.5020
M5,28/06/23,16:02:05,     3,  2054,   453, 1004.8, 300,23.3,33.0, 0.0,  0, 0.0000,     0,25.6,31.8,25.7, 25,    41,    19, 2.2891, 2.4962
M5,28/06/23,16:02:06,     3,  2055,   454, 1004.8, 300,23.4,33.0, 0.0,  0, 0.0000,     0,25.6,31.8,25.7, 25,    42,    20, 2.2660, 2.5052
M5,28/06/23,16:02:07,     3,  2056,   456, 1004.8, 300,23.4,33.0, 0.0,  0, 0.0000,     0,25.6,31.8,25.7, 25,    44,    21, 2.2398, 2.5042
M5,28/06/23,16:02:08,     3,  2057,   458, 1004.8, 300,23.5,33.0, 0.0,  0, 0.0000,     0,25.6,31.8,25.7, 25,    46,    22, 2.2326, 2.4602
M5,28/06/23,16:02:09,     3,  2058,   460, 1004.8, 300,23.5,33.0, 0.0,  0, 0.0000,     0,25.6,31.8,25.7, 25,    48,    23, 2.2308, 2.4008
M5,28/06/23,16:02:10,     3,  2059,   462, 1004.8, 300,23.6,33.0, 0.0,  0, 0.0000,     0,25.6,31.9,25.7, 25,    50,    24, 2.2480, 2.3165
R5,28/06/23,16:02:10,     3,  2059,   462, 1004.8, 300,23.6,33.0, 0.0,  0, 0.0000,     0,25.6,31.9,25.7, 25,    50,    24, 2.2480, 2.3165
End
Zero
Start
M5,28/06/23,16:03:35,     3,  2144,   415, 1004.8, 300,22.6,32.9, 0.0,  0, 0.0000,     0,25.6,31.8,25.7, 20,     2,     1, 0.0000, 0.0000
M5,28/06/23,16:03:36,     3,  2145,   417, 1004.8, 300,22.6,32.9, 0.0,  0, 0.0000,     0,25.6,31.9,25.7, 20,     4,     2, 0.0000, 0.0000
M5,28/06/23,16:03:37,     3,  2146,   419, 1004.8, 300,22.6,32.9, 0.0,  0, 0.0000,     0,25.6,31.9,25.7, 20,     6,     3, 0.0000, 0.0000
M5,28/06/23,16:03:39,     3,  2147,   421, 1004.9, 300,22.7,32.9, 0.0,  0, 0.0000,     0,25.6,31.9,25.7, 20,     8,     4, 0.0000, 0.0000
M5,28/06/23,16:03:40,     3,  2148,   423, 1004.9, 300,22.7,32.9, 0.0,  0, 0.0000,     0,25.6,31.9,25.7, 20,    10,     5, 0.0000, 0.0000
M5,28/06/23,16:03:41,     3,  2149,   425, 1004.9, 300,22.8,32.9, 0.0,  0, 0.0000,     0,25.6,32.0,25.7, 20,    11,     6, 0.0000, 0.0000
M5,28/06/23,16:03:42,     3,  2150,   426, 1004.9, 300,22.8,32.9, 0.0,  0, 0.0000,     0,25.6,32.0,25.7, 20,    13,     7, 0.0000, 0.0000
M5,28/06/23,16:03:43,     3,  2151,   428, 1004.9, 300,22.9,32.8, 0.0,  0, 0.0000,     0,25.6,32.0,25.7, 20,    15,     8, 0.0000, 0.0000
M5,28/06/23,16:03:44,     3,  2152,   429, 1004.9, 300,22.9,32.8, 0.0,  0, 0.0000,     0,25.6,32.1,25.7, 20,    16,     9, 0.0000, 0.0000
M5,28/06/23,16:03:45,     3,  2153,   431, 1004.9, 300,22.9,32.8, 0.0,  0, 0.0000,     0,25.6,32.1,25.7, 25,    18,    10, 0.0000, 0.0000
M5,28/06/23,16:03:46,     3,  2154,   432, 1004.9, 300,23.0,32.9, 0.0,  0, 0.0000,     0,25.6,32.1,25.7, 25,    19,    11, 0.0000, 0.0000
M5,28/06/23,16:03:47,     3,  2155,   434, 1004.9, 300,23.0,32.9, 0.0,  0, 0.0000,     0,25.6,32.1,25.7, 25,    21,    12, 0.0000, 0.0000
M5,28/06/23,16:03:48,     3,  2156,   435, 1004.9, 300,23.1,32.8, 0.0,  0, 0.0000,     0,25.6,32.1,25.7, 25,    22,    13, 1.8014, 1.7984
M5,28/06/23,16:03:49,     3,  2157,   437, 1004.9, 300,23.1,32.8, 0.0,  0, 0.0000,     0,25.6,32.1,25.7, 25,    24,    14, 1.8318, 1.7156
M5,28/06/23,16:03:50,     3,  2158,   438, 1004.9, 300,23.2,32.8, 0.0,  0, 0.0000,     0,25.6,32.2,25.7, 25,    25,    15, 1.8414, 1.7661
M5,28/06/23,16:03:51,     3,  2159,   440, 1004.9, 300,23.2,32.8, 0.0,  0, 0.0000,     0,25.6,32.2,25.7, 25,    27,    16, 1.8130, 1.8491
M5,28/06/23,16:03:52,     3,  2160,   441, 1004.9, 300,23.3,32.8, 0.0,  0, 0.0000,     0,25.6,32.2,25.7, 25,    28,    17, 1.7889, 1.9064
M5,28/06/23,16:03:53,     3,  2161,   442, 1004.9, 300,23.3,32.8, 0.0,  0, 0.0000,     0,25.6,32.2,25.7, 25,    29,    18, 1.7469, 1.9590
M5,28/06/23,16:03:54,     3,  2162,   444, 1004.9, 300,23.3,32.8, 0.0,  0, 0.0000,     0,25.6,32.2,25.7, 25,    30,    19, 1.7160, 1.9596
M5,28/06/23,16:03:55,     3,  2163,   445, 1004.9, 300,23.5,32.8, 0.0,  0, 0.0000,     0,25.6,32.2,25.7, 25,    32,    20, 1.7010, 1.9455
M5,28/06/23,16:03:56,     3,  2164,   446, 1004.9, 300,23.5,32.8, 0.0,  0, 0.0000,     0,25.6,32.2,25.7, 25,    33,    21, 1.6831, 1.9157
M5,28/06/23,16:03:57,     3,  2165,   447, 1004.9, 300,23.5,32.8, 0.0,  0, 0.0000,     0,25.6,32.3,25.7, 25,    34,    22, 1.6658, 1.9075
M5,28/06/23,16:03:58,     3,  2166,   449, 1004.9, 300,23.5,32.8, 0.0,  0, 0.0000,     0,25.6,32.3,25.7, 25,    36,    23, 1.6507, 1.8834
M5,28/06/23,16:03:59,     3,  2167,   450, 1004.9, 300,23.6,32.8, 0.0,  0, 0.0000,     0,25.6,32.3,25.7, 25,    37,    24, 1.6419, 1.8576
M5,28/06/23,16:04:00,     3,  2168,   451, 1004.9, 300,23.6,32.8, 0.0,  0, 0.0000,     0,25.6,32.3,25.7, 25,    38,    25, 1.6289, 1.8429
M5,28/06/23,16:04:01,     3,  2169,   453, 1004.9, 300,23.6,32.8, 0.0,  0, 0.0000,     0,25.6,32.3,25.7, 25,    40,    26, 1.6230, 1.8099
M5,28/06/23,16:04:02,     3,  2170,   454, 1004.9, 300,23.7,32.8, 0.0,  0, 0.0000,     0,25.6,32.3,25.7, 25,    41,    27, 1.6205, 1.7834
M5,28/06/23,16:04:03,     3,  2171,   455, 1004.9, 300,23.7,32.8, 0.0,  0, 0.0000,     0,25.6,32.3,25.7, 25,    42,    28, 1.6137, 1.7689
M5,28/06/23,16:04:04,     3,  2172,   456, 1004.9, 300,23.8,32.8, 0.0,  0, 0.0000,     0,25.6,32.3,25.7, 25,    43,    29, 1.6093, 1.7654
M5,28/06/23,16:04:05,     3,  2173,   457, 1004.9, 300,23.8,32.8, 0.0,  0, 0.0000,     0,25.6,32.3,25.7, 25,    44,    30, 1.5954, 1.7791
M5,28/06/23,16:04:06,     3,  2174,   458, 1004.9, 300,23.9,32.8, 0.0,  0, 0.0000,     0,25.6,32.3,25.7, 25,    45,    31, 1.5844, 1.7879
M5,28/06/23,16:04:07,     3,  2175,   459, 1004.9, 300,23.9,32.8, 0.0,  0, 0.0000,     0,25.6,32.3,25.7, 25,    46,    32, 1.5705, 1.7973
M5,28/06/23,16:04:08,     3,  2176,   460, 1004.9, 300,23.9,32.8, 0.0,  0, 0.0000,     0,25.6,32.3,25.7, 25,    47,    33, 1.5563, 1.8061
M5,28/06/23,16:04:09,     3,  2177,   462, 1004.9, 300,23.9,32.8, 0.0,  0, 0.0000,     0,25.6,32.3,25.7, 25,    49,    34, 1.5465, 1.8018
M5,28/06/23,16:04:10,     3,  2178,   463, 1004.9, 300,23.9,32.8, 0.0,  0, 0.0000,     0,25.6,32.3,25.7, 25,    50,    35, 1.5372, 1.7936
M5,28/06/23,16:04:11,     3,  2179,   464, 1004.9, 300,24.0,32.8, 0.0,  0, 0.0000,     0,25.6,32.3,25.7, 25,    51,    36, 1.5305, 1.7855
R5,28/06/23,16:04:11,     3,  2179,   464, 1004.9, 300,24.0,32.8, 0.0,  0, 0.0000,     0,25.6,32.3,25.7, 25,    51,    36, 1.5305, 1.7855
End
Start
M5,28/06/23,16:05:08,     3,  2236,   416, 1004.8, 300,22.7,32.8, 0.0,  0, 0.0000,     0,25.6,32.1,25.7, 20,     1,     1, 0.0000, 0.0000
M5,28/06/23,16:05:09,     3,  2237,   418, 1004.8, 300,22.7,32.8, 0.0,  0, 0.0000,     0,25.6,32.2,25.7, 20,     3,     2, 0.0000, 0.0000
M5,28/06/23,16:05:10,     3,  2238,   419, 1004.8, 300,22.7,32.8, 0.0,  0, 0.0000,     0,25.6,32.2,25.7, 20,     4,     3, 0.0000, 0.0000
M5,28/06/23,16:05:11,     3,  2239,   421, 1004.8, 300,22.8,32.8, 0.0,  0, 0.0000,     0,25.6,32.2,25.7, 20,     6,     4, 0.0000, 0.0000
M5,28/06/23,16:05:12,     3,  2240,   423, 1004.8, 300,22.8,32.8, 0.0,  0, 0.0000,     0,25.6,32.2,25.7, 20,     8,     5, 0.0000, 0.0000
M5,28/06/23,16:05:13,     3,  2241,   425, 1004.8, 300,22.9,32.8, 0.0,  0, 0.0000,     0,25.6,32.2,25.7, 20,    10,     6, 0.0000, 0.0000
M5,28/06/23,16:05:14,     3,  2242,   426, 1004.8, 300,22.9,32.8, 0.0,  0, 0.0000,     0,25.6,32.2,25.7, 20,    11,     7, 0.0000, 0.0000
M5,28/06/23,16:05:15,     3,  2243,   428, 1004.8, 300,23.0,32.8, 0.0,  0, 0.0000,     0,25.6,32.2,25.7, 20,    13,     8, 0.0000, 0.0000
M5,28/06/23,16:05:16,     3,  2244,   429, 1004.8, 300,23.0,32.8, 0.0,  0, 0.0000,     0,25.6,32.2,25.7, 20,    14,     9, 0.0000, 0.0000
M5,28/06/23,16:05:17,     3,  2245,   430, 1004.8, 300,23.0,32.8, 0.0,  0, 0.0000,     0,25.6,32.3,25.7, 25,    15,    10, 0.0000, 0.0000
M5,28/06/23,16:05:18,     3,  2246,   432, 1004.8, 300,23.2,32.8, 0.0,  0, 0.0000,     0,25.6,32.3,25.8, 25,    17,    11, 0.0000, 0.0000
M5,28/06/23,16:05:19,     3,  2247,   433, 1004.8, 300,23.2,32.8, 0.0,  0, 0.0000,     0,25.6,32.3,25.8, 25,    18,    12, 0.0000, 0.0000
M5,28/06/23,16:05:20,     3,  2248,   435, 1004.8, 300,23.2,32.8, 0.0,  0, 0.0000,     0,25.6,32.3,25.8, 25,    20,    13, 1.6582, 1.8111
M5,28/06/23,16:05:21,     3,  2249,   436, 1004.8, 300,23.2,32.8, 0.0,  0, 0.0000,     0,25.6,32.3,25.8, 25,    21,    14, 1.6296, 1.7421
M5,28/06/23,16:05:22,     3,  2250,   437, 1004.8, 300,23.4,32.8, 0.0,  0, 0.0000,     0,25.6,32.3,25.8, 25,    22,    15, 1.6258, 1.7092
M5,28/06/23,16:05:23,     3,  2251,   439, 1004.8, 300,23.4,32.8, 0.0,  0, 0.0000,     0,25.6,32.3,25.8, 25,    23,    16, 1.6144, 1.6775
M5,28/06/23,16:05:24,     3,  2252,   440, 1004.8, 300,23.5,32.8, 0.0,  0, 0.0000,     0,25.6,32.3,25.8, 25,    25,    17, 1.6180, 1.6662
M5,28/06/23,16:05:25,     3,  2253,   441, 1004.8, 300,23.5,32.8, 0.0,  0, 0.0000,     0,25.6,32.3,25.8, 25,    26,    18, 1.6115, 1.6489
M5,28/06/23,16:05:26,     3,  2254,   443, 1004.8, 300,23.5,32.8, 0.0,  0, 0.0000,     0,25.6,32.3,25.8, 25,    27,    19, 1.6067, 1.6361
M5,28/06/23,16:05:27,     3,  2255,   444, 1004.8, 300,23.6,32.8, 0.0,  0, 0.0000,     0,25.6,32.3,25.8, 25,    29,    20, 1.6057, 1.6287
M5,28/06/23,16:05:28,     3,  2256,   446, 1004.8, 300,23.6,32.8, 0.0,  0, 0.0000,     0,25.6,32.3,25.8, 25,    30,    21, 1.6180, 1.5760
M5,28/06/23,16:05:29,     3,  2257,   447, 1004.8, 300,23.6,32.7, 0.0,  0, 0.0000,     0,25.6,32.3,25.8, 25,    32,    22, 1.6277, 1.5626
M5,28/06/23,16:05:30,     3,  2258,   448, 1004.8, 300,23.6,32.7, 0.0,  0, 0.0000,     0,25.6,32.3,25.8, 25,    33,    23, 1.6306, 1.5622
M5,28/06/23,16:05:31,     3,  2259,   449, 1004.8, 300,23.7,32.8, 0.0,  0, 0.0000,     0,25.6,32.3,25.8, 25,    34,    24, 1.6257, 1.6037
M5,28/06/23,16:05:32,     3,  2260,   450, 1004.8, 300,23.7,32.8, 0.0,  0, 0.0000,     0,25.6,32.3,25.8, 25,    35,    25, 1.6043, 1.6691
M5,28/06/23,16:05:33,     3,  2261,   451, 1004.8, 300,23.7,32.8, 0.0,  0, 0.0000,     0,25.6,32.3,25.8, 25,    36,    26, 1.5855, 1.7090
M5,28/06/23,16:05:34,     3,  2262,   452, 1004.8, 300,23.8,32.8, 0.0,  0, 0.0000,     0,25.6,32.3,25.7, 25,    37,    27, 1.5752, 1.7231
M5,28/06/23,16:05:35,     3,  2263,   454, 1004.8, 300,23.8,32.8, 0.0,  0, 0.0000,     0,25.6,32.3,25.7, 25,    39,    28, 1.5630, 1.7287
M5,28/06/23,16:05:36,     3,  2264,   455, 1004.8, 300,23.9,32.7, 0.0,  0, 0.0000,     0,25.6,32.3,25.7, 25,    40,    29, 1.5537, 1.7321
M5,28/06/23,16:05:37,     3,  2265,   456, 1004.8, 300,23.9,32.7, 0.0,  0, 0.0000,     0,25.6,32.3,25.7, 25,    41,    30, 1.5407, 1.7388
M5,28/06/23,16:05:38,     3,  2266,   457, 1004.9, 300,24.0,32.7, 0.0,  0, 0.0000,     0,25.6,32.3,25.7, 25,    42,    31, 1.5275, 1.7585
M5,28/06/23,16:05:39,     3,  2267,   457, 1004.9, 300,24.0,32.7, 0.0,  0, 0.0000,     0,25.6,32.3,25.7, 25,    42,    32, 1.5093, 1.7779
M5,28/06/23,16:05:40,     3,  2268,   459, 1004.9, 300,24.0,32.7, 0.0,  0, 0.0000,     0,25.6,32.4,25.7, 25,    43,    33, 1.4923, 1.7898
M5,28/06/23,16:05:41,     3,  2269,   460, 1004.9, 300,24.0,32.7, 0.0,  0, 0.0000,     0,25.6,32.4,25.7, 25,    44,    34, 1.4768, 1.7963
M5,28/06/23,16:05:42,     3,  2270,   461, 1004.9, 300,24.0,32.7, 0.0,  0, 0.0000,     0,25.6,32.4,25.7, 25,    45,    35, 1.4620, 1.7977
M5,28/06/23,16:05:43,     3,  2271,   462, 1004.9, 300,24.1,32.7, 0.0,  0, 0.0000,     0,25.6,32.4,25.7, 25,    47,    36, 1.4516, 1.7916
M5,28/06/23,16:05:44,     3,  2272,   463, 1004.9, 300,24.1,32.7, 0.0,  0, 0.0000,     0,25.6,32.4,25.7, 25,    48,    37, 1.4400, 1.7829
M5,28/06/23,16:05:45,     3,  2273,   464, 1004.9, 300,24.2,32.7, 0.0,  0, 0.0000,     0,25.6,32.4,25.7, 25,    49,    38, 1.4309, 1.7752
M5,28/06/23,16:05:46,     3,  2274,   465, 1004.9, 300,24.2,32.7, 0.0,  0, 0.0000,     0,25.6,32.4,25.7, 25,    50,    39, 1.4205, 1.7651
M5,28/06/23,16:05:47,     3,  2275,   466, 1004.9, 300,24.3,32.8, 0.0,  0, 0.0000,     0,25.6,32.3,25.7, 25,    51,    40, 1.4125, 1.7561
R5,28/06/23,16:05:47,     3,  2275,   466, 1004.9, 300,24.3,32.8, 0.0,  0, 0.0000,     0,25.6,32.3,25.7, 25,    51,    40, 1.4125, 1.7561
End
Start
M5,28/06/23,16:06:39,     3,  2326,   419, 1004.9, 300,23.0,32.7, 0.0,  0, 0.0000,     0,25.6,31.9,25.8, 20,     2,     1, 0.0000, 0.0000
M5,28/06/23,16:06:40,     3,  2327,   420, 1004.9, 300,23.0,32.7, 0.0,  0, 0.0000,     0,25.6,31.9,25.8, 20,     3,     2, 0.0000, 0.0000
M5,28/06/23,16:06:41,     3,  2328,   422, 1004.9, 300,23.1,32.7, 0.0,  0, 0.0000,     0,25.6,32.0,25.8, 20,     5,     3, 0.0000, 0.0000
M5,28/06/23,16:06:42,     3,  2329,   423, 1004.9, 300,23.1,32.7, 0.0,  0, 0.0000,     0,25.6,32.0,25.8, 20,     6,     4, 0.0000, 0.0000
M5,28/06/23,16:06:43,     3,  2330,   424, 1004.9, 300,23.1,32.7, 0.0,  0, 0.0000,     0,25.6,32.0,25.8, 20,     7,     5, 0.0000, 0.0000
M5,28/06/23,16:06:44,     3,  2331,   425, 1004.9, 300,23.2,32.7, 0.0,  0, 0.0000,     0,25.6,32.0,25.8, 20,     8,     6, 0.0000, 0.0000
M5,28/06/23,16:06:45,     3,  2332,   426, 1004.9, 300,23.2,32.7, 0.0,  0, 0.0000,     0,25.6,32.0,25.8, 20,     9,     7, 0.0000, 0.0000
M5,28/06/23,16:06:46,     3,  2333,   427, 1004.9, 300,23.3,32.7, 0.0,  0, 0.0000,     0,25.6,32.0,25.8, 20,    10,     8, 0.0000, 0.0000
M5,28/06/23,16:06:47,     3,  2334,   428, 1004.9, 300,23.3,32.7, 0.0,  0, 0.0000,     0,25.6,32.0,25.8, 20,    11,     9, 0.0000, 0.0000
M5,28/06/23,16:06:48,     3,  2335,   429, 1004.9, 300,23.4,32.7, 0.0,  0, 0.0000,     0,25.6,32.0,25.8, 25,    12,    10, 0.0000, 0.0000
M5,28/06/23,16:06:49,     3,  2336,   430, 1004.9, 300,23.4,32.7, 0.0,  0, 0.0000,     0,25.6,32.0,25.8, 25,    13,    11, 0.0000, 0.0000
M5,28/06/23,16:06:50,     3,  2337,   432, 1004.9, 300,23.4,32.7, 0.0,  0, 0.0000,     0,25.6,32.0,25.8, 25,    15,    12, 0.0000, 0.0000
M5,28/06/23,16:06:51,     3,  2338,   432, 1004.9, 300,23.5,32.7, 0.0,  0, 0.0000,     0,25.6,32.0,25.8, 25,    15,    13, 1.2096, 1.3546
M5,28/06/23,16:06:52,     3,  2339,   433, 1004.9, 300,23.5,32.7, 0.0,  0, 0.0000,     0,25.6,32.1,25.8, 25,    16,    14, 1.1860, 1.2926
M5,28/06/23,16:06:53,     3,  2340,   434, 1004.9, 300,23.6,32.7, 0.0,  0, 0.0000,     0,25.6,32.1,25.8, 25,    17,    15, 1.1896, 1.2450
M5,28/06/23,16:06:54,     3,  2341,   435, 1004.9, 300,23.6,32.7, 0.0,  0, 0.0000,     0,25.6,32.1,25.8, 25,    18,    16, 1.1863, 1.2148
M5,28/06/23,16:06:55,     3,  2342,   436, 1004.9, 300,23.7,32.7, 0.0,  0, 0.0000,     0,25.6,32.1,25.8, 25,    19,    17, 1.1774, 1.2482
M5,28/06/23,16:06:56,     3,  2343,   437, 1004.9, 300,23.7,32.7, 0.0,  0, 0.0000,     0,25.6,32.1,25.8, 25,    20,    18, 1.1688, 1.2329
M5,28/06/23,16:06:57,     3,  2344,   438, 1004.9, 300,23.7,32.7, 0.0,  0, 0.0000,     0,25.6,32.1,25.8, 25,    21,    19, 1.1539, 1.2428
M5,28/06/23,16:06:58,     3,  2345,   439, 1004.9, 300,23.8,32.7, 0.0,  0, 0.0000,     0,25.6,32.1,25.8, 25,    22,    20, 1.1501, 1.2314
M5,28/06/23,16:06:59,     3,  2346,   440, 1004.9, 300,23.8,32.7, 0.0,  0, 0.0000,     0,25.6,32.1,25.8, 25,    23,    21, 1.1471, 1.2089
M5,28/06/23,16:07:00,     3,  2347,   441, 1004.9, 300,23.9,32.7, 0.0,  0, 0.0000,     0,25.6,32.1,25.8, 25,    24,    22, 1.1505, 1.1927
M5,28/06/23,16:07:01,     3,  2348,   442, 1004.9, 300,23.9,32.7, 0.0,  0, 0.0000,     0,25.6,32.1,25.8, 25,    25,    23, 1.1508, 1.1743
M5,28/06/23,16:07:02,     3,  2349,   443, 1004.9, 300,23.9,32.7, 0.0,  0, 0.0000,     0,25.6,32.1,25.8, 25,    26,    24, 1.1495, 1.1771
M5,28/06/23,16:07:03,     3,  2350,   444, 1004.9, 300,23.9,32.7, 0.0,  0, 0.0000,     0,25.6,32.1,25.8, 25,    27,    25, 1.1432, 1.1852
M5,28/06/23,16:07:04,     3,  2351,   444, 1004.9, 300,24.0,32.7, 0.0,  0, 0.0000,     0,25.6,32.1,25.8, 25,    27,    26, 1.1390, 1.1976
M5,28/06/23,16:07:05,     3,  2352,   445, 1004.9, 300,24.0,32.7, 0.0,  0, 0.0000,     0,25.6,32.1,25.8, 25,    28,    27, 1.1312, 1.2057
M5,28/06/23,16:07:06,     3,  2353,   446, 1004.9, 300,24.0,32.7, 0.0,  0, 0.0000,     0,25.6,32.1,25.8, 25,    29,    28, 1.1203, 1.2221
M5,28/06/23,16:07:07,     3,  2354,   447, 1004.9, 300,24.1,32.7, 0.0,  0, 0.0000,     0,25.6,32.1,25.8, 25,    30,    29, 1.1121, 1.2319
M5,28/06/23,16:07:08,     3,  2355,   448, 1004.9, 300,24.1,32.7, 0.0,  0, 0.0000,     0,25.6,32.2,25.8, 25,    31,    30, 1.1087, 1.2181
M5,28/06/23,16:07:09,     3,  2356,   449, 1004.9, 300,24.1,32.7, 0.0,  0, 0.0000,     0,25.6,32.2,25.8, 25,    32,    31, 1.1115, 1.1953
M5,28/06/23,16:07:10,     3,  2357,   450, 1004.9, 300,24.1,32.7, 0.0,  0, 0.0000,     0,25.6,32.2,25.8, 25,    33,    32, 1.1130, 1.1730
M5,28/06/23,16:07:11,     3,  2358,   451, 1004.9, 300,24.2,32.7, 0.0,  0, 0.0000,     0,25.6,32.2,25.8, 25,    34,    33, 1.1131, 1.1696
M5,28/06/23,16:07:12,     3,  2359,   451, 1004.9, 300,24.2,32.7, 0.0,  0, 0.0000,     0,25.6,32.2,25.8, 25,    34,    34, 1.1084, 1.1734
M5,28/06/23,16:07:13,     3,  2360,   452, 1005.0, 300,24.2,32.7, 0.0,  0, 0.0000,     0,25.6,32.2,25.8, 25,    35,    35, 1.0987, 1.1944
M5,28/06/23,16:07:14,     3,  2361,   453, 1005.0, 300,24.3,32.7, 0.0,  0, 0.0000,     0,25.6,32.2,25.8, 25,    36,    36, 1.0909, 1.2082
M5,28/06/23,16:07:15,     3,  2362,   454, 1005.0, 300,24.3,32.7, 0.0,  0, 0.0000,     0,25.6,32.2,25.8, 25,    37,    37, 1.0849, 1.2105
M5,28/06/23,16:07:16,     3,  2363,   455, 1005.0, 300,24.3,32.7, 0.0,  0, 0.0000,     0,25.6,32.2,25.8, 25,    38,    38, 1.0834, 1.2021
M5,28/06/23,16:07:17,     3,  2364,   456, 1005.0, 300,24.3,32.7, 0.0,  0, 0.0000,     0,25.6,32.2,25.8, 25,    39,    39, 1.0807, 1.1940
M5,28/06/23,16:07:18,     3,  2365,   457, 1005.0, 300,24.4,32.7, 0.0,  0, 0.0000,     0,25.6,32.2,25.8, 25,    40,    40, 1.0809, 1.1846
M5,28/06/23,16:07:19,     3,  2366,   458, 1004.9, 300,24.4,32.7, 0.0,  0, 0.0000,     0,25.6,32.2,25.8, 25,    41,    41, 1.0815, 1.1674
M5,28/06/23,16:07:20,     3,  2367,   459, 1004.9, 300,24.4,32.7, 0.0,  0, 0.0000,     0,25.6,32.2,25.8, 25,    42,    42, 1.0837, 1.1469
M5,28/06/23,16:07:21,     3,  2368,   460, 1004.9, 300,24.5,32.7, 0.0,  0, 0.0000,     0,25.6,32.2,25.8, 25,    43,    43, 1.0854, 1.1325
M5,28/06/23,16:07:22,     3,  2369,   461, 1004.9, 300,24.5,32.7, 0.0,  0, 0.0000,     0,25.6,32.2,25.8, 25,    44,    44, 1.0863, 1.1218
M5,28/06/23,16:07:23,     3,  2370,   461, 1004.9, 300,24.6,32.7, 0.0,  0, 0.0000,     0,25.6,32.2,25.8, 25,    44,    45, 1.0866, 1.1226
M5,28/06/23,16:07:24,     3,  2371,   462, 1004.9, 300,24.6,32.7, 0.0,  0, 0.0000,     0,25.6,32.2,25.8, 25,    45,    46, 1.0842, 1.1253
M5,28/06/23,16:07:25,     3,  2372,   463, 1004.9, 300,24.6,32.7, 0.0,  0, 0.0000,     0,25.6,32.2,25.8, 25,    46,    47, 1.0819, 1.1276
M5,28/06/23,16:07:26,     3,  2373,   463, 1004.9, 301,24.6,32.7, 0.0,  0, 0.0000,     0,25.6,32.2,25.8, 25,    46,    48, 1.0788, 1.1322
M5,28/06/23,16:07:27,     3,  2374,   464, 1004.9, 300,24.7,32.7, 0.0,  0, 0.0000,     0,25.6,32.2,25.8, 25,    47,    49, 1.0765, 1.1397
M5,28/06/23,16:07:28,     3,  2375,   465, 1004.9, 300,24.7,32.7, 0.0,  0, 0.0000,     0,25.6,32.2,25.8, 25,    48,    50, 1.0724, 1.1466
M5,28/06/23,16:07:29,     3,  2376,   466, 1004.9, 300,24.7,32.7, 0.0,  0, 0.0000,     0,25.6,32.2,25.8, 25,    49,    51, 1.0687, 1.1516
M5,28/06/23,16:07:30,     3,  2377,   467, 1004.9, 300,24.7,32.7, 0.0,  0, 0.0000,     0,25.6,32.2,25.8, 25,    50,    52, 1.0670, 1.1507
M5,28/06/23,16:07:31,     3,  2378,   468, 1004.9, 299,24.7,32.7, 0.0,  0, 0.0000,     0,25.6,32.2,25.8, 25,    51,    53, 1.0662, 1.1446
R5,28/06/23,16:07:31,     3,  2378,   468, 1004.9, 299,24.7,32.7, 0.0,  0, 0.0000,     0,25.6,32.2,25.8, 25,    51,    53, 1.0662, 1.1446
End
