Tag(M3),Date,Time,Plot_No,Rec_No,CO2,Pressure,Flow,H2O,Tsen,O2,Error,Aux_V,PAR,Tsoil,Tair,Msoil
Start
M5,30/06/23,17:12:52,     7,  1392,   421, 1011.1, 300,21.1,28.8, 0.0,  0, 0.0000,     0,26.4,28.7,12.3, 20,     1,     1, 0.0000, 0.0000
M5,30/06/23,17:12:53,     7,  1393,   422, 1011.1, 300,21.1,28.8, 0.0,  0, 0.0000,     0,26.4,28.7,12.0, 20,     2,     2, 0.0000, 0.0000
M5,30/06/23,17:12:54,     7,  1394,   422, 1011.1, 300,21.2,28.8, 0.0,  0, 0.0000,     0,26.4,28.7,12.0, 20,     3,     3, 0.0000, 0.0000
M5,30/06/23,17:12:55,     7,  1395,   423, 1011.1, 300,21.2,28.8, 0.0,  0, 0.0000,     0,26.4,28.8,12.0, 20,     4,     4, 0.0000, 0.0000
M5,30/06/23,17:12:56,     7,  1396,   423, 1011.1, 299,21.3,28.8, 0.0,  0, 0.0000,     0,26.4,28.8,12.0, 20,     4,     5, 0.0000, 0.0000
M5,30/06/23,17:12:57,     7,  1397,   424, 1011.1, 296,21.3,28.8, 0.0,  0, 0.0000,     0,26.4,28.8,12.0, 20,     5,     6, 0.0000, 0.0000
M5,30/06/23,17:12:58,     7,  1398,   424, 1011.1, 294,21.4,28.8, 0.0,  0, 0.0000,     0,26.4,28.9,12.0, 20,     5,     7, 0.0000, 0.0000
M5,30/06/23,17:12:59,     7,  1399,   424, 1011.1, 297,21.4,28.8, 0.0,  0, 0.0000,     0,26.4,28.9,12.0, 20,     5,     8, 0.0000, 0.0000
M5,30/06/23,17:13:00,     7,  1400,   425, 1011.1, 299,21.4,28.8, 0.0,  0, 0.0000,     0,26.4,28.9,12.0, 20,     6,     9, 0.0000, 0.0000
M5,30/06/23,17:13:01,     7,  1401,   425, 1011.1, 301,21.4,28.9, 0.0,  0, 0.0000,     0,26.4,29.0,12.0, 25,     6,    10, 0.0000, 0.0000
M5,30/06/23,17:13:02,     7,  1402,   426, 1011.1, 301,21.4,28.9, 0.0,  0, 0.0000,     0,26.4,29.0,12.0, 25,     7,    11, 0.0000, 0.0000
M5,30/06/23,17:13:03,     7,  1403,   426, 1011.1, 300,21.5,28.9, 0.0,  0, 0.0000,     0,26.4,29.0,12.0, 25,     7,    12, 0.0000, 0.0000
M5,30/06/23,17:13:04,     7,  1404,   426, 1011.1, 301,21.5,28.9, 0.0,  0, 0.0000,     0,26.4,29.0,12.0, 25,     7,    13, 0.4061, 0.5614
M5,30/06/23,17:13:05,     7,  1405,   427, 1011.1, 301,21.5,28.9, 0.0,  0, 0.0000,     0,26.4,29.1,12.0, 25,     7,    14, 0.3664, 0.5522
M5,30/06/23,17:13:06,     7,  1406,   427, 1011.1, 302,21.5,28.9, 0.0,  0, 0.0000,     0,26.4,29.1,12.0, 25,     8,    15, 0.3603, 0.4577
M5,30/06/23,17:13:07,     7,  1407,   427, 1011.1, 301,21.6,28.9, 0.0,  0, 0.0000,     0,26.4,29.1,12.0, 25,     8,    16, 0.3680, 0.3996
M5,30/06/23,17:13:08,     7,  1408,   427, 1011.1, 300,21.6,28.9, 0.0,  0, 0.0000,     0,26.4,29.1,12.0, 25,     8,    17, 0.3390, 0.4524
M5,30/06/23,17:13:09,     7,  1409,   427, 1011.1, 300,21.6,28.9, 0.0,  0, 0.0000,     0,26.4,29.1,12.0, 25,     8,    18, 0.3170, 0.4626
M5,30/06/23,17:13:10,     7,  1410,   428, 1011.1, 300,21.6,28.9, 0.0,  0, 0.0000,     0,26.4,29.2,12.0, 25,     9,    19, 0.3154, 0.4276
M5,30/06/23,17:13:11,     7,  1411,   428, 1011.1, 300,21.6,28.9, 0.0,  0, 0.0000,     0,26.4,29.2,12.0, 25,     9,    20, 0.3169, 0.3831
M5,30/06/23,17:13:12,     7,  1412,   428, 1011.1, 301,21.7,28.9, 0.0,  0, 0.0000,     0,26.4,29.2,12.0, 25,     9,    21, 0.3237, 0.3472
M5,30/06/23,17:13:13,     7,  1413,   429, 1011.1, 300,21.7,28.9, 0.0,  0, 0.0000,     0,26.4,29.2,12.0, 25,    10,    22, 0.3436, 0.2770
M5,30/06/23,17:13:14,     7,  1414,   429, 1011.1, 300,21.7,28.9, 0.0, 21, 0.0000,     0,26.4,29.2,12.0, 25,    10,    23, 0.3599, 0.2471
M5,30/06/23,17:13:15,     7,  1415,   430, 1011.1, 300,21.7,28.9, 0.0, 21, 0.0000,     0,26.4,29.2,12.0, 25,    11,    24, 0.3762, 0.2200
M5,30/06/23,17:13:16,     7,  1416,   430, 1011.1, 298,21.7,28.9, 0.0, 21, 0.0000,     0,26.4,29.2,12.0, 25,    11,    25, 0.3927, 0.2000
M5,30/06/23,17:13:17,     7,  1417,   431, 1011.1, 297,21.8,28.9, 0.0, 21, 0.0000,     0,26.4,29.2,12.0, 25,    12,    26, 0.4137, 0.1749
M5,30/06/23,17:13:18,     7,  1418,   431, 1011.1, 294,21.8,28.9, 0.0, 21, 0.0000,     0,26.4,29.3,12.0, 25,    12,    27, 0.4279, 0.1746
M5,30/06/23,17:13:19,     7,  1419,   432, 1011.1, 294,21.8,28.9, 0.0, 21, 0.0000,     0,26.4,29.3,12.0, 25,    13,    28, 0.4393, 0.1885
M5,30/06/23,17:13:20,     7,  1420,   432, 1011.1, 297,21.8,28.9, 0.0, 21, 0.0000,     0,26.4,29.3,12.0, 25,    12,    29, 0.4387, 0.2344
M5,30/06/23,17:13:21,     7,  1421,   432, 1011.1, 299,21.8,28.9, 0.0, 21, 0.0000,     0,26.4,29.3,12.0, 25,    12,    30, 0.4336, 0.2898
M5,30/06/23,17:13:22,     7,  1422,   432, 1011.1, 300,21.8,28.9, 0.0,  0, 0.0000,     0,26.4,29.3,12.0, 25,    13,    31, 0.4288, 0.3280
M5,30/06/23,17:13:23,     7,  1423,   432, 1011.1, 299,21.8,28.9, 0.0,  0, 0.0000,     0,26.4,29.3,12.0, 25,    13,    32, 0.4251, 0.3549
M5,30/06/23,17:13:24,     7,  1424,   433, 1011.1, 302,21.9,28.9, 0.0,  0, 0.0000,     0,26.4,29.3,12.0, 25,    14,    33, 0.4248, 0.3677
M5,30/06/23,17:13:25,     7,  1425,   433, 1011.1, 302,21.9,28.9, 0.0,  0, 0.0000,     0,26.4,29.3,11.9, 25,    14,    34, 0.4260, 0.3704
M5,30/06/23,17:13:26,     7,  1426,   433, 1011.1, 301,21.9,28.9, 0.0,  0, 0.0000,     0,26.4,29.3,11.9, 25,    14,    35, 0.4277, 0.3745
M5,30/06/23,17:13:27,     7,  1427,   434, 1011.1, 302,21.9,28.9, 0.0,  0, 0.0000,     0,26.4,29.4,11.9, 25,    15,    36, 0.4267, 0.3838
M5,30/06/23,17:13:28,     7,  1428,   434, 1011.1, 303,21.9,28.9, 0.0,  0, 0.0000,     0,26.4,29.4,11.9, 25,    15,    37, 0.4279, 0.3861
M5,30/06/23,17:13:29,     7,  1429,   435, 1011.1, 303,21.9,28.9, 0.0,  0, 0.0000,     0,26.4,29.4,11.9, 25,    16,    38, 0.4312, 0.3783
M5,30/06/23,17:13:30,     7,  1430,   435, 1011.1, 304,21.9,28.9, 0.0,  0, 0.0000,     0,26.4,29.4,12.0, 25,    16,    39, 0.4371, 0.3651
M5,30/06/23,17:13:31,     7,  1431,   436, 1011.1, 303,21.9,28.9, 0.0,  0, 0.0000,     0,26.4,29.4,12.0, 25,    17,    40, 0.4414, 0.3573
M5,30/06/23,17:13:32,     7,  1432,   436, 1011.1, 302,21.9,28.9, 0.0,  0, 0.0000,     0,26.4,29.4,12.0, 25,    17,    41, 0.4424, 0.3622
M5,30/06/23,17:13:33,     7,  1433,   436, 1011.1, 301,22.0,28.9, 0.0,  0, 0.0000,     0,26.4,29.4,12.0, 25,    17,    42, 0.4425, 0.3719
M5,30/06/23,17:13:34,     7,  1434,   436, 1011.1, 300,22.0,28.9, 0.0,  0, 0.0000,     0,26.4,29.4,12.0, 25,    17,    43, 0.4410, 0.3838
M5,30/06/23,17:13:35,     7,  1435,   436, 1011.1, 300,22.0,28.9, 0.0,  0, 0.0000,     0,26.4,29.4,12.0, 25,    17,    44, 0.4401, 0.3940
M5,30/06/23,17:13:36,     7,  1436,   437, 1011.1, 300,22.0,28.9, 0.0,  0, 0.0000,     0,26.4,29.4,12.0, 25,    18,    45, 0.4380, 0.4052
M5,30/06/23,17:13:37,     7,  1437,   437, 1011.1, 301,22.0,28.9, 0.0,  0, 0.0000,     0,26.4,29.4,12.0, 25,    18,    46, 0.4359, 0.4179
M5,30/06/23,17:13:38,     7,  1438,   437, 1011.1, 301,22.0,28.9, 0.0,  0, 0.0000,     0,26.4,29.4,12.0, 25,    18,    47, 0.4343, 0.4241
M5,30/06/23,17:13:39,     7,  1439,   438, 1011.1, 301,22.0,28.9, 0.0,  0, 0.0000,     0,26.4,29.4,12.0, 25,    19,    48, 0.4346, 0.4231
M5,30/06/23,17:13:40,     7,  1440,   438, 1011.1, 301,22.0,28.9, 0.0,  0, 0.0000,     0,26.4,29.4,12.0, 25,    19,    49, 0.4346, 0.4234
M5,30/06/23,17:13:41,     7,  1441,   439, 1011.1, 301,22.0,28.9, 0.0,  0, 0.0000,     0,26.4,29.4,12.0, 25,    20,    50, 0.4359, 0.4185
M5,30/06/23,17:13:42,     7,  1442,   440, 1011.1, 301,22.1,29.0, 0.0,  0, 0.0000,     0,26.4,29.4,12.0, 25,    20,    51, 0.4390, 0.4104
M5,30/06/23,17:13:43,     7,  1443,   440, 1011.1, 300,22.1,29.0, 0.0,  0, 0.0000,     0,26.4,29.4,12.0, 25,    21,    52, 0.4418, 0.4019
M5,30/06/23,17:13:44,     7,  1444,   441, 1011.1, 301,22.1,29.0, 0.0,  0, 0.0000,     0,26.4,29.4,12.0, 25,    21,    53, 0.4449, 0.3937
M5,30/06/23,17:13:45,     7,  1445,   441, 1011.2, 301,22.1,29.0, 0.0,  0, 0.0000,     0,26.4,29.4,12.0, 25,    22,    54, 0.4475, 0.3879
M5,30/06/23,17:13:46,     7,  1446,   441, 1011.2, 301,22.1,29.0, 0.0,  0, 0.0000,     0,26.4,29.5,12.0, 25,    22,    55, 0.4484, 0.3885
M5,30/06/23,17:13:47,     7,  1447,   441, 1011.2, 301,22.1,29.0, 0.0,  0, 0.0000,     0,26.4,29.5,12.0, 25,    22,    56, 0.4486, 0.3918
M5,30/06/23,17:13:48,     7,  1448,   441, 1011.2, 301,22.1,29.0, 0.0,  0, 0.0000,     0,26.4,29.5,12.0, 25,    22,    57, 0.4488, 0.3951
M5,30/06/23,17:13:49,     7,  1449,   442, 1011.2, 300,22.1,28.9, 0.0,  0, 0.0000,     0,26.4,29.5,12.0, 25,    23,    58, 0.4488, 0.3984
M5,30/06/23,17:13:50,     7,  1450,   442, 1011.2, 300,22.1,28.9, 0.0,  0, 0.0000,     0,26.4,29.5,12.0, 25,    23,    59, 0.4488, 0.4016
M5,30/06/23,17:13:51,     7,  1451,   442, 1011.2, 300,22.1,29.0, 0.0,  0, 0.0000,     0,26.4,29.5,12.0, 25,    23,    60, 0.4494, 0.4031
R5,30/06/23,17:13:51,     7,  1451,   442, 1011.2, 300,22.1,29.0, 0.0,  0, 0.0000,     0,26.4,29.5,12.0, 25,    23,    60, 0.4494, 0.4031
End
Start
M5,30/06/23,17:14:40,     7,  1500,   408, 1011.2, 300,21.2,29.1, 0.0,  0, 0.0000,     0,26.4,28.5,11.1, 20,     1,     1, 0.0000, 0.0000
M5,30/06/23,17:14:41,     7,  1501,   408, 1011.2, 301,21.2,29.1, 0.0,  0, 0.0000,     0,26.4,28.5,11.1, 20,     2,     2, 0.0000, 0.0000
M5,30/06/23,17:14:42,     7,  1502,   409, 1011.2, 300,21.2,29.1, 0.0,  0, 0.0000,     0,26.4,28.6,11.1, 20,     2,     3, 0.0000, 0.0000
M5,30/06/23,17:14:43,     7,  1503,   410, 1011.2, 299,21.2,29.1, 0.0,  0, 0.0000,     0,26.4,28.6,11.1, 20,     3,     4, 0.0000, 0.0000
M5,30/06/23,17:14:44,     7,  1504,   410, 1011.2, 299,21.3,29.1, 0.0,  0, 0.0000,     0,26.4,28.7,11.1, 20,     3,     5, 0.0000, 0.0000
M5,30/06/23,17:14:45,     7,  1505,   411, 1011.2, 300,21.3,29.1, 0.0,  0, 0.0000,     0,26.7,28.7,10.9, 20,     4,     6, 0.0000, 0.0000
M5,30/06/23,17:14:46,     7,  1506,   411, 1011.2, 300,21.3,29.1, 0.0,  0, 0.0000,     0,26.7,28.8,10.9, 20,     5,     7, 0.0000, 0.0000
M5,30/06/23,17:14:47,     7,  1507,   412, 1011.2, 300,21.3,29.1, 0.0,  0, 0.0000,     0,26.7,28.8,10.9, 20,     5,     8, 0.0000, 0.0000
M5,30/06/23,17:14:48,     7,  1508,   412, 1011.2, 300,21.4,29.1, 0.0,  0, 0.0000,     0,26.7,28.8,10.9, 20,     6,     9, 0.0000, 0.0000
M5,30/06/23,17:14:49,     7,  1509,   413, 1011.2, 300,21.4,29.1, 0.0,  0, 0.0000,     0,26.7,28.9,10.9, 25,     6,    10, 0.0000, 0.0000
M5,30/06/23,17:14:50,     7,  1510,   413, 1011.1, 300,21.4,29.1, 0.0,  0, 0.0000,     0,26.7,28.9,10.8, 25,     7,    11, 0.0000, 0.0000
M5,30/06/23,17:14:51,     7,  1511,   414, 1011.1, 300,21.4,29.1, 0.0,  0, 0.0000,     0,26.7,28.9,10.8, 25,     7,    12, 0.0000, 0.0000
M5,30/06/23,17:14:52,     7,  1512,   414, 1011.1, 300,21.4,29.1, 0.0,  0, 0.0000,     0,26.7,29.0,10.8, 25,     8,    13, 0.7756, 0.9393
M5,30/06/23,17:14:53,     7,  1513,   415, 1011.1, 300,21.5,29.1, 0.0,  0, 0.0000,     0,26.7,29.0,10.8, 25,     8,    14, 0.6950, 0.9971
M5,30/06/23,17:14:54,     7,  1514,   415, 1011.1, 300,21.5,29.1, 0.0,  0, 0.0000,     0,26.7,29.0,10.8, 25,     9,    15, 0.6597, 0.9050
M5,30/06/23,17:14:55,     7,  1515,   416, 1011.1, 300,21.5,29.1, 0.0,  0, 0.0000,     0,26.7,29.1,10.8, 25,     9,    16, 0.6268, 0.8815
M5,30/06/23,17:14:56,     7,  1516,   416, 1011.1, 300,21.5,29.1, 0.0,  0, 0.0000,     0,26.7,29.1,11.1, 25,     9,    17, 0.5928, 0.8539
M5,30/06/23,17:14:57,     7,  1517,   416, 1011.1, 300,21.5,29.1, 0.0,  0, 0.0000,     0,26.7,29.1,11.1, 25,    10,    18, 0.5652, 0.8233
M5,30/06/23,17:14:58,     7,  1518,   417, 1011.1, 299,21.6,29.1, 0.0,  0, 0.0000,     0,26.7,29.1,11.1, 25,    10,    19, 0.5574, 0.7635
M5,30/06/23,17:14:59,     7,  1519,   417, 1011.1, 300,21.6,29.1, 0.0,  0, 0.0000,     0,26.7,29.1,11.1, 25,    10,    20, 0.5448, 0.7295
M5,30/06/23,17:15:00,     7,  1520,   417, 1011.1, 300,21.6,29.1, 0.0,  0, 0.0000,     0,26.7,29.2,11.1, 25,    11,    21, 0.5305, 0.7232
M5,30/06/23,17:15:01,     7,  1521,   418, 1011.2, 300,21.6,29.1, 0.0,  0, 0.0000,     0,26.7,29.2,10.9, 25,    11,    22, 0.5229, 0.6894
M5,30/06/23,17:15:02,     7,  1522,   418, 1011.2, 300,21.6,29.1, 0.0,  0, 0.0000,     0,26.7,29.2,10.9, 25,    12,    23, 0.5275, 0.6315
M5,30/06/23,17:15:03,     7,  1523,   419, 1011.2, 300,21.6,29.1, 0.0,  0, 0.0000,     0,26.7,29.2,10.9, 25,    12,    24, 0.5222, 0.6199
M5,30/06/23,17:15:04,     7,  1524,   419, 1011.2, 300,21.7,29.1, 0.0,  0, 0.0000,     0,26.7,29.2,10.9, 25,    12,    25, 0.5141, 0.6304
M5,30/06/23,17:15:05,     7,  1525,   419, 1011.2, 300,21.7,29.1, 0.0,  0, 0.0000,     0,26.7,29.3,10.9, 25,    12,    26, 0.5049, 0.6318
M5,30/06/23,17:15:06,     7,  1526,   419, 1011.2, 300,21.7,29.1, 0.0,  0, 0.0000,     0,26.7,29.3,10.9, 25,    13,    27, 0.5006, 0.6173
M5,30/06/23,17:15:07,     7,  1527,   420, 1011.2, 300,21.7,29.1, 0.0,  0, 0.0000,     0,26.7,29.3,10.9, 25,    13,    28, 0.4966, 0.6070
M5,30/06/23,17:15:08,     7,  1528,   420, 1011.2, 300,21.7,29.1, 0.0,  0, 0.0000,     0,26.7,29.3,10.9, 25,    14,    29, 0.4922, 0.5988
M5,30/06/23,17:15:09,     7,  1529,   420, 1011.2, 300,21.7,29.1, 0.0,  0, 0.0000,     0,26.7,29.3,10.9, 25,    14,    30, 0.4886, 0.5932
M5,30/06/23,17:15:10,     7,  1530,   421, 1011.2, 300,21.7,29.1, 0.0,  0, 0.0000,     0,26.7,29.3,10.9, 25,    14,    31, 0.4844, 0.5874
M5,30/06/23,17:15:11,     7,  1531,   421, 1011.2, 300,21.8,29.1, 0.0,  0, 0.0000,     0,26.7,29.4,10.9, 25,    15,    32, 0.4837, 0.5752
M5,30/06/23,17:15:12,     7,  1532,   422, 1011.2, 299,21.8,29.1, 0.0,  0, 0.0000,     0,26.7,29.4,10.9, 25,    15,    33, 0.4818, 0.5656
M5,30/06/23,17:15:13,     7,  1533,   422, 1011.2, 300,21.8,29.1, 0.0,  0, 0.0000,     0,26.7,29.4,10.9, 25,    15,    34, 0.4778, 0.5651
M5,30/06/23,17:15:14,     7,  1534,   422, 1011.2, 300,21.8,29.1, 0.0,  0, 0.0000,     0,26.7,29.4,10.9, 25,    16,    35, 0.4747, 0.5641
M5,30/06/23,17:15:15,     7,  1535,   422, 1011.2, 300,21.8,29.1, 0.0,  0, 0.0000,     0,26.7,29.4,10.9, 25,    16,    36, 0.4713, 0.5617
M5,30/06/23,17:15:16,     7,  1536,   423, 1011.2, 300,21.8,29.1, 0.0,  0, 0.0000,     0,26.7,29.4,10.9, 25,    16,    37, 0.4685, 0.5591
M5,30/06/23,17:15:17,     7,  1537,   423, 1011.2, 300,21.8,29.1, 0.0,  0, 0.0000,     0,26.7,29.4,10.9, 25,    16,    38, 0.4657, 0.5558
M5,30/06/23,17:15:18,     7,  1538,   423, 1011.2, 300,21.9,29.2, 0.0,  0, 0.0000,     0,26.7,29.4,10.9, 25,    17,    39, 0.4638, 0.5530
M5,30/06/23,17:15:19,     7,  1539,   424, 1011.2, 300,21.9,29.2, 0.0,  0, 0.0000,     0,26.7,29.4,10.9, 25,    17,    40, 0.4614, 0.5494
M5,30/06/23,17:15:20,     7,  1540,   424, 1011.2, 300,21.9,29.2, 0.0,  0, 0.0000,     0,26.7,29.5,10.9, 25,    18,    41, 0.4600, 0.5426
M5,30/06/23,17:15:21,     7,  1541,   424, 1011.2, 299,21.9,29.2, 0.0,  0, 0.0000,     0,26.7,29.5,10.9, 25,    18,    42, 0.4590, 0.5372
M5,30/06/23,17:15:22,     7,  1542,   425, 1011.2, 300,21.9,29.2, 0.0,  0, 0.0000,     0,26.7,29.5,10.9, 25,    18,    43, 0.4587, 0.5283
M5,30/06/23,17:15:23,     7,  1543,   425, 1011.1, 300,21.9,29.2, 0.0,  0, 0.0000,     0,26.7,29.5,10.9, 25,    19,    44, 0.4585, 0.5212
M5,30/06/23,17:15:24,     7,  1544,   426, 1011.1, 300,21.9,29.2, 0.0,  0, 0.0000,     0,26.7,29.5,10.9, 25,    19,    45, 0.4580, 0.5152
M5,30/06/23,17:15:25,     7,  1545,   426, 1011.1, 300,21.9,29.2, 0.0,  0, 0.0000,     0,26.7,29.5,10.9, 25,    20,    46, 0.4589, 0.5078
M5,30/06/23,17:15:26,     7,  1546,   426, 1011.1, 300,21.9,29.2, 0.0,  0, 0.0000,     0,26.7,29.5,10.9, 25,    20,    47, 0.4590, 0.5015
M5,30/06/23,17:15:27,     7,  1547,   427, 1011.1, 300,22.0,29.2, 0.0,  0, 0.0000,     0,26.7,29.5,10.9, 25,    20,    48, 0.4602, 0.4942
M5,30/06/23,17:15:28,     7,  1548,   427, 1011.1, 300,22.0,29.2, 0.0,  0, 0.0000,     0,26.7,29.5,11.3, 25,    21,    49, 0.4607, 0.4883
M5,30/06/23,17:15:29,     7,  1549,   428, 1011.1, 301,22.0,29.2, 0.0,  0, 0.0000,     0,26.7,29.6,11.3, 25,    21,    50, 0.4609, 0.4838
M5,30/06/23,17:15:31,     7,  1550,   428, 1011.1, 301,22.0,29.2, 0.0,  0, 0.0000,     0,26.7,29.6,11.3, 25,    21,    51, 0.4617, 0.4780
M5,30/06/23,17:15:32,     7,  1551,   429, 1011.1, 300,22.0,29.2, 0.0,  0, 0.0000,     0,26.7,29.6,11.3, 25,    22,    52, 0.4629, 0.4712
M5,30/06/23,17:15:33,     7,  1552,   429, 1011.1, 300,22.0,29.2, 0.0,  0, 0.0000,     0,26.7,29.6,11.3, 25,    22,    53, 0.4641, 0.4666
M5,30/06/23,17:15:34,     7,  1553,   429, 1011.1, 300,22.0,29.2, 0.0,  0, 0.0000,     0,26.7,29.6,11.3, 25,    22,    54, 0.4642, 0.4653
M5,30/06/23,17:15:35,     7,  1554,   429, 1011.1, 300,22.0,29.2, 0.0,  0, 0.0000,     0,26.7,29.6,11.3, 25,    23,    55, 0.4641, 0.4647
M5,30/06/23,17:15:36,     7,  1555,   430, 1011.1, 300,22.0,29.2, 0.0,  0, 0.0000,     0,26.7,29.6,11.3, 25,    23,    56, 0.4639, 0.4645
M5,30/06/23,17:15:37,     7,  1556,   430, 1011.1, 300,22.0,29.2, 0.0,  0, 0.0000,     0,26.7,29.6,11.3, 25,    23,    57, 0.4636, 0.4647
M5,30/06/23,17:15:38,     7,  1557,   430, 1011.1, 300,22.0,29.2, 0.0,  0, 0.0000,     0,26.7,29.6,11.3, 25,    24,    58, 0.4636, 0.4655
M5,30/06/23,17:15:39,     7,  1558,   431, 1011.1, 300,22.0,29.2, 0.0,  0, 0.0000,     0,26.7,29.6,11.3, 25,    24,    59, 0.4632, 0.4661
M5,30/06/23,17:15:40,     7,  1559,   431, 1011.2, 300,22.0,29.2, 0.0,  0, 0.0000,     0,26.7,29.6,11.3, 25,    24,    60, 0.4630, 0.4673
R5,30/06/23,17:15:40,     7,  1559,   431, 1011.2, 300,22.0,29.2, 0.0,  0, 0.0000,     0,26.7,29.6,11.3, 25,    24,    60, 0.4630, 0.4673
End
Start
M5,30/06/23,17:16:45,     7,  1624,   410, 1011.1, 300,21.5,29.3, 0.0,  0, 0.0000,     0,26.7,29.2,11.3, 20,     0,     1, 0.0000, 0.0000
M5,30/06/23,17:16:46,     7,  1625,   410, 1011.1, 300,21.5,29.3, 0.0,  0, 0.0000,     0,26.7,29.2,11.3, 20,     0,     2, 0.0000, 0.0000
M5,30/06/23,17:16:47,     7,  1626,   410, 1011.1, 300,21.5,29.3, 0.0,  0, 0.0000,     0,26.7,29.3,11.3, 20,     1,     3, 0.0000, 0.0000
M5,30/06/23,17:16:48,     7,  1627,   411, 1011.1, 300,21.5,29.3, 0.0,  0, 0.0000,     0,26.7,29.3,11.3, 20,     1,     4, 0.0000, 0.0000
M5,30/06/23,17:16:49,     7,  1628,   411, 1011.1, 301,21.5,29.3, 0.0,  0, 0.0000,     0,26.7,29.3,11.3, 20,     1,     5, 0.0000, 0.0000
M5,30/06/23,17:16:50,     7,  1629,   411, 1011.1, 300,21.5,29.3, 0.0,  0, 0.0000,     0,26.7,29.3,11.3, 20,     2,     6, 0.0000, 0.0000
M5,30/06/23,17:16:51,     7,  1630,   412, 1011.1, 300,21.5,29.3, 0.0,  0, 0.0000,     0,26.7,29.4,11.3, 20,     2,     7, 0.0000, 0.0000
M5,30/06/23,17:16:52,     7,  1631,   412, 1011.1, 300,21.5,29.3, 0.0,  0, 0.0000,     0,26.7,29.4,11.3, 20,     2,     8, 0.0000, 0.0000
M5,30/06/23,17:16:53,     7,  1632,   412, 1011.1, 300,21.5,29.3, 0.0,  0, 0.0000,     0,26.7,29.4,11.3, 20,     3,     9, 0.0000, 0.0000
M5,30/06/23,17:16:54,     7,  1633,   413, 1011.1, 300,21.6,29.4, 0.0,  0, 0.0000,     0,26.7,29.4,11.3, 25,     3,    10, 0.0000, 0.0000
M5,30/06/23,17:16:55,     7,  1634,   413, 1011.1, 301,21.6,29.4, 0.0,  0, 0.0000,     0,26.7,29.5,11.3, 25,     3,    11, 0.0000, 0.0000
M5,30/06/23,17:16:56,     7,  1635,   414, 1011.1, 300,21.6,29.3, 0.0,  0, 0.0000,     0,26.7,29.5,11.3, 25,     4,    12, 0.0000, 0.0000
M5,30/06/23,17:16:57,     7,  1636,   414, 1011.1, 300,21.6,29.3, 0.0,  0, 0.0000,     0,26.7,29.5,11.3, 25,     4,    13, 0.4972, 0.4976
M5,30/06/23,17:16:58,     7,  1637,   414, 1011.1, 300,21.6,29.4, 0.0,  0, 0.0000,     0,26.7,29.5,11.3, 25,     5,    14, 0.5209, 0.4615
M5,30/06/23,17:16:59,     7,  1638,   414, 1011.1, 300,21.6,29.4, 0.0,  0, 0.0000,     0,26.7,29.6,11.2, 25,     5,    15, 0.4814, 0.5736
M5,30/06/23,17:17:00,     7,  1639,   415, 1011.1, 300,21.6,29.4, 0.0,  0, 0.0000,     0,26.7,29.6,11.2, 25,     5,    16, 0.4380, 0.6293
M5,30/06/23,17:17:01,     7,  1640,   415, 1011.1, 300,21.7,29.4, 0.0,  0, 0.0000,     0,26.7,29.6,11.2, 25,     5,    17, 0.4025, 0.6503
M5,30/06/23,17:17:02,     7,  1641,   415, 1011.1, 300,21.7,29.4, 0.0,  0, 0.0000,     0,26.7,29.6,11.2, 25,     5,    18, 0.3708, 0.6373
M5,30/06/23,17:17:03,     7,  1642,   415, 1011.1, 300,21.7,29.4, 0.0,  0, 0.0000,     0,26.7,29.6,11.2, 25,     6,    19, 0.3692, 0.5507
M5,30/06/23,17:17:04,     7,  1643,   416, 1011.1, 300,21.7,29.4, 0.0,  0, 0.0000,     0,26.7,29.6,11.2, 25,     6,    20, 0.3787, 0.4638
M5,30/06/23,17:17:05,     7,  1644,   416, 1011.1, 300,21.7,29.4, 0.0,  0, 0.0000,     0,26.7,29.6,11.3, 25,     7,    21, 0.3948, 0.3946
M5,30/06/23,17:17:06,     7,  1645,   417, 1011.1, 300,21.7,29.4, 0.0,  0, 0.0000,     0,26.7,29.6,11.3, 25,     7,    22, 0.4043, 0.3639
M5,30/06/23,17:17:07,     7,  1646,   417, 1011.1, 300,21.7,29.4, 0.0,  0, 0.0000,     0,26.7,29.7,11.3, 25,     7,    23, 0.4122, 0.3546
M5,30/06/23,17:17:08,     7,  1647,   417, 1011.1, 300,21.7,29.4, 0.0,  0, 0.0000,     0,26.7,29.7,11.3, 25,     8,    24, 0.4112, 0.3697
M5,30/06/23,17:17:09,     7,  1648,   417, 1011.1, 300,21.7,29.4, 0.0,  0, 0.0000,     0,26.7,29.7,11.3, 25,     8,    25, 0.4060, 0.3937
M5,30/06/23,17:17:10,     7,  1649,   418, 1011.1, 300,21.8,29.4, 0.0,  0, 0.0000,     0,26.7,29.7,11.3, 25,     8,    26, 0.3998, 0.4199
M5,30/06/23,17:17:11,     7,  1650,   418, 1011.1, 300,21.8,29.4, 0.0,  0, 0.0000,     0,26.7,29.7,11.3, 25,     8,    27, 0.3948, 0.4303
M5,30/06/23,17:17:12,     7,  1651,   418, 1011.1, 300,21.8,29.4, 0.0,  0, 0.0000,     0,26.7,29.7,11.3, 25,     9,    28, 0.3952, 0.4222
M5,30/06/23,17:17:13,     7,  1652,   419, 1011.1, 300,21.8,29.4, 0.0,  0, 0.0000,     0,26.7,29.7,11.3, 25,     9,    29, 0.3985, 0.4048
M5,30/06/23,17:17:14,     7,  1653,   419, 1011.1, 300,21.8,29.4, 0.0,  0, 0.0000,     0,26.7,29.7,11.3, 25,    10,    30, 0.4018, 0.3942
M5,30/06/23,17:17:15,     7,  1654,   420, 1011.1, 300,21.8,29.4, 0.0,  0, 0.0000,     0,26.7,29.7,11.3, 25,    10,    31, 0.4064, 0.3786
M5,30/06/23,17:17:16,     7,  1655,   420, 1011.1, 300,21.8,29.4, 0.0,  0, 0.0000,     0,26.7,29.7,11.3, 25,    11,    32, 0.4145, 0.3543
M5,30/06/23,17:17:17,     7,  1656,   421, 1011.1, 300,21.8,29.4, 0.0,  0, 0.0000,     0,26.7,29.8,11.3, 25,    11,    33, 0.4234, 0.3346
M5,30/06/23,17:17:18,     7,  1657,   421, 1011.1, 300,21.8,29.4, 0.0,  0, 0.0000,     0,26.7,29.8,11.3, 25,    12,    34, 0.4318, 0.3181
M5,30/06/23,17:17:19,     7,  1658,   422, 1011.1, 300,21.8,29.4, 0.0, 21, 0.0000,     0,26.7,29.8,11.3, 25,    12,    35, 0.4382, 0.3112
M5,30/06/23,17:17:20,     7,  1659,   422, 1011.2, 300,21.8,29.4, 0.0, 21, 0.0000,     0,26.7,29.8,11.3, 25,    12,    36, 0.4430, 0.3111
M5,30/06/23,17:17:21,     7,  1660,   422, 1011.2, 300,21.9,29.4, 0.0, 21, 0.0000,     0,26.7,29.8,11.3, 25,    13,    37, 0.4468, 0.3170
M5,30/06/23,17:17:22,     7,  1661,   422, 1011.2, 300,21.9,29.4, 0.0,  0, 0.0000,     0,26.7,29.8,11.3, 25,    13,    38, 0.4477, 0.3295
M5,30/06/23,17:17:23,     7,  1662,   423, 1011.2, 300,21.9,29.4, 0.0,  0, 0.0000,     0,26.7,29.8,11.3, 25,    13,    39, 0.4483, 0.3414
M5,30/06/23,17:17:24,     7,  1663,   423, 1011.2, 300,21.9,29.4, 0.0,  0, 0.0000,     0,26.7,29.8,11.3, 25,    14,    40, 0.4504, 0.3485
M5,30/06/23,17:17:25,     7,  1664,   423, 1011.2, 300,21.9,29.4, 0.0,  0, 0.0000,     0,26.7,29.8,11.3, 25,    14,    41, 0.4514, 0.3559
M5,30/06/23,17:17:26,     7,  1665,   424, 1011.2, 300,21.9,29.4, 0.0,  0, 0.0000,     0,26.7,29.8,11.3, 25,    14,    42, 0.4515, 0.3679
M5,30/06/23,17:17:27,     7,  1666,   424, 1011.2, 300,21.9,29.4, 0.0,  0, 0.0000,     0,26.7,29.8,11.3, 25,    14,    43, 0.4489, 0.3858
M5,30/06/23,17:17:28,     7,  1667,   424, 1011.1, 300,22.0,29.4, 0.0,  0, 0.0000,     0,26.7,29.8,11.3, 25,    14,    44, 0.4452, 0.4078
M5,30/06/23,17:17:29,     7,  1668,   424, 1011.1, 300,22.0,29.4, 0.0,  0, 0.0000,     0,26.7,29.8,11.3, 25,    14,    45, 0.4415, 0.4244
M5,30/06/23,17:17:30,     7,  1669,   424, 1011.1, 300,22.0,29.4, 0.0,  0, 0.0000,     0,26.7,29.8,11.3, 25,    15,    46, 0.4395, 0.4343
M5,30/06/23,17:17:31,     7,  1670,   425, 1011.1, 300,22.0,29.4, 0.0,  0, 0.0000,     0,26.7,29.8,11.3, 25,    15,    47, 0.4391, 0.4356
M5,30/06/23,17:17:32,     7,  1671,   426, 1011.1, 300,22.0,29.4, 0.0,  0, 0.0000,     0,26.7,29.8,11.3, 25,    16,    48, 0.4402, 0.4310
M5,30/06/23,17:17:33,     7,  1672,   426, 1011.1, 300,22.0,29.4, 0.0,  0, 0.0000,     0,26.7,29.8,11.3, 25,    16,    49, 0.4412, 0.4279
M5,30/06/23,17:17:34,     7,  1673,   426, 1011.1, 300,22.0,29.4, 0.0,  0, 0.0000,     0,26.7,29.8,11.3, 25,    17,    50, 0.4419, 0.4259
M5,30/06/23,17:17:35,     7,  1674,   427, 1011.1, 300,22.0,29.4, 0.0,  0, 0.0000,     0,26.7,29.8,11.3, 25,    17,    51, 0.4420, 0.4276
M5,30/06/23,17:17:36,     7,  1675,   427, 1011.1, 299,22.0,29.4, 0.0,  0, 0.0000,     0,26.7,29.9,11.3, 25,    17,    52, 0.4411, 0.4315
M5,30/06/23,17:17:37,     7,  1676,   427, 1011.1, 300,22.0,29.4, 0.0,  0, 0.0000,     0,26.7,29.9,11.3, 25,    17,    53, 0.4400, 0.4374
M5,30/06/23,17:17:38,     7,  1677,   427, 1011.1, 300,22.0,29.4, 0.0,  0, 0.0000,     0,26.7,29.9,11.3, 25,    18,    54, 0.4386, 0.4420
M5,30/06/23,17:17:39,     7,  1678,   428, 1011.1, 300,22.0,29.4, 0.0,  0, 0.0000,     0,26.7,29.9,11.3, 25,    18,    55, 0.4374, 0.4457
M5,30/06/23,17:17:40,     7,  1679,   428, 1011.1, 300,22.1,29.4, 0.0,  0, 0.0000,     0,26.7,29.9,11.3, 25,    18,    56, 0.4370, 0.4467
M5,30/06/23,17:17:41,     7,  1680,   429, 1011.1, 300,22.1,29.4, 0.0,  0, 0.0000,     0,26.7,29.9,11.3, 25,    19,    57, 0.4368, 0.4460
M5,30/06/23,17:17:42,     7,  1681,   429, 1011.1, 300,22.1,29.4, 0.0,  0, 0.0000,     0,26.9,29.9,11.2, 25,    19,    58, 0.4367, 0.4457
M5,30/06/23,17:17:43,     7,  1682,   429, 1011.1, 300,22.1,29.4, 0.0,  0, 0.0000,     0,26.9,29.9,11.2, 25,    20,    59, 0.4365, 0.4453
M5,30/06/23,17:17:44,     7,  1683,   430, 1011.1, 300,22.1,29.4, 0.0,  0, 0.0000,     0,26.9,29.9,11.2, 25,    20,    60, 0.4370, 0.4435
R5,30/06/23,17:17:44,     7,  1683,   430, 1011.1, 300,22.1,29.4, 0.0,  0, 0.0000,     0,26.9,29.9,11.2, 25,    20,    60, 0.4370, 0.4435
End
Start
M5,30/06/23,17:18:29,     7,  1727,   410, 1011.1, 301,21.4,29.5, 0.0,  0, 0.0000,     0,26.9,29.0,11.3, 20,     0,     1, 0.0000, 0.0000
M5,30/06/23,17:18:30,     7,  1728,   410, 1011.1, 300,21.4,29.5, 0.0,  0, 0.0000,     0,26.9,29.0,11.3, 20,     1,     2, 0.0000, 0.0000
M5,30/06/23,17:18:31,     7,  1729,   410, 1011.1, 300,21.5,29.5, 0.0,  0, 0.0000,     0,26.9,29.1,11.3, 20,     1,     3, 0.0000, 0.0000
M5,30/06/23,17:18:32,     7,  1730,   411, 1011.2, 300,21.5,29.5, 0.0,  0, 0.0000,     0,26.9,29.1,11.3, 20,     2,     4, 0.0000, 0.0000
M5,30/06/23,17:18:33,     7,  1731,   411, 1011.2, 300,21.5,29.5, 0.0,  0, 0.0000,     0,26.9,29.2,11.3, 20,     2,     5, 0.0000, 0.0000
M5,30/06/23,17:18:34,     7,  1732,   412, 1011.2, 300,21.5,29.5, 0.0,  0, 0.0000,     0,26.9,29.2,11.3, 20,     3,     6, 0.0000, 0.0000
M5,30/06/23,17:18:35,     7,  1733,   412, 1011.2, 300,21.5,29.5, 0.0,  0, 0.0000,     0,26.9,29.2,11.3, 20,     3,     7, 0.0000, 0.0000
M5,30/06/23,17:18:36,     7,  1734,   413, 1011.2, 300,21.5,29.5, 0.0,  0, 0.0000,     0,26.9,29.3,11.3, 20,     4,     8, 0.0000, 0.0000
M5,30/06/23,17:18:37,     7,  1735,   413, 1011.2, 300,21.5,29.5, 0.0,  0, 0.0000,     0,26.9,29.3,11.3, 20,     4,     9, 0.0000, 0.0000
M5,30/06/23,17:18:38,     7,  1736,   413, 1011.2, 300,21.6,29.5, 0.0,  0, 0.0000,     0,26.9,29.3,11.3, 25,     4,    10, 0.0000, 0.0000
M5,30/06/23,17:18:39,     7,  1737,   414, 1011.2, 300,21.6,29.5, 0.0,  0, 0.0000,     0,26.9,29.3,11.3, 25,     5,    11, 0.0000, 0.0000
M5,30/06/23,17:18:40,     7,  1738,   414, 1011.2, 300,21.6,29.5, 0.0,  0, 0.0000,     0,26.9,29.4,11.3, 25,     5,    12, 0.0000, 0.0000
M5,30/06/23,17:18:41,     7,  1739,   415, 1011.2, 300,21.6,29.5, 0.0,  0, 0.0000,     0,26.9,29.4,11.3, 25,     6,    13, 0.6221, 0.6217
M5,30/06/23,17:18:42,     7,  1740,   415, 1011.2, 300,21.6,29.5, 0.0,  0, 0.0000,     0,26.9,29.4,11.3, 25,     6,    14, 0.5756, 0.7066
M5,30/06/23,17:18:43,     7,  1741,   415, 1011.2, 300,21.6,29.5, 0.0,  0, 0.0000,     0,26.9,29.4,11.3, 25,     6,    15, 0.5433, 0.7175
M5,30/06/23,17:18:44,     7,  1742,   416, 1011.2, 300,21.6,29.5, 0.0,  0, 0.0000,     0,26.9,29.4,11.3, 25,     7,    16, 0.5160, 0.6965
M5,30/06/23,17:18:45,     7,  1743,   416, 1011.2, 300,21.6,29.5, 0.0,  0, 0.0000,     0,26.9,29.5,11.3, 25,     7,    17, 0.4983, 0.6703
M5,30/06/23,17:18:46,     7,  1744,   417, 1011.2, 300,21.6,29.5, 0.0,  0, 0.0000,     0,26.9,29.5,11.3, 25,     7,    18, 0.4972, 0.6056
M5,30/06/23,17:18:47,     7,  1745,   417, 1011.2, 300,21.7,29.6, 0.0,  0, 0.0000,     0,26.9,29.5,11.3, 25,     7,    19, 0.4719, 0.6444
M5,30/06/23,17:18:48,     7,  1746,   417, 1011.2, 300,21.7,29.6, 0.0,  0, 0.0000,     0,26.9,29.5,11.3, 25,     8,    20, 0.4446, 0.6645
M5,30/06/23,17:18:49,     7,  1747,   417, 1011.2, 300,21.7,29.6, 0.0,  0, 0.0000,     0,26.9,29.5,11.3, 25,     8,    21, 0.4279, 0.6470
M5,30/06/23,17:18:50,     7,  1748,   418, 1011.2, 300,21.7,29.6, 0.0,  0, 0.0000,     0,26.9,29.5,11.3, 25,     8,    22, 0.4253, 0.5977
M5,30/06/23,17:18:51,     7,  1749,   418, 1011.2, 300,21.7,29.6, 0.0,  0, 0.0000,     0,26.9,29.6,11.3, 25,     9,    23, 0.4166, 0.5780
M5,30/06/23,17:18:52,     7,  1750,   418, 1011.2, 300,21.7,29.5, 0.0,  0, 0.0000,     0,26.9,29.6,11.3, 25,     9,    24, 0.4163, 0.5388
M5,30/06/23,17:18:53,     7,  1751,   419, 1011.2, 300,21.7,29.5, 0.0,  0, 0.0000,     0,26.9,29.6,11.3, 25,    10,    25, 0.4205, 0.4960
M5,30/06/23,17:18:54,     7,  1752,   419, 1011.2, 300,21.7,29.5, 0.0,  0, 0.0000,     0,26.9,29.6,11.3, 25,    10,    26, 0.4242, 0.4702
M5,30/06/23,17:18:55,     7,  1753,   419, 1011.2, 300,21.7,29.5, 0.0,  0, 0.0000,     0,26.9,29.6,11.3, 25,    10,    27, 0.4260, 0.4535
M5,30/06/23,17:18:56,     7,  1754,   420, 1011.2, 300,21.7,29.5, 0.0,  0, 0.0000,     0,26.9,29.6,11.3, 25,    11,    28, 0.4304, 0.4324
M5,30/06/23,17:18:57,     7,  1755,   420, 1011.2, 300,21.8,29.5, 0.0,  0, 0.0000,     0,26.9,29.6,11.3, 25,    11,    29, 0.4342, 0.4217
M5,30/06/23,17:18:58,     7,  1756,   420, 1011.2, 300,21.8,29.5, 0.0,  0, 0.0000,     0,26.9,29.6,11.3, 25,    11,    30, 0.4334, 0.4251
M5,30/06/23,17:18:59,     7,  1757,   421, 1011.2, 300,21.8,29.5, 0.0,  0, 0.0000,     0,26.9,29.7,11.3, 25,    11,    31, 0.4330, 0.4283
M5,30/06/23,17:19:00,     7,  1758,   421, 1011.2, 300,21.8,29.5, 0.0,  0, 0.0000,     0,26.9,29.7,11.3, 25,    12,    32, 0.4345, 0.4229
M5,30/06/23,17:19:01,     7,  1759,   421, 1011.2, 300,21.8,29.6, 0.0,  0, 0.0000,     0,26.9,29.7,11.3, 25,    12,    33, 0.4367, 0.4215
M5,30/06/23,17:19:02,     7,  1760,   422, 1011.2, 300,21.8,29.6, 0.0,  0, 0.0000,     0,26.9,29.7,11.3, 25,    12,    34, 0.4346, 0.4298
M5,30/06/23,17:19:03,     7,  1761,   422, 1011.2, 300,21.8,29.6, 0.0,  0, 0.0000,     0,26.9,29.7,11.3, 25,    13,    35, 0.4331, 0.4358
M5,30/06/23,17:19:04,     7,  1762,   422, 1011.2, 300,21.8,29.6, 0.0,  0, 0.0000,     0,26.9,29.7,11.3, 25,    13,    36, 0.4315, 0.4398
M5,30/06/23,17:19:05,     7,  1763,   423, 1011.2, 300,21.8,29.6, 0.0,  0, 0.0000,     0,26.9,29.7,11.3, 25,    13,    37, 0.4302, 0.4425
M5,30/06/23,17:19:06,     7,  1764,   423, 1011.2, 300,21.9,29.6, 0.0,  0, 0.0000,     0,26.9,29.7,11.3, 25,    14,    38, 0.4295, 0.4446
M5,30/06/23,17:19:07,     7,  1765,   423, 1011.2, 300,21.9,29.6, 0.0,  0, 0.0000,     0,26.9,29.7,11.3, 25,    14,    39, 0.4285, 0.4455
M5,30/06/23,17:19:08,     7,  1766,   424, 1011.2, 300,21.9,29.6, 0.0,  0, 0.0000,     0,26.9,29.7,11.3, 25,    15,    40, 0.4303, 0.4372
M5,30/06/23,17:19:09,     7,  1767,   424, 1011.2, 300,21.9,29.6, 0.0,  0, 0.0000,     0,26.9,29.7,11.3, 25,    15,    41, 0.4315, 0.4311
M5,30/06/23,17:19:10,     7,  1768,   425, 1011.2, 300,21.9,29.6, 0.0,  0, 0.0000,     0,26.9,29.7,11.3, 25,    15,    42, 0.4340, 0.4235
M5,30/06/23,17:19:11,     7,  1769,   425, 1011.2, 300,21.9,29.6, 0.0,  0, 0.0000,     0,26.9,29.7,11.3, 25,    16,    43, 0.4356, 0.4180
M5,30/06/23,17:19:12,     7,  1770,   425, 1011.2, 300,21.9,29.6, 0.0,  0, 0.0000,     0,26.9,29.7,11.3, 25,    16,    44, 0.4369, 0.4146
M5,30/06/23,17:19:13,     7,  1771,   426, 1011.2, 300,21.9,29.6, 0.0,  0, 0.0000,     0,26.9,29.8,11.3, 25,    16,    45, 0.4379, 0.4127
M5,30/06/23,17:19:14,     7,  1772,   426, 1011.2, 300,21.9,29.6, 0.0,  0, 0.0000,     0,26.9,29.8,11.3, 25,    17,    46, 0.4386, 0.4119
M5,30/06/23,17:19:15,     7,  1773,   426, 1011.2, 300,21.9,29.6, 0.0,  0, 0.0000,     0,26.9,29.8,11.3, 25,    17,    47, 0.4396, 0.4123
M5,30/06/23,17:19:16,     7,  1774,   427, 1011.2, 300,21.9,29.6, 0.0,  0, 0.0000,     0,26.9,29.8,11.3, 25,    18,    48, 0.4408, 0.4100
M5,30/06/23,17:19:17,     7,  1775,   427, 1011.2, 300,21.9,29.6, 0.0,  0, 0.0000,     0,26.9,29.8,11.3, 25,    18,    49, 0.4417, 0.4090
M5,30/06/23,17:19:18,     7,  1776,   427, 1011.2, 300,21.9,29.6, 0.0,  0, 0.0000,     0,26.9,29.8,11.3, 25,    18,    50, 0.4424, 0.4088
M5,30/06/23,17:19:19,     7,  1777,   428, 1011.2, 300,21.9,29.6, 0.0,  0, 0.0000,     0,26.9,29.8,11.3, 25,    19,    51, 0.4430, 0.4093
M5,30/06/23,17:19:20,     7,  1778,   428, 1011.2, 300,22.0,29.6, 0.0,  0, 0.0000,     0,26.9,29.8,11.3, 25,    19,    52, 0.4432, 0.4132
M5,30/06/23,17:19:21,     7,  1779,   428, 1011.2, 300,22.0,29.6, 0.0,  0, 0.0000,     0,26.9,29.8,11.3, 25,    19,    53, 0.4429, 0.4164
M5,30/06/23,17:19:22,     7,  1780,   429, 1011.2, 300,22.0,29.6, 0.0,  0, 0.0000,     0,26.9,29.8,11.3, 25,    20,    54, 0.4432, 0.4179
M5,30/06/23,17:19:23,     7,  1781,   429, 1011.2, 300,22.0,29.6, 0.0,  0, 0.0000,     0,26.9,29.8,11.3, 25,    20,    55, 0.4432, 0.4193
M5,30/06/23,17:19:24,     7,  1782,   429, 1011.2, 300,22.0,29.6, 0.0,  0, 0.0000,     0,26.9,29.8,11.3, 25,    20,    56, 0.4433, 0.4210
M5,30/06/23,17:19:25,     7,  1783,   430, 1011.2, 300,22.0,29.6, 0.0,  0, 0.0000,     0,26.9,29.8,11.3, 25,    20,    57, 0.4432, 0.4228
M5,30/06/23,17:19:26,     7,  1784,   430, 1011.2, 300,22.0,29.6, 0.0,  0, 0.0000,     0,26.9,29.8,11.3, 25,    21,    58, 0.4430, 0.4245
M5,30/06/23,17:19:27,     7,  1785,   430, 1011.2, 300,22.0,29.6, 0.0,  0, 0.0000,     0,26.9,29.8,11.3, 25,    21,    59, 0.4436, 0.4247
M5,30/06/23,17:19:28,     7,  1786,   431, 1011.2, 300,22.0,29.6, 0.0,  0, 0.0000,     0,26.9,29.8,11.3, 25,    22,    60, 0.4443, 0.4232
R5,30/06/23,17:19:28,     7,  1786,   431, 1011.2, 300,22.0,29.6, 0.0,  0, 0.0000,     0,26.9,29.8,11.3, 25,    22,    60, 0.4443, 0.4232
End
Zero
Start
M5,30/06/23,17:23:33,     8,  2030,   420, 1011.2, 300,21.2,29.6, 0.0,  0, 0.0000,     0,26.7,27.5,12.9, 20,     2,     1, 0.0000, 0.0000
M5,30/06/23,17:23:34,     8,  2031,   421, 1011.2, 301,21.2,29.6, 0.0,  0, 0.0000,     0,26.7,27.5,12.9, 20,     4,     2, 0.0000, 0.0000
M5,30/06/23,17:23:35,     8,  2032,   423, 1011.2, 300,21.2,29.6, 0.0,  0, 0.0000,     0,26.7,27.5,12.9, 20,     5,     3, 0.0000, 0.0000
M5,30/06/23,17:23:36,     8,  2033,   424, 1011.2, 300,21.3,29.6, 0.0,  0, 0.0000,     0,26.4,27.6,12.9, 20,     6,     4, 0.0000, 0.0000
M5,30/06/23,17:23:37,     8,  2034,   425, 1011.2, 300,21.3,29.6, 0.0,  0, 0.0000,     0,26.4,27.6,12.9, 20,     7,     5, 0.0000, 0.0000
M5,30/06/23,17:23:38,     8,  2035,   426, 1011.2, 300,21.3,29.6, 0.0,  0, 0.0000,     0,26.4,27.6,12.9, 20,     8,     6, 0.0000, 0.0000
M5,30/06/23,17:23:39,     8,  2036,   426, 1011.2, 300,21.3,29.6, 0.0,  0, 0.0000,     0,26.4,27.6,12.9, 20,     9,     7, 0.0000, 0.0000
M5,30/06/23,17:23:40,     8,  2037,   427, 1011.2, 300,21.3,29.6, 0.0,  0, 0.0000,     0,26.4,27.6,12.9, 20,     9,     8, 0.0000, 0.0000
M5,30/06/23,17:23:41,     8,  2038,   428, 1011.2, 300,21.4,29.6, 0.0,  0, 0.0000,     0,26.4,27.7,12.9, 20,    10,     9, 0.0000, 0.0000
M5,30/06/23,17:23:42,     8,  2039,   428, 1011.2, 300,21.4,29.6, 0.0,  0, 0.0000,     0,26.4,27.7,12.9, 25,    10,    10, 0.0000, 0.0000
M5,30/06/23,17:23:43,     8,  2040,   429, 1011.2, 300,21.5,29.6, 0.0,  0, 0.0000,     0,26.4,27.7,12.9, 25,    11,    11, 0.0000, 0.0000
M5,30/06/23,17:23:44,     8,  2041,   429, 1011.2, 300,21.5,29.6, 0.0,  0, 0.0000,     0,26.4,27.7,12.9, 25,    11,    12, 0.0000, 0.0000
M5,30/06/23,17:23:45,     8,  2042,   429, 1011.2, 300,21.5,29.6, 0.0,  0, 0.0000,     0,26.4,27.7,12.9, 25,    12,    13, 0.5561, 0.6853
M5,30/06/23,17:23:46,     8,  2043,   430, 1011.2, 300,21.5,29.6, 0.0,  0, 0.0000,     0,26.4,27.7,12.9, 25,    12,    14, 0.5524, 0.5938
M5,30/06/23,17:23:47,     8,  2044,   430, 1011.2, 300,21.5,29.6, 0.0,  0, 0.0000,     0,26.4,27.8,12.9, 25,    13,    15, 0.5303, 0.6068
M5,30/06/23,17:23:48,     8,  2045,   430, 1011.2, 300,21.6,29.6, 0.0,  0, 0.0000,     0,26.4,27.8,12.9, 25,    13,    16, 0.4921, 0.6674
M5,30/06/23,17:23:49,     8,  2046,   431, 1011.2, 300,21.6,29.6, 0.0,  0, 0.0000,     0,26.4,27.8,12.9, 25,    13,    17, 0.4655, 0.6521
M5,30/06/23,17:23:50,     8,  2047,   431, 1011.2, 300,21.7,29.6, 0.0,  0, 0.0000,     0,26.4,27.8,12.9, 25,    14,    18, 0.4801, 0.5526
M5,30/06/23,17:23:51,     8,  2048,   432, 1011.2, 300,21.7,29.6, 0.0,  0, 0.0000,     0,26.4,27.8,12.9, 25,    15,    19, 0.5244, 0.3984
M5,30/06/23,17:23:52,     8,  2049,   433, 1011.2, 300,21.8,29.6, 0.0, 21, 0.0000,     0,26.4,27.8,12.9, 25,    15,    20, 0.5663, 0.3320
M5,30/06/23,17:23:53,     8,  2050,   434, 1011.2, 300,21.8,29.6, 0.0, 21, 0.0000,     0,26.4,27.8,12.9, 25,    16,    21, 0.5966, 0.3053
M5,30/06/23,17:23:54,     8,  2051,   434, 1011.2, 300,21.8,29.6, 0.0, 21, 0.0000,     0,26.4,27.8,12.9, 25,    17,    22, 0.6241, 0.3058
M5,30/06/23,17:23:55,     8,  2052,   435, 1011.2, 300,21.8,29.6, 0.0, 21, 0.0000,     0,26.4,27.8,12.9, 25,    17,    23, 0.6336, 0.3523
M5,30/06/23,17:23:56,     8,  2053,   435, 1011.2, 300,21.8,29.6, 0.0, 21, 0.0000,     0,26.4,27.8,12.9, 25,    17,    24, 0.6391, 0.3978
M5,30/06/23,17:23:57,     8,  2054,   435, 1011.2, 300,21.9,29.6, 0.0, 21, 0.0000,     0,26.4,27.8,12.9, 25,    18,    25, 0.6399, 0.4550
M5,30/06/23,17:23:58,     8,  2055,   436, 1011.2, 300,21.9,29.6, 0.0,  0, 0.0000,     0,26.4,27.8,12.9, 25,    18,    26, 0.6382, 0.4959
M5,30/06/23,17:23:59,     8,  2056,   437, 1011.2, 300,21.9,29.6, 0.0,  0, 0.0000,     0,26.4,27.9,12.9, 25,    19,    27, 0.6416, 0.5169
M5,30/06/23,17:24:00,     8,  2057,   437, 1011.2, 300,21.9,29.6, 0.0,  0, 0.0000,     0,26.4,27.9,12.9, 25,    19,    28, 0.6422, 0.5350
M5,30/06/23,17:24:01,     8,  2058,   437, 1011.2, 300,22.0,29.6, 0.0,  0, 0.0000,     0,26.4,27.9,12.9, 25,    19,    29, 0.6350, 0.5814
M5,30/06/23,17:24:02,     8,  2059,   437, 1011.2, 300,22.0,29.6, 0.0,  0, 0.0000,     0,26.4,27.9,12.9, 25,    19,    30, 0.6177, 0.6450
M5,30/06/23,17:24:03,     8,  2060,   437, 1011.2, 300,22.0,29.6, 0.0,  0, 0.0000,     0,26.4,27.9,12.9, 25,    19,    31, 0.6006, 0.6948
M5,30/06/23,17:24:04,     8,  2061,   438, 1011.2, 300,22.0,29.6, 0.0,  0, 0.0000,     0,26.4,27.9,12.9, 25,    20,    32, 0.5890, 0.7219
M5,30/06/23,17:24:05,     8,  2062,   439, 1011.2, 300,22.0,29.6, 0.0,  0, 0.0000,     0,26.4,27.9,12.9, 25,    21,    33, 0.5852, 0.7113
M5,30/06/23,17:24:07,     8,  2063,   439, 1011.2, 300,22.1,29.6, 0.0,  0, 0.0000,     0,26.4,27.9,12.9, 25,    22,    34, 0.5880, 0.6882
M5,30/06/23,17:24:08,     8,  2064,   440, 1011.2, 300,22.1,29.6, 0.0,  0, 0.0000,     0,26.4,27.9,12.9, 25,    22,    35, 0.5888, 0.6678
M5,30/06/23,17:24:09,     8,  2065,   440, 1011.2, 300,22.2,29.6, 0.0,  0, 0.0000,     0,26.4,27.9,12.9, 25,    23,    36, 0.5895, 0.6582
M5,30/06/23,17:24:10,     8,  2066,   441, 1011.2, 300,22.2,29.6, 0.0,  0, 0.0000,     0,26.4,27.9,12.9, 25,    23,    37, 0.5890, 0.6480
M5,30/06/23,17:24:11,     8,  2067,   441, 1011.2, 300,22.2,29.6, 0.0,  0, 0.0000,     0,26.4,27.9,12.9, 25,    23,    38, 0.5872, 0.6440
M5,30/06/23,17:24:12,     8,  2068,   442, 1011.2, 300,22.2,29.6, 0.0,  0, 0.0000,     0,26.4,27.9,12.9, 25,    24,    39, 0.5878, 0.6349
M5,30/06/23,17:24:13,     8,  2069,   442, 1011.2, 300,22.2,29.6, 0.0,  0, 0.0000,     0,26.4,27.9,12.9, 25,    25,    40, 0.5879, 0.6264
M5,30/06/23,17:24:14,     8,  2070,   443, 1011.2, 300,22.3,29.6, 0.0,  0, 0.0000,     0,26.4,27.9,12.9, 25,    25,    41, 0.5879, 0.6241
M5,30/06/23,17:24:15,     8,  2071,   443, 1011.2, 300,22.3,29.6, 0.0,  0, 0.0000,     0,26.4,27.9,12.9, 25,    25,    42, 0.5872, 0.6204
M5,30/06/23,17:24:16,     8,  2072,   444, 1011.2, 300,22.3,29.6, 0.0,  0, 0.0000,     0,26.4,27.9,12.9, 25,    26,    43, 0.5873, 0.6171
M5,30/06/23,17:24:17,     8,  2073,   444, 1011.2, 300,22.3,29.6, 0.0,  0, 0.0000,     0,26.4,27.9,12.9, 25,    26,    44, 0.5861, 0.6165
M5,30/06/23,17:24:18,     8,  2074,   444, 1011.2, 300,22.3,29.6, 0.0,  0, 0.0000,     0,26.4,27.9,12.9, 25,    27,    45, 0.5859, 0.6157
M5,30/06/23,17:24:19,     8,  2075,   445, 1011.2, 300,22.3,29.6, 0.0,  0, 0.0000,     0,26.4,27.9,12.9, 25,    27,    46, 0.5843, 0.6165
M5,30/06/23,17:24:20,     8,  2076,   445, 1011.2, 300,22.3,29.6, 0.0,  0, 0.0000,     0,26.4,27.9,12.9, 25,    28,    47, 0.5831, 0.6160
M5,30/06/23,17:24:21,     8,  2077,   446, 1011.2, 300,22.4,29.6, 0.0,  0, 0.0000,     0,26.4,27.9,12.9, 25,    28,    48, 0.5825, 0.6150
M5,30/06/23,17:24:22,     8,  2078,   446, 1011.2, 300,22.4,29.6, 0.0,  0, 0.0000,     0,26.4,27.9,12.9, 25,    29,    49, 0.5818, 0.6129
M5,30/06/23,17:24:23,     8,  2079,   447, 1011.2, 300,22.4,29.6, 0.0,  0, 0.0000,     0,26.4,27.9,12.9, 25,    29,    50, 0.5822, 0.6112
M5,30/06/23,17:24:24,     8,  2080,   447, 1011.2, 300,22.4,29.6, 0.0,  0, 0.0000,     0,26.4,27.9,12.9, 25,    29,    51, 0.5800, 0.6149
M5,30/06/23,17:24:25,     8,  2081,   447, 1011.2, 300,22.5,29.6, 0.0,  0, 0.0000,     0,26.4,27.9,12.9, 25,    30,    52, 0.5786, 0.6172
M5,30/06/23,17:24:26,     8,  2082,   448, 1011.2, 300,22.5,29.6, 0.0,  0, 0.0000,     0,26.4,27.9,12.9, 25,    30,    53, 0.5765, 0.6199
M5,30/06/23,17:24:27,     8,  2083,   448, 1011.2, 300,22.5,29.6, 0.0,  0, 0.0000,     0,26.4,27.9,12.9, 25,    30,    54, 0.5736, 0.6254
M5,30/06/23,17:24:28,     8,  2084,   448, 1011.2, 300,22.5,29.6, 0.0,  0, 0.0000,     0,26.4,27.9,12.9, 25,    30,    55, 0.5712, 0.6311
M5,30/06/23,17:24:29,     8,  2085,   449, 1011.2, 300,22.5,29.6, 0.0,  0, 0.0000,     0,26.4,27.9,12.9, 25,    31,    56, 0.5687, 0.6342
M5,30/06/23,17:24:30,     8,  2086,   449, 1011.2, 300,22.6,29.6, 0.0,  0, 0.0000,     0,26.4,27.9,12.9, 25,    31,    57, 0.5672, 0.6358
M5,30/06/23,17:24:31,     8,  2087,   450, 1011.2, 300,22.6,29.6, 0.0,  0, 0.0000,     0,26.4,27.9,12.9, 25,    32,    58, 0.5660, 0.6337
M5,30/06/23,17:24:32,     8,  2088,   450, 1011.2, 300,22.6,29.6, 0.0,  0, 0.0000,     0,26.4,27.9,12.9, 25,    32,    59, 0.5651, 0.6332
M5,30/06/23,17:24:33,     8,  2089,   450, 1011.2, 300,22.6,29.6, 0.0,  0, 0.0000,     0,26.4,27.9,12.9, 25,    33,    60, 0.5635, 0.6329
R5,30/06/23,17:24:33,     8,  2089,   450, 1011.2, 300,22.6,29.6, 0.0,  0, 0.0000,     0,26.4,27.9,12.9, 25,    33,    60, 0.5635, 0.6329
End
Start
M5,30/06/23,17:25:17,     8,  2133,   415, 1011.3, 300,21.1,29.6, 0.0,  0, 0.0000,     0,26.2,27.5,13.0, 20,     1,     1, 0.0000, 0.0000
M5,30/06/23,17:25:18,     8,  2134,   416, 1011.3, 300,21.1,29.6, 0.0,  0, 0.0000,     0,26.2,27.5,13.0, 20,     2,     2, 0.0000, 0.0000
M5,30/06/23,17:25:19,     8,  2135,   417, 1011.3, 300,21.1,29.6, 0.0,  0, 0.0000,     0,26.2,27.5,13.0, 20,     3,     3, 0.0000, 0.0000
M5,30/06/23,17:25:20,     8,  2136,   418, 1011.3, 300,21.1,29.6, 0.0,  0, 0.0000,     0,26.2,27.5,13.0, 20,     4,     4, 0.0000, 0.0000
M5,30/06/23,17:25:21,     8,  2137,   418, 1011.3, 300,21.2,29.6, 0.0,  0, 0.0000,     0,26.2,27.5,13.0, 20,     4,     5, 0.0000, 0.0000
M5,30/06/23,17:25:22,     8,  2138,   419, 1011.3, 300,21.2,29.6, 0.0,  0, 0.0000,     0,26.2,27.6,13.0, 20,     5,     6, 0.0000, 0.0000
M5,30/06/23,17:25:23,     8,  2139,   419, 1011.3, 300,21.2,29.6, 0.0,  0, 0.0000,     0,26.2,27.6,13.0, 20,     6,     7, 0.0000, 0.0000
M5,30/06/23,17:25:24,     8,  2140,   420, 1011.3, 300,21.2,29.6, 0.0,  0, 0.0000,     0,26.2,27.6,13.0, 20,     6,     8, 0.0000, 0.0000
M5,30/06/23,17:25:25,     8,  2141,   420, 1011.3, 300,21.3,29.6, 0.0,  0, 0.0000,     0,26.2,27.6,13.0, 20,     6,     9, 0.0000, 0.0000
M5,30/06/23,17:25:26,     8,  2142,   421, 1011.3, 300,21.3,29.6, 0.0,  0, 0.0000,     0,26.2,27.6,13.0, 25,     7,    10, 0.0000, 0.0000
M5,30/06/23,17:25:27,     8,  2143,   421, 1011.3, 300,21.3,29.6, 0.0,  0, 0.0000,     0,26.2,27.6,13.0, 25,     7,    11, 0.0000, 0.0000
M5,30/06/23,17:25:28,     8,  2144,   422, 1011.3, 300,21.3,29.6, 0.0,  0, 0.0000,     0,26.2,27.6,13.0, 25,     8,    12, 0.0000, 0.0000
M5,30/06/23,17:25:29,     8,  2145,   422, 1011.3, 300,21.3,29.6, 0.0, 21, 0.0000,     0,26.2,27.7,13.0, 25,     8,    13, 0.4653, 0.3157
M5,30/06/23,17:25:30,     8,  2146,   423, 1011.3, 300,21.4,29.6, 0.0, 21, 0.0000,     0,26.2,27.7,13.0, 25,     9,    14, 0.5495, 0.2655
M5,30/06/23,17:25:31,     8,  2147,   423, 1011.3, 300,21.4,29.6, 0.0, 21, 0.0000,     0,26.2,27.7,13.0, 25,     9,    15, 0.6081, 0.2831
M5,30/06/23,17:25:32,     8,  2148,   424, 1011.3, 300,21.5,29.6, 0.0, 21, 0.0000,     0,26.2,27.7,13.0, 25,    10,    16, 0.6349, 0.3886
M5,30/06/23,17:25:33,     8,  2149,   424, 1011.3, 300,21.5,29.6, 0.0,  0, 0.0000,     0,26.2,27.7,13.0, 25,    10,    17, 0.6399, 0.4709
M5,30/06/23,17:25:34,     8,  2150,   425, 1011.3, 300,21.5,29.6, 0.0,  0, 0.0000,     0,26.2,27.7,12.9, 25,    11,    18, 0.6298, 0.5676
M5,30/06/23,17:25:35,     8,  2151,   425, 1011.3, 300,21.5,29.6, 0.0,  0, 0.0000,     0,26.2,27.7,12.9, 25,    11,    19, 0.6102, 0.6362
M5,30/06/23,17:25:36,     8,  2152,   425, 1011.3, 300,21.5,29.6, 0.0,  0, 0.0000,     0,26.2,27.7,12.9, 25,    11,    20, 0.5900, 0.6800
M5,30/06/23,17:25:37,     8,  2153,   426, 1011.3, 300,21.6,29.6, 0.0,  0, 0.0000,     0,26.2,27.7,12.9, 25,    12,    21, 0.5737, 0.7070
M5,30/06/23,17:25:38,     8,  2154,   426, 1011.3, 300,21.6,29.6, 0.0,  0, 0.0000,     0,26.2,27.7,12.9, 25,    12,    22, 0.5565, 0.7176
M5,30/06/23,17:25:39,     8,  2155,   426, 1011.3, 300,21.6,29.6, 0.0,  0, 0.0000,     0,26.2,27.8,12.9, 25,    13,    23, 0.5496, 0.7044
M5,30/06/23,17:25:40,     8,  2156,   427, 1011.3, 300,21.6,29.6, 0.0,  0, 0.0000,     0,26.2,27.8,13.0, 25,    13,    24, 0.5445, 0.6787
M5,30/06/23,17:25:41,     8,  2157,   427, 1011.3, 300,21.7,29.6, 0.0,  0, 0.0000,     0,26.2,27.8,13.0, 25,    14,    25, 0.5447, 0.6536
M5,30/06/23,17:25:42,     8,  2158,   428, 1011.3, 300,21.7,29.6, 0.0,  0, 0.0000,     0,26.2,27.8,13.0, 25,    14,    26, 0.5443, 0.6278
M5,30/06/23,17:25:43,     8,  2159,   428, 1011.2, 300,21.7,29.6, 0.0,  0, 0.0000,     0,26.2,27.8,13.0, 25,    15,    27, 0.5452, 0.6043
M5,30/06/23,17:25:44,     8,  2160,   429, 1011.2, 300,21.7,29.6, 0.0,  0, 0.0000,     0,26.2,27.8,13.0, 25,    15,    28, 0.5460, 0.5939
M5,30/06/23,17:25:45,     8,  2161,   429, 1011.2, 300,21.7,29.6, 0.0,  0, 0.0000,     0,26.2,27.8,13.0, 25,    15,    29, 0.5462, 0.5813
M5,30/06/23,17:25:46,     8,  2162,   430, 1011.2, 300,21.8,29.6, 0.0,  0, 0.0000,     0,26.2,27.8,13.0, 25,    16,    30, 0.5481, 0.5704
M5,30/06/23,17:25:47,     8,  2163,   430, 1011.2, 300,21.8,29.6, 0.0,  0, 0.0000,     0,26.2,27.8,13.0, 25,    16,    31, 0.5494, 0.5596
M5,30/06/23,17:25:48,     8,  2164,   431, 1011.2, 300,21.9,29.6, 0.0,  0, 0.0000,     0,26.2,27.8,13.0, 25,    17,    32, 0.5525, 0.5517
M5,30/06/23,17:25:49,     8,  2165,   431, 1011.3, 300,21.9,29.6, 0.0,  0, 0.0000,     0,26.2,27.8,13.0, 25,    17,    33, 0.5520, 0.5507
M5,30/06/23,17:25:50,     8,  2166,   431, 1011.3, 300,21.9,29.6, 0.0,  0, 0.0000,     0,26.2,27.8,13.0, 25,    17,    34, 0.5484, 0.5608
M5,30/06/23,17:25:51,     8,  2167,   432, 1011.3, 300,21.9,29.6, 0.0,  0, 0.0000,     0,26.2,27.8,13.0, 25,    18,    35, 0.5472, 0.5660
M5,30/06/23,17:25:52,     8,  2168,   432, 1011.3, 300,21.9,29.6, 0.0,  0, 0.0000,     0,26.2,27.8,13.0, 25,    18,    36, 0.5458, 0.5661
M5,30/06/23,17:25:53,     8,  2169,   433, 1011.3, 300,22.0,29.6, 0.0,  0, 0.0000,     0,26.2,27.8,13.0, 25,    19,    37, 0.5478, 0.5599
M5,30/06/23,17:25:54,     8,  2170,   433, 1011.3, 300,22.0,29.6, 0.0,  0, 0.0000,     0,26.2,27.8,13.0, 25,    20,    38, 0.5488, 0.5527
M5,30/06/23,17:25:55,     8,  2171,   434, 1011.3, 299,22.0,29.5, 0.0,  0, 0.0000,     0,26.2,27.8,13.0, 25,    20,    39, 0.5504, 0.5466
M5,30/06/23,17:25:56,     8,  2172,   434, 1011.3, 300,22.0,29.5, 0.0,  0, 0.0000,     0,26.2,27.9,12.9, 25,    20,    40, 0.5517, 0.5406
M5,30/06/23,17:25:57,     8,  2173,   435, 1011.3, 300,22.0,29.5, 0.0,  0, 0.0000,     0,26.2,27.9,12.9, 25,    21,    41, 0.5539, 0.5362
M5,30/06/23,17:25:58,     8,  2174,   435, 1011.3, 300,22.0,29.5, 0.0,  0, 0.0000,     0,26.2,27.9,12.9, 25,    21,    42, 0.5542, 0.5353
M5,30/06/23,17:25:59,     8,  2175,   436, 1011.3, 300,22.0,29.5, 0.0,  0, 0.0000,     0,26.2,27.9,12.9, 25,    22,    43, 0.5547, 0.5339
M5,30/06/23,17:26:00,     8,  2176,   436, 1011.3, 300,22.1,29.6, 0.0,  0, 0.0000,     0,26.2,27.9,12.9, 25,    22,    44, 0.5554, 0.5365
M5,30/06/23,17:26:01,     8,  2177,   437, 1011.3, 300,22.1,29.6, 0.0,  0, 0.0000,     0,26.2,27.9,12.9, 25,    23,    45, 0.5554, 0.5370
M5,30/06/23,17:26:02,     8,  2178,   437, 1011.3, 300,22.2,29.5, 0.0,  0, 0.0000,     0,26.2,27.9,12.9, 25,    23,    46, 0.5562, 0.5372
M5,30/06/23,17:26:03,     8,  2179,   437, 1011.3, 300,22.2,29.5, 0.0,  0, 0.0000,     0,26.2,27.9,12.9, 25,    23,    47, 0.5557, 0.5392
M5,30/06/23,17:26:04,     8,  2180,   438, 1011.3, 300,22.2,29.5, 0.0,  0, 0.0000,     0,26.2,27.9,12.9, 25,    24,    48, 0.5556, 0.5423
M5,30/06/23,17:26:05,     8,  2181,   438, 1011.3, 300,22.2,29.5, 0.0,  0, 0.0000,     0,26.2,27.9,12.9, 25,    24,    49, 0.5552, 0.5435
M5,30/06/23,17:26:06,     8,  2182,   439, 1011.3, 300,22.2,29.5, 0.0,  0, 0.0000,     0,26.2,27.9,12.9, 25,    25,    50, 0.5551, 0.5437
M5,30/06/23,17:26:07,     8,  2183,   439, 1011.2, 300,22.2,29.5, 0.0,  0, 0.0000,     0,26.2,27.9,12.9, 25,    25,    51, 0.5558, 0.5437
M5,30/06/23,17:26:08,     8,  2184,   440, 1011.2, 300,22.2,29.5, 0.0,  0, 0.0000,     0,26.2,27.9,12.9, 25,    26,    52, 0.5561, 0.5427
M5,30/06/23,17:26:09,     8,  2185,   440, 1011.2, 300,22.3,29.5, 0.0,  0, 0.0000,     0,26.2,27.9,12.9, 25,    26,    53, 0.5563, 0.5440
M5,30/06/23,17:26:10,     8,  2186,   441, 1011.2, 300,22.3,29.5, 0.0,  0, 0.0000,     0,26.2,27.9,12.9, 25,    27,    54, 0.5562, 0.5440
M5,30/06/23,17:26:11,     8,  2187,   441, 1011.2, 300,22.3,29.5, 0.0,  0, 0.0000,     0,26.2,27.9,12.9, 25,    27,    55, 0.5568, 0.5440
M5,30/06/23,17:26:12,     8,  2188,   441, 1011.3, 300,22.3,29.5, 0.0,  0, 0.0000,     0,26.2,27.9,13.0, 25,    27,    56, 0.5564, 0.5451
M5,30/06/23,17:26:13,     8,  2189,   442, 1011.3, 300,22.3,29.5, 0.0,  0, 0.0000,     0,26.2,27.9,13.0, 25,    28,    57, 0.5557, 0.5475
M5,30/06/23,17:26:14,     8,  2190,   442, 1011.3, 300,22.4,29.5, 0.0,  0, 0.0000,     0,26.2,27.9,13.0, 25,    28,    58, 0.5551, 0.5511
M5,30/06/23,17:26:15,     8,  2191,   442, 1011.3, 300,22.4,29.5, 0.0,  0, 0.0000,     0,26.2,27.9,13.0, 25,    28,    59, 0.5539, 0.5549
M5,30/06/23,17:26:16,     8,  2192,   443, 1011.3, 300,22.4,29.5, 0.0,  0, 0.0000,     0,26.2,27.9,13.0, 25,    29,    60, 0.5530, 0.5596
R5,30/06/23,17:26:16,     8,  2192,   443, 1011.3, 300,22.4,29.5, 0.0,  0, 0.0000,     0,26.2,27.9,13.0, 25,    29,    60, 0.5530, 0.5596
End
Start
M5,30/06/23,17:27:04,     8,  2239,   420, 1011.3, 301,21.4,29.5, 0.0,  0, 0.0000,     0,26.2,27.3,12.9, 20,     2,     1, 0.0000, 0.0000
M5,30/06/23,17:27:05,     8,  2240,   421, 1011.3, 300,21.4,29.5, 0.0,  0, 0.0000,     0,26.2,27.4,12.9, 20,     3,     2, 0.0000, 0.0000
M5,30/06/23,17:27:06,     8,  2241,   422, 1011.3, 300,21.4,29.5, 0.0,  0, 0.0000,     0,26.2,27.4,12.9, 20,     4,     3, 0.0000, 0.0000
M5,30/06/23,17:27:07,     8,  2242,   423, 1011.3, 300,21.5,29.5, 0.0,  0, 0.0000,     0,26.2,27.4,12.9, 20,     5,     4, 0.0000, 0.0000
M5,30/06/23,17:27:08,     8,  2243,   424, 1011.3, 300,21.5,29.5, 0.0,  0, 0.0000,     0,26.2,27.4,12.9, 20,     6,     5, 0.0000, 0.0000
M5,30/06/23,17:27:09,     8,  2244,   425, 1011.3, 300,21.5,29.5, 0.0,  0, 0.0000,     0,26.2,27.4,12.9, 20,     6,     6, 0.0000, 0.0000
M5,30/06/23,17:27:10,     8,  2245,   425, 1011.3, 300,21.5,29.5, 0.0,  0, 0.0000,     0,26.2,27.5,12.9, 20,     7,     7, 0.0000, 0.0000
M5,30/06/23,17:27:11,     8,  2246,   426, 1011.3, 300,21.5,29.5, 0.0,  0, 0.0000,     0,25.9,27.5,12.9, 20,     8,     8, 0.0000, 0.0000
M5,30/06/23,17:27:12,     8,  2247,   426, 1011.3, 300,21.6,29.5, 0.0,  0, 0.0000,     0,25.9,27.5,12.9, 20,     8,     9, 0.0000, 0.0000
M5,30/06/23,17:27:13,     8,  2248,   427, 1011.3, 300,21.6,29.5, 0.0,  0, 0.0000,     0,25.9,27.5,12.9, 25,     8,    10, 0.0000, 0.0000
M5,30/06/23,17:27:14,     8,  2249,   427, 1011.3, 300,21.6,29.5, 0.0,  0, 0.0000,     0,25.9,27.5,12.9, 25,     9,    11, 0.0000, 0.0000
M5,30/06/23,17:27:15,     8,  2250,   428, 1011.3, 300,21.6,29.5, 0.0,  0, 0.0000,     0,25.9,27.5,12.9, 25,     9,    12, 0.0000, 0.0000
M5,30/06/23,17:27:16,     8,  2251,   428, 1011.3, 300,21.6,29.5, 0.0,  0, 0.0000,     0,25.9,27.5,12.9, 25,    10,    13, 0.6721, 0.5220
M5,30/06/23,17:27:17,     8,  2252,   429, 1011.3, 300,21.7,29.5, 0.0,  0, 0.0000,     0,26.2,27.5,12.9, 25,    11,    14, 0.6791, 0.6251
M5,30/06/23,17:27:18,     8,  2253,   429, 1011.3, 300,21.7,29.5, 0.0,  0, 0.0000,     0,26.2,27.5,12.9, 25,    11,    15, 0.6378, 0.7305
M5,30/06/23,17:27:19,     8,  2254,   430, 1011.2, 300,21.8,29.5, 0.0,  0, 0.0000,     0,26.2,27.6,12.9, 25,    11,    16, 0.6264, 0.7254
M5,30/06/23,17:27:20,     8,  2255,   430, 1011.2, 300,21.8,29.5, 0.0,  0, 0.0000,     0,26.2,27.6,12.9, 25,    12,    17, 0.6169, 0.6992
M5,30/06/23,17:27:21,     8,  2256,   431, 1011.2, 300,21.8,29.5, 0.0,  0, 0.0000,     0,26.2,27.6,12.9, 25,    12,    18, 0.6143, 0.6781
M5,30/06/23,17:27:22,     8,  2257,   431, 1011.2, 300,21.8,29.5, 0.0,  0, 0.0000,     0,25.9,27.6,12.9, 25,    13,    19, 0.6218, 0.6291
M5,30/06/23,17:27:23,     8,  2258,   432, 1011.2, 301,21.8,29.5, 0.0,  0, 0.0000,     0,25.9,27.6,12.9, 25,    14,    20, 0.6250, 0.6121
M5,30/06/23,17:27:24,     8,  2259,   432, 1011.3, 300,21.9,29.5, 0.0,  0, 0.0000,     0,25.9,27.6,12.9, 25,    14,    21, 0.6218, 0.6359
M5,30/06/23,17:27:25,     8,  2260,   432, 1011.3, 300,21.9,29.5, 0.0,  0, 0.0000,     0,25.9,27.6,12.9, 25,    14,    22, 0.6054, 0.6759
M5,30/06/23,17:27:26,     8,  2261,   432, 1011.3, 300,21.9,29.5, 0.0,  0, 0.0000,     0,25.9,27.6,12.9, 25,    14,    23, 0.5853, 0.7217
M5,30/06/23,17:27:27,     8,  2262,   433, 1011.3, 300,21.9,29.5, 0.0,  0, 0.0000,     0,25.9,27.6,12.9, 25,    15,    24, 0.5766, 0.7118
M5,30/06/23,17:27:28,     8,  2263,   434, 1011.3, 300,22.0,29.5, 0.0,  0, 0.0000,     0,25.9,27.6,12.9, 25,    16,    25, 0.5831, 0.6688
M5,30/06/23,17:27:29,     8,  2264,   434, 1011.3, 300,22.0,29.5, 0.0,  0, 0.0000,     0,25.9,27.6,12.9, 25,    16,    26, 0.5859, 0.6374
M5,30/06/23,17:27:30,     8,  2265,   435, 1011.3, 300,22.1,29.5, 0.0,  0, 0.0000,     0,25.9,27.6,12.9, 25,    17,    27, 0.5930, 0.6056
M5,30/06/23,17:27:31,     8,  2266,   436, 1011.3, 300,22.1,29.5, 0.0,  0, 0.0000,     0,25.9,27.6,12.9, 25,    17,    28, 0.5973, 0.5854
M5,30/06/23,17:27:32,     8,  2267,   436, 1011.3, 300,22.1,29.5, 0.0,  0, 0.0000,     0,25.9,27.6,12.9, 25,    18,    29, 0.6006, 0.5735
M5,30/06/23,17:27:33,     8,  2268,   436, 1011.3, 300,22.1,29.5, 0.0,  0, 0.0000,     0,25.9,27.6,12.9, 25,    18,    30, 0.6018, 0.5777
M5,30/06/23,17:27:34,     8,  2269,   437, 1011.3, 300,22.1,29.5, 0.0,  0, 0.0000,     0,25.9,27.6,12.9, 25,    18,    31, 0.5992, 0.5875
M5,30/06/23,17:27:35,     8,  2270,   437, 1011.3, 300,22.2,29.5, 0.0,  0, 0.0000,     0,25.9,27.6,12.9, 25,    19,    32, 0.5961, 0.6015
M5,30/06/23,17:27:36,     8,  2271,   437, 1011.3, 299,22.2,29.5, 0.0,  0, 0.0000,     0,25.9,27.6,12.9, 25,    19,    33, 0.5931, 0.6085
M5,30/06/23,17:27:37,     8,  2272,   438, 1011.3, 300,22.2,29.5, 0.0,  0, 0.0000,     0,25.9,27.6,12.9, 25,    20,    34, 0.5923, 0.6129
M5,30/06/23,17:27:38,     8,  2273,   438, 1011.3, 300,22.2,29.5, 0.0,  0, 0.0000,     0,25.9,27.6,12.9, 25,    20,    35, 0.5889, 0.6192
M5,30/06/23,17:27:39,     8,  2274,   439, 1011.3, 300,22.2,29.5, 0.0,  0, 0.0000,     0,25.9,27.6,12.9, 25,    20,    36, 0.5847, 0.6271
M5,30/06/23,17:27:40,     8,  2275,   439, 1011.3, 300,22.2,29.5, 0.0,  0, 0.0000,     0,25.9,27.6,12.9, 25,    21,    37, 0.5806, 0.6360
M5,30/06/23,17:27:41,     8,  2276,   439, 1011.3, 299,22.2,29.5, 0.0,  0, 0.0000,     0,25.9,27.6,12.9, 25,    21,    38, 0.5757, 0.6441
M5,30/06/23,17:27:42,     8,  2277,   440, 1011.3, 298,22.3,29.4, 0.0,  0, 0.0000,     0,25.9,27.6,12.9, 25,    21,    39, 0.5713, 0.6524
M5,30/06/23,17:27:43,     8,  2278,   440, 1011.3, 299,22.3,29.4, 0.0,  0, 0.0000,     0,25.9,27.6,12.9, 25,    22,    40, 0.5673, 0.6547
M5,30/06/23,17:27:44,     8,  2279,   441, 1011.3, 300,22.4,29.5, 0.0,  0, 0.0000,     0,25.9,27.6,12.9, 25,    22,    41, 0.5654, 0.6545
M5,30/06/23,17:27:45,     8,  2280,   441, 1011.3, 301,22.4,29.5, 0.0,  0, 0.0000,     0,25.9,27.6,12.9, 25,    23,    42, 0.5613, 0.6570
M5,30/06/23,17:27:46,     8,  2281,   441, 1011.3, 300,22.4,29.5, 0.0,  0, 0.0000,     0,25.9,27.6,12.9, 25,    23,    43, 0.5571, 0.6596
M5,30/06/23,17:27:47,     8,  2282,   442, 1011.3, 301,22.4,29.4, 0.0,  0, 0.0000,     0,25.9,27.6,12.9, 25,    23,    44, 0.5541, 0.6588
M5,30/06/23,17:27:48,     8,  2283,   442, 1011.3, 301,22.4,29.4, 0.0,  0, 0.0000,     0,25.9,27.6,12.9, 25,    24,    45, 0.5516, 0.6551
M5,30/06/23,17:27:49,     8,  2284,   443, 1011.3, 301,22.4,29.5, 0.0,  0, 0.0000,     0,25.9,27.6,12.9, 25,    24,    46, 0.5507, 0.6507
M5,30/06/23,17:27:50,     8,  2285,   443, 1011.3, 300,22.4,29.5, 0.0,  0, 0.0000,     0,25.9,27.6,12.9, 25,    25,    47, 0.5501, 0.6412
M5,30/06/23,17:27:51,     8,  2286,   444, 1011.3, 300,22.4,29.4, 0.0,  0, 0.0000,     0,25.9,27.6,12.9, 25,    26,    48, 0.5500, 0.6319
M5,30/06/23,17:27:52,     8,  2287,   444, 1011.3, 300,22.4,29.4, 0.0,  0, 0.0000,     0,25.9,27.6,12.9, 25,    26,    49, 0.5493, 0.6254
M5,30/06/23,17:27:53,     8,  2288,   444, 1011.3, 300,22.5,29.4, 0.0,  0, 0.0000,     0,25.9,27.6,12.9, 25,    26,    50, 0.5486, 0.6214
M5,30/06/23,17:27:54,     8,  2289,   445, 1011.3, 300,22.5,29.4, 0.0,  0, 0.0000,     0,25.9,27.6,12.9, 25,    27,    51, 0.5478, 0.6163
M5,30/06/23,17:27:55,     8,  2290,   445, 1011.3, 300,22.5,29.4, 0.0,  0, 0.0000,     0,25.9,27.6,12.9, 25,    27,    52, 0.5473, 0.6106
M5,30/06/23,17:27:56,     8,  2291,   446, 1011.3, 300,22.5,29.4, 0.0,  0, 0.0000,     0,25.9,27.6,12.9, 25,    28,    53, 0.5476, 0.6052
M5,30/06/23,17:27:57,     8,  2292,   446, 1011.3, 301,22.5,29.4, 0.0,  0, 0.0000,     0,25.9,27.6,12.9, 25,    28,    54, 0.5470, 0.6013
M5,30/06/23,17:27:58,     8,  2293,   447, 1011.3, 300,22.5,29.4, 0.0,  0, 0.0000,     0,25.9,27.6,12.9, 25,    29,    55, 0.5470, 0.5972
M5,30/06/23,17:27:59,     8,  2294,   447, 1011.3, 300,22.5,29.4, 0.0,  0, 0.0000,     0,25.9,27.6,12.9, 25,    29,    56, 0.5468, 0.5925
M5,30/06/23,17:28:00,     8,  2295,   448, 1011.3, 300,22.6,29.4, 0.0,  0, 0.0000,     0,25.9,27.6,12.9, 25,    30,    57, 0.5475, 0.5882
M5,30/06/23,17:28:01,     8,  2296,   448, 1011.3, 300,22.6,29.4, 0.0,  0, 0.0000,     0,25.9,27.6,12.9, 25,    30,    58, 0.5476, 0.5832
M5,30/06/23,17:28:02,     8,  2297,   449, 1011.3, 300,22.6,29.4, 0.0,  0, 0.0000,     0,25.9,27.6,12.9, 25,    30,    59, 0.5475, 0.5800
M5,30/06/23,17:28:03,     8,  2298,   449, 1011.3, 300,22.6,29.4, 0.0,  0, 0.0000,     0,25.9,27.6,12.9, 25,    31,    60, 0.5473, 0.5786
R5,30/06/23,17:28:03,     8,  2298,   449, 1011.3, 300,22.6,29.4, 0.0,  0, 0.0000,     0,25.9,27.6,12.9, 25,    31,    60, 0.5473, 0.5786
End
Start
M5,30/06/23,17:32:45,     9,  2578,   449, 1011.2, 300,22.2,29.2, 0.0,  0, 0.0000,     0,25.6,27.5,10.8, 20,     3,     1, 0.0000, 0.0000
M5,30/06/23,17:32:46,     9,  2579,   451, 1011.3, 300,22.2,29.2, 0.0,  0, 0.0000,     0,25.6,27.5,10.8, 20,     6,     2, 0.0000, 0.0000
M5,30/06/23,17:32:47,     9,  2580,   453, 1011.3, 300,22.2,29.2, 0.0,  0, 0.0000,     0,25.6,27.6,10.8, 20,     7,     3, 0.0000, 0.0000
M5,30/06/23,17:32:48,     9,  2581,   454, 1011.3, 300,22.3,29.2, 0.0,  0, 0.0000,     0,25.6,27.6,10.8, 20,     8,     4, 0.0000, 0.0000
M5,30/06/23,17:32:49,     9,  2582,   455, 1011.3, 300,22.3,29.2, 0.0,  0, 0.0000,     0,25.6,27.7,10.8, 20,     9,     5, 0.0000, 0.0000
M5,30/06/23,17:32:50,     9,  2583,   455, 1011.3, 300,22.3,29.2, 0.0,  0, 0.0000,     0,25.6,27.7,10.8, 20,    10,     6, 0.0000, 0.0000
M5,30/06/23,17:32:51,     9,  2584,   456, 1011.3, 300,22.3,29.2, 0.0,  0, 0.0000,     0,25.6,27.7,10.8, 20,    10,     7, 0.0000, 0.0000
M5,30/06/23,17:32:52,     9,  2585,   456, 1011.3, 300,22.4,29.2, 0.0,  0, 0.0000,     0,25.6,27.7,10.8, 20,    11,     8, 0.0000, 0.0000
M5,30/06/23,17:32:53,     9,  2586,   456, 1011.3, 300,22.4,29.2, 0.0,  0, 0.0000,     0,25.6,27.8,10.8, 20,    11,     9, 0.0000, 0.0000
M5,30/06/23,17:32:54,     9,  2587,   457, 1011.3, 300,22.4,29.2, 0.0,  0, 0.0000,     0,25.6,27.8,10.8, 25,    11,    10, 0.0000, 0.0000
M5,30/06/23,17:32:55,     9,  2588,   457, 1011.3, 300,22.4,29.2, 0.0,  0, 0.0000,     0,25.6,27.8,10.8, 25,    12,    11, 0.0000, 0.0000
M5,30/06/23,17:32:56,     9,  2589,   458, 1011.3, 300,22.4,29.2, 0.0,  0, 0.0000,     0,25.6,27.8,10.8, 25,    12,    12, 0.0000, 0.0000
M5,30/06/23,17:32:57,     9,  2590,   458, 1011.3, 300,22.5,29.2, 0.0,  0, 0.0000,     0,25.6,27.8,10.8, 25,    13,    13, 0.5978, 0.4367
M5,30/06/23,17:32:58,     9,  2591,   459, 1011.3, 300,22.5,29.2, 0.0,  0, 0.0000,     0,25.6,27.9,10.8, 25,    13,    14, 0.6149, 0.4919
M5,30/06/23,17:32:59,     9,  2592,   459, 1011.3, 300,22.5,29.2, 0.0,  0, 0.0000,     0,25.6,27.9,10.8, 25,    14,    15, 0.6293, 0.5326
M5,30/06/23,17:33:00,     9,  2593,   460, 1011.3, 300,22.5,29.2, 0.0,  0, 0.0000,     0,25.6,27.9,10.8, 25,    14,    16, 0.6576, 0.5031
M5,30/06/23,17:33:01,     9,  2594,   461, 1011.3, 300,22.5,29.2, 0.0, 21, 0.0000,     0,25.6,27.9,10.8, 25,    15,    17, 0.6867, 0.4884
M5,30/06/23,17:33:02,     9,  2595,   461, 1011.3, 300,22.5,29.2, 0.0, 21, 0.0000,     0,25.6,27.9,10.8, 25,    16,    18, 0.7293, 0.4560
M5,30/06/23,17:33:03,     9,  2596,   462, 1011.3, 299,22.5,29.2, 0.0, 21, 0.0000,     0,25.6,27.9,10.8, 25,    16,    19, 0.7450, 0.5016
M5,30/06/23,17:33:04,     9,  2597,   462, 1011.3, 300,22.6,29.2, 0.0,  0, 0.0000,     0,25.6,28.0,10.8, 25,    17,    20, 0.7402, 0.5937
M5,30/06/23,17:33:05,     9,  2598,   463, 1011.3, 300,22.6,29.2, 0.0,  0, 0.0000,     0,25.6,28.0,10.8, 25,    17,    21, 0.7248, 0.6776
M5,30/06/23,17:33:06,     9,  2599,   463, 1011.3, 300,22.6,29.2, 0.0,  0, 0.0000,     0,25.6,28.0,10.8, 25,    17,    22, 0.7007, 0.7667
M5,30/06/23,17:33:07,     9,  2600,   463, 1011.3, 300,22.6,29.2, 0.0,  0, 0.0000,     0,25.6,28.0,10.8, 25,    17,    23, 0.6668, 0.8500
M5,30/06/23,17:33:08,     9,  2601,   463, 1011.3, 300,22.6,29.2, 0.0,  0, 0.0000,     0,25.6,28.0,10.8, 25,    18,    24, 0.6460, 0.8745
M5,30/06/23,17:33:09,     9,  2602,   464, 1011.3, 300,22.6,29.2, 0.0,  0, 0.0000,     0,25.6,28.0,10.8, 25,    18,    25, 0.6310, 0.8670
M5,30/06/23,17:33:10,     9,  2603,   465, 1011.3, 300,22.6,29.2, 0.0,  0, 0.0000,     0,25.6,28.0,10.8, 25,    19,    26, 0.6296, 0.8182
M5,30/06/23,17:33:11,     9,  2604,   465, 1011.3, 300,22.6,29.2, 0.0,  0, 0.0000,     0,25.6,28.0,10.8, 25,    20,    27, 0.6368, 0.7538
M5,30/06/23,17:33:12,     9,  2605,   466, 1011.3, 300,22.6,29.2, 0.0,  0, 0.0000,     0,25.6,28.1,10.8, 25,    20,    28, 0.6456, 0.7000
M5,30/06/23,17:33:13,     9,  2606,   467, 1011.3, 300,22.7,29.2, 0.0,  0, 0.0000,     0,25.6,28.1,10.8, 25,    21,    29, 0.6560, 0.6570
M5,30/06/23,17:33:14,     9,  2607,   467, 1011.3, 300,22.7,29.2, 0.0,  0, 0.0000,     0,25.6,28.1,10.8, 25,    21,    30, 0.6602, 0.6407
M5,30/06/23,17:33:15,     9,  2608,   467, 1011.3, 300,22.7,29.2, 0.0,  0, 0.0000,     0,25.6,28.1,10.8, 25,    22,    31, 0.6614, 0.6412
M5,30/06/23,17:33:16,     9,  2609,   468, 1011.3, 300,22.7,29.2, 0.0,  0, 0.0000,     0,25.6,28.1,10.8, 25,    22,    32, 0.6616, 0.6419
M5,30/06/23,17:33:17,     9,  2610,   468, 1011.3, 300,22.7,29.2, 0.0,  0, 0.0000,     0,25.6,28.1,10.8, 25,    23,    33, 0.6616, 0.6434
M5,30/06/23,17:33:18,     9,  2611,   469, 1011.3, 300,22.7,29.2, 0.0,  0, 0.0000,     0,25.6,28.1,10.8, 25,    23,    34, 0.6618, 0.6453
M5,30/06/23,17:33:19,     9,  2612,   470, 1011.3, 300,22.7,29.2, 0.0,  0, 0.0000,     0,25.6,28.1,10.8, 25,    24,    35, 0.6634, 0.6404
M5,30/06/23,17:33:20,     9,  2613,   470, 1011.3, 300,22.7,29.2, 0.0,  0, 0.0000,     0,25.6,28.1,10.8, 25,    25,    36, 0.6672, 0.6332
M5,30/06/23,17:33:21,     9,  2614,   471, 1011.3, 300,22.7,29.2, 0.0,  0, 0.0000,     0,25.6,28.1,10.8, 25,    25,    37, 0.6709, 0.6233
M5,30/06/23,17:33:22,     9,  2615,   472, 1011.3, 300,22.7,29.2, 0.0,  0, 0.0000,     0,25.6,28.1,10.8, 25,    26,    38, 0.6756, 0.6129
M5,30/06/23,17:33:23,     9,  2616,   472, 1011.3, 300,22.7,29.2, 0.0,  0, 0.0000,     0,25.6,28.1,10.8, 25,    27,    39, 0.6790, 0.6074
M5,30/06/23,17:33:24,     9,  2617,   473, 1011.3, 300,22.7,29.2, 0.0,  0, 0.0000,     0,25.6,28.1,10.8, 25,    27,    40, 0.6817, 0.6055
M5,30/06/23,17:33:25,     9,  2618,   473, 1011.3, 300,22.8,29.2, 0.0,  0, 0.0000,     0,25.6,28.1,10.8, 25,    27,    41, 0.6830, 0.6110
M5,30/06/23,17:33:26,     9,  2619,   474, 1011.3, 300,22.8,29.2, 0.0,  0, 0.0000,     0,25.6,28.1,10.8, 25,    28,    42, 0.6835, 0.6161
M5,30/06/23,17:33:27,     9,  2620,   474, 1011.3, 300,22.8,29.2, 0.0,  0, 0.0000,     0,25.6,28.1,10.8, 25,    28,    43, 0.6836, 0.6224
M5,30/06/23,17:33:28,     9,  2621,   475, 1011.3, 300,22.8,29.2, 0.0,  0, 0.0000,     0,25.6,28.1,10.8, 25,    29,    44, 0.6835, 0.6285
M5,30/06/23,17:33:29,     9,  2622,   475, 1011.3, 300,22.8,29.2, 0.0,  0, 0.0000,     0,25.6,28.1,10.8, 25,    29,    45, 0.6837, 0.6346
M5,30/06/23,17:33:30,     9,  2623,   476, 1011.3, 300,22.8,29.2, 0.0,  0, 0.0000,     0,25.6,28.1,10.8, 25,    30,    46, 0.6834, 0.6398
M5,30/06/23,17:33:31,     9,  2624,   476, 1011.3, 300,22.8,29.1, 0.0,  0, 0.0000,     0,25.6,28.1,10.8, 25,    30,    47, 0.6830, 0.6447
M5,30/06/23,17:33:32,     9,  2625,   477, 1011.3, 300,22.8,29.1, 0.0,  0, 0.0000,     0,25.6,28.1,10.8, 25,    31,    48, 0.6826, 0.6491
M5,30/06/23,17:33:33,     9,  2626,   477, 1011.3, 301,22.8,29.1, 0.0,  0, 0.0000,     0,25.6,28.1,10.8, 25,    31,    49, 0.6814, 0.6559
M5,30/06/23,17:33:34,     9,  2627,   477, 1011.3, 301,22.8,29.2, 0.0,  0, 0.0000,     0,25.6,28.1,10.8, 25,    32,    50, 0.6809, 0.6622
M5,30/06/23,17:33:35,     9,  2628,   478, 1011.3, 300,22.8,29.2, 0.0,  0, 0.0000,     0,25.6,28.1,10.8, 25,    33,    51, 0.6813, 0.6617
M5,30/06/23,17:33:36,     9,  2629,   479, 1011.3, 300,22.8,29.1, 0.0,  0, 0.0000,     0,25.6,28.1,10.8, 25,    33,    52, 0.6822, 0.6592
M5,30/06/23,17:33:37,     9,  2630,   480, 1011.3, 300,22.8,29.1, 0.0,  0, 0.0000,     0,25.6,28.1,10.8, 25,    34,    53, 0.6836, 0.6553
M5,30/06/23,17:33:38,     9,  2631,   480, 1011.3, 300,22.8,29.1, 0.0,  0, 0.0000,     0,25.6,28.1,10.8, 25,    34,    54, 0.6849, 0.6529
M5,30/06/23,17:33:39,     9,  2632,   481, 1011.3, 300,22.8,29.1, 0.0,  0, 0.0000,     0,25.6,28.1,10.8, 25,    35,    55, 0.6859, 0.6515
M5,30/06/23,17:33:40,     9,  2633,   481, 1011.3, 300,22.8,29.1, 0.0,  0, 0.0000,     0,25.6,28.2,10.8, 25,    36,    56, 0.6866, 0.6509
M5,30/06/23,17:33:41,     9,  2634,   482, 1011.3, 300,22.9,29.2, 0.0,  0, 0.0000,     0,25.6,28.1,10.8, 25,    36,    57, 0.6875, 0.6513
M5,30/06/23,17:33:42,     9,  2635,   482, 1011.3, 300,22.9,29.2, 0.0,  0, 0.0000,     0,25.6,28.1,10.8, 25,    37,    58, 0.6880, 0.6519
M5,30/06/23,17:33:43,     9,  2636,   483, 1011.3, 300,22.9,29.1, 0.0,  0, 0.0000,     0,25.6,28.1,10.8, 25,    37,    59, 0.6878, 0.6548
M5,30/06/23,17:33:44,     9,  2637,   483, 1011.3, 300,22.9,29.1, 0.0,  0, 0.0000,     0,25.6,28.1,10.8, 25,    37,    60, 0.6875, 0.6577
R5,30/06/23,17:33:44,     9,  2637,   483, 1011.3, 300,22.9,29.1, 0.0,  0, 0.0000,     0,25.6,28.1,10.8, 25,    37,    60, 0.6875, 0.6577
End
Start
M5,30/06/23,17:34:38,     9,  2691,   414, 1011.3, 300,21.1,29.1, 0.0,  0, 0.0000,     0,25.6,27.7,11.0, 20,     1,     1, 0.0000, 0.0000
M5,30/06/23,17:34:39,     9,  2692,   415, 1011.2, 300,21.1,29.1, 0.0,  0, 0.0000,     0,25.6,27.7,11.0, 20,     2,     2, 0.0000, 0.0000
M5,30/06/23,17:34:40,     9,  2693,   416, 1011.2, 300,21.1,29.1, 0.0,  0, 0.0000,     0,25.6,27.8,11.0, 20,     3,     3, 0.0000, 0.0000
M5,30/06/23,17:34:41,     9,  2694,   417, 1011.2, 300,21.1,29.1, 0.0,  0, 0.0000,     0,25.6,27.8,11.0, 20,     4,     4, 0.0000, 0.0000
M5,30/06/23,17:34:42,     9,  2695,   418, 1011.2, 300,21.1,29.1, 0.0,  0, 0.0000,     0,25.6,27.9,11.0, 20,     5,     5, 0.0000, 0.0000
M5,30/06/23,17:34:43,     9,  2696,   419, 1011.2, 300,21.1,29.1, 0.0,  0, 0.0000,     0,25.6,27.9,11.0, 20,     6,     6, 0.0000, 0.0000
M5,30/06/23,17:34:44,     9,  2697,   420, 1011.2, 300,21.1,29.1, 0.0,  0, 0.0000,     0,25.6,27.9,11.0, 20,     7,     7, 0.0000, 0.0000
M5,30/06/23,17:34:45,     9,  2698,   421, 1011.2, 300,21.2,29.1, 0.0,  0, 0.0000,     0,25.6,27.9,11.0, 20,     8,     8, 0.0000, 0.0000
M5,30/06/23,17:34:46,     9,  2699,   422, 1011.2, 300,21.2,29.1, 0.0,  0, 0.0000,     0,25.6,28.0,11.0, 20,     9,     9, 0.0000, 0.0000
M5,30/06/23,17:34:47,     9,  2700,   423, 1011.2, 300,21.3,29.1, 0.0,  0, 0.0000,     0,25.6,28.0,11.3, 25,    10,    10, 0.0000, 0.0000
M5,30/06/23,17:34:48,     9,  2701,   423, 1011.3, 300,21.3,29.1, 0.0,  0, 0.0000,     0,25.6,28.0,11.3, 25,    10,    11, 0.0000, 0.0000
M5,30/06/23,17:34:49,     9,  2702,   424, 1011.3, 300,21.3,29.1, 0.0,  0, 0.0000,     0,25.6,28.1,11.3, 25,    11,    12, 0.0000, 0.0000
M5,30/06/23,17:34:50,     9,  2703,   424, 1011.3, 300,21.3,29.1, 0.0,  0, 0.0000,     0,25.6,28.1,11.3, 25,    11,    13, 0.6352, 0.6246
M5,30/06/23,17:34:51,     9,  2704,   425, 1011.3, 300,21.3,29.1, 0.0,  0, 0.0000,     0,25.6,28.1,11.3, 25,    12,    14, 0.6335, 0.6261
M5,30/06/23,17:34:52,     9,  2705,   425, 1011.3, 300,21.4,29.1, 0.0,  0, 0.0000,     0,25.6,28.1,11.3, 25,    12,    15, 0.6381, 0.6323
M5,30/06/23,17:34:53,     9,  2706,   426, 1011.3, 300,21.4,29.1, 0.0,  0, 0.0000,     0,25.6,28.1,11.3, 25,    13,    16, 0.6365, 0.6314
M5,30/06/23,17:34:54,     9,  2707,   426, 1011.3, 300,21.4,29.1, 0.0,  0, 0.0000,     0,25.6,28.2,11.3, 25,    13,    17, 0.6414, 0.6371
M5,30/06/23,17:34:55,     9,  2708,   427, 1011.2, 300,21.4,29.1, 0.0,  0, 0.0000,     0,25.6,28.2,11.3, 25,    14,    18, 0.6546, 0.5969
M5,30/06/23,17:34:56,     9,  2709,   428, 1011.2, 300,21.4,29.1, 0.0,  0, 0.0000,     0,25.6,28.2,11.3, 25,    15,    19, 0.6830, 0.5331
M5,30/06/23,17:34:57,     9,  2710,   429, 1011.2, 300,21.5,29.1, 0.0, 21, 0.0000,     0,25.6,28.2,10.9, 25,    16,    20, 0.7181, 0.4868
M5,30/06/23,17:34:58,     9,  2711,   429, 1011.2, 300,21.5,29.1, 0.0, 21, 0.0000,     0,25.6,28.2,10.9, 25,    16,    21, 0.7494, 0.4580
M5,30/06/23,17:34:59,     9,  2712,   430, 1011.2, 300,21.5,29.1, 0.0, 21, 0.0000,     0,25.6,28.3,10.9, 25,    17,    22, 0.7668, 0.4905
M5,30/06/23,17:35:00,     9,  2713,   430, 1011.2, 300,21.5,29.1, 0.0, 21, 0.0000,     0,25.6,28.3,10.9, 25,    17,    23, 0.7723, 0.5397
M5,30/06/23,17:35:01,     9,  2714,   431, 1011.3, 300,21.6,29.1, 0.0, 21, 0.0000,     0,25.6,28.3,10.9, 25,    18,    24, 0.7842, 0.5611
M5,30/06/23,17:35:02,     9,  2715,   432, 1011.3, 300,21.6,29.1, 0.0,  0, 0.0000,     0,25.6,28.3,10.9, 25,    19,    25, 0.7924, 0.5820
M5,30/06/23,17:35:03,     9,  2716,   433, 1011.3, 300,21.7,29.1, 0.0,  0, 0.0000,     0,25.6,28.3,10.9, 25,    20,    26, 0.8017, 0.6050
M5,30/06/23,17:35:04,     9,  2717,   433, 1011.3, 300,21.7,29.1, 0.0,  0, 0.0000,     0,25.6,28.3,10.9, 25,    20,    27, 0.8067, 0.6249
M5,30/06/23,17:35:05,     9,  2718,   434, 1011.3, 300,21.7,29.1, 0.0,  0, 0.0000,     0,25.6,28.3,10.9, 25,    21,    28, 0.8110, 0.6428
M5,30/06/23,17:35:06,     9,  2719,   434, 1011.3, 300,21.7,29.1, 0.0,  0, 0.0000,     0,25.6,28.4,10.9, 25,    21,    29, 0.8127, 0.6700
M5,30/06/23,17:35:07,     9,  2720,   435, 1011.3, 300,21.7,29.1, 0.0,  0, 0.0000,     0,25.6,28.4,10.9, 25,    22,    30, 0.8087, 0.7054
M5,30/06/23,17:35:08,     9,  2721,   436, 1011.3, 300,21.7,29.1, 0.0,  0, 0.0000,     0,25.6,28.4,10.9, 25,    23,    31, 0.8101, 0.7216
M5,30/06/23,17:35:09,     9,  2722,   436, 1011.3, 300,21.7,29.1, 0.0,  0, 0.0000,     0,25.6,28.4,10.9, 25,    23,    32, 0.8104, 0.7321
M5,30/06/23,17:35:10,     9,  2723,   437, 1011.3, 300,21.8,29.1, 0.0,  0, 0.0000,     0,25.6,28.4,10.9, 25,    24,    33, 0.8141, 0.7334
M5,30/06/23,17:35:11,     9,  2724,   438, 1011.3, 300,21.8,29.1, 0.0,  0, 0.0000,     0,25.6,28.4,10.9, 25,    25,    34, 0.8146, 0.7415
M5,30/06/23,17:35:12,     9,  2725,   438, 1011.3, 300,21.8,29.1, 0.0,  0, 0.0000,     0,25.6,28.4,10.9, 25,    25,    35, 0.8116, 0.7600
M5,30/06/23,17:35:13,     9,  2726,   438, 1011.3, 300,21.8,29.1, 0.0,  0, 0.0000,     0,25.6,28.4,10.9, 25,    25,    36, 0.8073, 0.7850
M5,30/06/23,17:35:14,     9,  2727,   439, 1011.3, 300,21.8,29.1, 0.0,  0, 0.0000,     0,25.6,28.4,10.9, 25,    26,    37, 0.8018, 0.8051
M5,30/06/23,17:35:15,     9,  2728,   439, 1011.3, 300,21.9,29.1, 0.0,  0, 0.0000,     0,25.6,28.4,10.9, 25,    26,    38, 0.7970, 0.8231
M5,30/06/23,17:35:16,     9,  2729,   440, 1011.3, 300,21.9,29.1, 0.0,  0, 0.0000,     0,25.6,28.4,10.9, 25,    27,    39, 0.7914, 0.8375
M5,30/06/23,17:35:17,     9,  2730,   440, 1011.3, 300,21.9,29.1, 0.0,  0, 0.0000,     0,25.6,28.5,10.9, 25,    27,    40, 0.7876, 0.8454
M5,30/06/23,17:35:18,     9,  2731,   441, 1011.3, 300,21.9,29.1, 0.0,  0, 0.0000,     0,25.6,28.5,10.9, 25,    28,    41, 0.7845, 0.8479
M5,30/06/23,17:35:19,     9,  2732,   441, 1011.3, 300,21.9,29.1, 0.0,  0, 0.0000,     0,25.6,28.5,10.9, 25,    28,    42, 0.7811, 0.8509
M5,30/06/23,17:35:20,     9,  2733,   442, 1011.3, 300,22.0,29.1, 0.0,  0, 0.0000,     0,25.6,28.5,10.9, 25,    29,    43, 0.7785, 0.8550
M5,30/06/23,17:35:21,     9,  2734,   442, 1011.3, 300,22.0,29.1, 0.0,  0, 0.0000,     0,25.6,28.5,10.9, 25,    29,    44, 0.7748, 0.8581
M5,30/06/23,17:35:22,     9,  2735,   443, 1011.3, 300,22.0,29.1, 0.0,  0, 0.0000,     0,25.6,28.5,10.9, 25,    30,    45, 0.7739, 0.8549
M5,30/06/23,17:35:23,     9,  2736,   444, 1011.3, 300,22.0,29.1, 0.0,  0, 0.0000,     0,25.6,28.5,10.9, 25,    31,    46, 0.7746, 0.8428
M5,30/06/23,17:35:24,     9,  2737,   445, 1011.3, 300,22.0,29.1, 0.0,  0, 0.0000,     0,25.6,28.5,10.9, 25,    32,    47, 0.7773, 0.8253
M5,30/06/23,17:35:25,     9,  2738,   446, 1011.3, 300,22.0,29.1, 0.0,  0, 0.0000,     0,25.6,28.5,10.9, 25,    33,    48, 0.7790, 0.8131
M5,30/06/23,17:35:26,     9,  2739,   446, 1011.3, 300,22.0,29.1, 0.0,  0, 0.0000,     0,25.6,28.5,10.9, 25,    33,    49, 0.7803, 0.8056
M5,30/06/23,17:35:27,     9,  2740,   447, 1011.3, 300,22.0,29.1, 0.0,  0, 0.0000,     0,25.6,28.5,10.9, 25,    34,    50, 0.7809, 0.7997
M5,30/06/23,17:35:28,     9,  2741,   447, 1011.3, 300,22.0,29.1, 0.0,  0, 0.0000,     0,25.6,28.5,10.9, 25,    34,    51, 0.7810, 0.7964
M5,30/06/23,17:35:30,     9,  2742,   448, 1011.3, 300,22.1,29.1, 0.0,  0, 0.0000,     0,25.6,28.5,10.9, 25,    35,    52, 0.7810, 0.7955
M5,30/06/23,17:35:31,     9,  2743,   448, 1011.3, 300,22.1,29.1, 0.0,  0, 0.0000,     0,25.6,28.5,10.9, 25,    35,    53, 0.7802, 0.7958
M5,30/06/23,17:35:32,     9,  2744,   449, 1011.3, 300,22.1,29.1, 0.0,  0, 0.0000,     0,25.6,28.5,10.9, 25,    36,    54, 0.7798, 0.7979
M5,30/06/23,17:35:33,     9,  2745,   450, 1011.3, 300,22.1,29.1, 0.0,  0, 0.0000,     0,25.6,28.5,10.9, 25,    37,    55, 0.7791, 0.7979
M5,30/06/23,17:35:34,     9,  2746,   450, 1011.3, 300,22.1,29.1, 0.0,  0, 0.0000,     0,25.6,28.5,10.9, 25,    37,    56, 0.7790, 0.7971
M5,30/06/23,17:35:35,     9,  2747,   451, 1011.3, 300,22.1,29.1, 0.0,  0, 0.0000,     0,25.6,28.5,10.9, 25,    38,    57, 0.7782, 0.7972
M5,30/06/23,17:35:36,     9,  2748,   451, 1011.3, 300,22.2,29.1, 0.0,  0, 0.0000,     0,25.6,28.5,10.9, 25,    38,    58, 0.7782, 0.7968
M5,30/06/23,17:35:37,     9,  2749,   452, 1011.3, 300,22.2,29.1, 0.0,  0, 0.0000,     0,25.6,28.6,10.9, 25,    39,    59, 0.7780, 0.7951
M5,30/06/23,17:35:38,     9,  2750,   453, 1011.3, 300,22.2,29.1, 0.0,  0, 0.0000,     0,25.6,28.5,10.9, 25,    39,    60, 0.7775, 0.7947
R5,30/06/23,17:35:38,     9,  2750,   453, 1011.3, 300,22.2,29.1, 0.0,  0, 0.0000,     0,25.6,28.5,10.9, 25,    39,    60, 0.7775, 0.7947
End
Start
M5,30/06/23,17:36:30,     9,  2802,   416, 1011.2, 300,21.4,29.1, 0.0,  0, 0.0000,     0,25.6,27.8,10.7, 20,     1,     1, 0.0000, 0.0000
M5,30/06/23,17:36:31,     9,  2803,   417, 1011.2, 300,21.4,29.1, 0.0,  0, 0.0000,     0,25.6,27.9,10.7, 20,     2,     2, 0.0000, 0.0000
M5,30/06/23,17:36:32,     9,  2804,   418, 1011.2, 300,21.4,29.1, 0.0,  0, 0.0000,     0,25.6,27.9,10.7, 20,     3,     3, 0.0000, 0.0000
M5,30/06/23,17:36:33,     9,  2805,   419, 1011.3, 300,21.4,29.1, 0.0,  0, 0.0000,     0,25.6,27.9,10.7, 20,     4,     4, 0.0000, 0.0000
M5,30/06/23,17:36:34,     9,  2806,   420, 1011.3, 300,21.4,29.1, 0.0,  0, 0.0000,     0,25.6,27.9,11.0, 20,     5,     5, 0.0000, 0.0000
M5,30/06/23,17:36:35,     9,  2807,   421, 1011.3, 300,21.4,29.1, 0.0,  0, 0.0000,     0,25.6,28.0,11.0, 20,     6,     6, 0.0000, 0.0000
M5,30/06/23,17:36:36,     9,  2808,   422, 1011.3, 300,21.4,29.1, 0.0,  0, 0.0000,     0,25.6,28.0,11.0, 20,     7,     7, 0.0000, 0.0000
M5,30/06/23,17:36:37,     9,  2809,   422, 1011.3, 300,21.4,29.1, 0.0,  0, 0.0000,     0,25.6,28.0,11.0, 20,     7,     8, 0.0000, 0.0000
M5,30/06/23,17:36:38,     9,  2810,   423, 1011.3, 300,21.4,29.1, 0.0,  0, 0.0000,     0,25.6,28.0,11.0, 20,     8,     9, 0.0000, 0.0000
M5,30/06/23,17:36:39,     9,  2811,   423, 1011.3, 300,21.5,29.1, 0.0,  0, 0.0000,     0,25.6,28.1,11.0, 25,     8,    10, 0.0000, 0.0000
M5,30/06/23,17:36:40,     9,  2812,   423, 1011.3, 300,21.5,29.1, 0.0,  0, 0.0000,     0,25.6,28.1,10.6, 25,     9,    11, 0.0000, 0.0000
M5,30/06/23,17:36:41,     9,  2813,   424, 1011.3, 300,21.5,29.1, 0.0,  0, 0.0000,     0,25.6,28.1,10.6, 25,     9,    12, 0.0000, 0.0000
M5,30/06/23,17:36:42,     9,  2814,   424, 1011.2, 300,21.5,29.1, 0.0, 21, 0.0000,     0,25.6,28.1,10.6, 25,    10,    13, 0.6412, 0.3276
M5,30/06/23,17:36:43,     9,  2815,   425, 1011.2, 300,21.6,29.1, 0.0, 21, 0.0000,     0,25.6,28.1,10.6, 25,    10,    14, 0.7065, 0.4105
M5,30/06/23,17:36:44,     9,  2816,   426, 1011.2, 300,21.6,29.1, 0.0,  0, 0.0000,     0,25.6,28.2,10.6, 25,    11,    15, 0.7121, 0.5491
M5,30/06/23,17:36:45,     9,  2817,   426, 1011.2, 300,21.6,29.1, 0.0,  0, 0.0000,     0,25.6,28.2,11.1, 25,    12,    16, 0.7324, 0.5885
M5,30/06/23,17:36:46,     9,  2818,   427, 1011.3, 300,21.6,29.1, 0.0,  0, 0.0000,     0,25.6,28.2,11.1, 25,    12,    17, 0.7290, 0.6511
M5,30/06/23,17:36:47,     9,  2819,   428, 1011.3, 300,21.6,29.1, 0.0,  0, 0.0000,     0,25.6,28.2,11.1, 25,    13,    18, 0.7488, 0.6235
M5,30/06/23,17:36:48,     9,  2820,   428, 1011.3, 300,21.7,29.1, 0.0,  0, 0.0000,     0,25.6,28.2,11.1, 25,    13,    19, 0.7637, 0.6306
M5,30/06/23,17:36:49,     9,  2821,   429, 1011.2, 300,21.7,29.1, 0.0,  0, 0.0000,     0,25.6,28.3,11.1, 25,    14,    20, 0.7740, 0.6394
M5,30/06/23,17:36:50,     9,  2822,   429, 1011.2, 300,21.7,29.1, 0.0,  0, 0.0000,     0,25.6,28.3,11.1, 25,    14,    21, 0.7708, 0.7001
M5,30/06/23,17:36:51,     9,  2823,   430, 1011.2, 300,21.7,29.1, 0.0,  0, 0.0000,     0,25.6,28.3,11.1, 25,    15,    22, 0.7617, 0.7425
M5,30/06/23,17:36:52,     9,  2824,   430, 1011.2, 300,21.8,29.1, 0.0,  0, 0.0000,     0,25.6,28.3,11.1, 25,    15,    23, 0.7534, 0.7737
M5,30/06/23,17:36:53,     9,  2825,   431, 1011.2, 300,21.8,29.1, 0.0,  0, 0.0000,     0,25.6,28.3,11.1, 25,    16,    24, 0.7600, 0.7448
M5,30/06/23,17:36:54,     9,  2826,   432, 1011.2, 300,21.8,29.1, 0.0,  0, 0.0000,     0,25.6,28.3,11.1, 25,    17,    25, 0.7712, 0.7098
M5,30/06/23,17:36:55,     9,  2827,   433, 1011.2, 300,21.8,29.1, 0.0,  0, 0.0000,     0,25.6,28.3,11.1, 25,    18,    26, 0.7821, 0.6929
M5,30/06/23,17:36:56,     9,  2828,   433, 1011.2, 300,21.8,29.1, 0.0,  0, 0.0000,     0,25.6,28.3,10.6, 25,    18,    27, 0.7821, 0.7081
M5,30/06/23,17:36:57,     9,  2829,   433, 1011.2, 300,21.9,29.1, 0.0,  0, 0.0000,     0,25.6,28.3,10.6, 25,    19,    28, 0.7776, 0.7396
M5,30/06/23,17:36:58,     9,  2830,   434, 1011.2, 300,21.9,29.1, 0.0,  0, 0.0000,     0,25.6,28.3,10.6, 25,    19,    29, 0.7684, 0.7746
M5,30/06/23,17:36:59,     9,  2831,   434, 1011.2, 300,21.9,29.1, 0.0,  0, 0.0000,     0,25.6,28.3,10.6, 25,    20,    30, 0.7633, 0.7913
M5,30/06/23,17:37:00,     9,  2832,   435, 1011.2, 300,21.9,29.1, 0.0,  0, 0.0000,     0,25.6,28.3,10.6, 25,    20,    31, 0.7624, 0.7874
M5,30/06/23,17:37:01,     9,  2833,   436, 1011.2, 300,21.9,29.1, 0.0,  0, 0.0000,     0,25.6,28.4,11.0, 25,    21,    32, 0.7603, 0.7884
M5,30/06/23,17:37:02,     9,  2834,   436, 1011.2, 300,21.9,29.1, 0.0,  0, 0.0000,     0,25.6,28.4,11.0, 25,    21,    33, 0.7587, 0.7931
M5,30/06/23,17:37:03,     9,  2835,   437, 1011.2, 300,21.9,29.1, 0.0,  0, 0.0000,     0,25.6,28.4,11.0, 25,    22,    34, 0.7553, 0.7977
M5,30/06/23,17:37:04,     9,  2836,   437, 1011.2, 300,22.0,29.1, 0.0,  0, 0.0000,     0,25.6,28.4,11.0, 25,    22,    35, 0.7540, 0.7968
M5,30/06/23,17:37:05,     9,  2837,   438, 1011.2, 300,22.0,29.1, 0.0,  0, 0.0000,     0,25.6,28.4,11.0, 25,    23,    36, 0.7550, 0.7859
M5,30/06/23,17:37:06,     9,  2838,   438, 1011.2, 299,22.0,29.1, 0.0,  0, 0.0000,     0,25.6,28.4,10.9, 25,    24,    37, 0.7543, 0.7872
M5,30/06/23,17:37:07,     9,  2839,   439, 1011.2, 300,22.0,29.1, 0.0,  0, 0.0000,     0,25.6,28.4,10.9, 25,    24,    38, 0.7506, 0.7941
M5,30/06/23,17:37:08,     9,  2840,   439, 1011.2, 300,22.0,29.1, 0.0,  0, 0.0000,     0,25.6,28.4,10.9, 25,    24,    39, 0.7451, 0.8076
M5,30/06/23,17:37:09,     9,  2841,   439, 1011.2, 300,22.0,29.1, 0.0,  0, 0.0000,     0,25.6,28.4,10.9, 25,    25,    40, 0.7397, 0.8175
M5,30/06/23,17:37:10,     9,  2842,   440, 1011.2, 300,22.0,29.1, 0.0,  0, 0.0000,     0,25.6,28.4,10.9, 25,    25,    41, 0.7335, 0.8290
M5,30/06/23,17:37:11,     9,  2843,   440, 1011.2, 300,22.0,29.1, 0.0,  0, 0.0000,     0,25.6,28.4,10.9, 25,    26,    42, 0.7283, 0.8373
M5,30/06/23,17:37:12,     9,  2844,   441, 1011.2, 300,22.0,29.1, 0.0,  0, 0.0000,     0,25.6,28.4,10.9, 25,    26,    43, 0.7231, 0.8423
M5,30/06/23,17:37:13,     9,  2845,   441, 1011.2, 300,22.1,29.1, 0.0,  0, 0.0000,     0,25.6,28.4,10.9, 25,    27,    44, 0.7190, 0.8458
M5,30/06/23,17:37:14,     9,  2846,   442, 1011.2, 300,22.1,29.1, 0.0,  0, 0.0000,     0,25.6,28.4,10.9, 25,    27,    45, 0.7146, 0.8471
M5,30/06/23,17:37:15,     9,  2847,   442, 1011.2, 300,22.1,29.1, 0.0,  0, 0.0000,     0,25.6,28.4,10.9, 25,    27,    46, 0.7087, 0.8535
M5,30/06/23,17:37:16,     9,  2848,   442, 1011.2, 300,22.1,29.1, 0.0,  0, 0.0000,     0,25.6,28.4,10.9, 25,    28,    47, 0.7034, 0.8570
M5,30/06/23,17:37:17,     9,  2849,   443, 1011.2, 300,22.1,29.1, 0.0,  0, 0.0000,     0,25.6,28.4,10.8, 25,    28,    48, 0.7002, 0.8522
M5,30/06/23,17:37:18,     9,  2850,   444, 1011.2, 300,22.1,29.1, 0.0,  0, 0.0000,     0,25.6,28.4,10.8, 25,    29,    49, 0.6987, 0.8449
M5,30/06/23,17:37:19,     9,  2851,   444, 1011.2, 300,22.1,29.1, 0.0,  0, 0.0000,     0,25.6,28.4,10.8, 25,    29,    50, 0.6959, 0.8404
M5,30/06/23,17:37:20,     9,  2852,   445, 1011.2, 300,22.2,29.1, 0.0,  0, 0.0000,     0,25.6,28.4,10.8, 25,    30,    51, 0.6940, 0.8364
M5,30/06/23,17:37:21,     9,  2853,   445, 1011.2, 300,22.2,29.1, 0.0,  0, 0.0000,     0,25.6,28.4,10.8, 25,    31,    52, 0.6922, 0.8291
M5,30/06/23,17:37:22,     9,  2854,   446, 1011.3, 300,22.2,29.1, 0.0,  0, 0.0000,     0,25.6,28.4,10.8, 25,    31,    53, 0.6913, 0.8204
M5,30/06/23,17:37:23,     9,  2855,   447, 1011.3, 300,22.2,29.1, 0.0,  0, 0.0000,     0,25.6,28.4,10.8, 25,    32,    54, 0.6914, 0.8079
M5,30/06/23,17:37:24,     9,  2856,   448, 1011.3, 300,22.2,29.1, 0.0,  0, 0.0000,     0,25.6,28.4,10.8, 25,    33,    55, 0.6926, 0.7929
M5,30/06/23,17:37:25,     9,  2857,   448, 1011.3, 300,22.2,29.1, 0.0,  0, 0.0000,     0,25.6,28.4,10.8, 25,    33,    56, 0.6938, 0.7810
M5,30/06/23,17:37:26,     9,  2858,   449, 1011.3, 300,22.2,29.1, 0.0,  0, 0.0000,     0,25.6,28.4,10.8, 25,    34,    57, 0.6944, 0.7709
M5,30/06/23,17:37:27,     9,  2859,   449, 1011.3, 300,22.2,29.1, 0.0,  0, 0.0000,     0,25.6,28.4,10.8, 25,    34,    58, 0.6944, 0.7646
M5,30/06/23,17:37:28,     9,  2860,   449, 1011.3, 300,22.2,29.1, 0.0,  0, 0.0000,     0,25.6,28.4,11.0, 25,    35,    59, 0.6940, 0.7598
M5,30/06/23,17:37:29,     9,  2861,   450, 1011.3, 300,22.3,29.1, 0.0,  0, 0.0000,     0,25.6,28.4,11.0, 25,    35,    60, 0.6937, 0.7582
R5,30/06/23,17:37:29,     9,  2861,   450, 1011.3, 300,22.3,29.1, 0.0,  0, 0.0000,     0,25.6,28.4,11.0, 25,    35,    60, 0.6937, 0.7582
End
