Tag(M3),Date,Time,Plot_No,Rec_No,CO2,Pressure,Flow,H2O,Tsen,O2,Error,Aux_V,PAR,Tsoil,Tair,Msoil
Zero
Start
M5,29/06/23,14:51:52,     1,  2186,   416, 1005.0, 300,21.6,29.6, 0.0,  0, 0.0000,     0,27.5,27.8,10.3, 20,     1,     1, 0.0000, 0.0000
M5,29/06/23,14:51:53,     1,  2187,   417, 1004.9, 300,21.6,29.6, 0.0,  0, 0.0000,     0,27.5,27.8,10.3, 20,     2,     2, 0.0000, 0.0000
M5,29/06/23,14:51:54,     1,  2188,   418, 1004.9, 300,21.6,29.6, 0.0,  0, 0.0000,     0,27.5,27.8,10.3, 20,     3,     3, 0.0000, 0.0000
M5,29/06/23,14:51:55,     1,  2189,   419, 1004.9, 300,21.6,29.6, 0.0,  0, 0.0000,     0,27.5,27.8,10.3, 20,     4,     4, 0.0000, 0.0000
M5,29/06/23,14:51:56,     1,  2190,   419, 1004.9, 300,21.7,29.6, 0.0,  0, 0.0000,     0,27.5,27.8,10.3, 20,     4,     5, 0.0000, 0.0000
M5,29/06/23,14:51:57,     1,  2191,   420, 1004.9, 300,21.7,29.6, 0.0,  0, 0.0000,     0,27.5,27.8,10.3, 20,     5,     6, 0.0000, 0.0000
M5,29/06/23,14:51:58,     1,  2192,   421, 1004.9, 300,21.8,29.6, 0.0,  0, 0.0000,     0,27.5,27.8,10.3, 20,     5,     7, 0.0000, 0.0000
M5,29/06/23,14:51:59,     1,  2193,   421, 1004.9, 300,21.8,29.6, 0.0,  0, 0.0000,     0,27.5,27.8,10.6, 20,     6,     8, 0.0000, 0.0000
M5,29/06/23,14:52:00,     1,  2194,   422, 1004.9, 300,21.8,29.6, 0.0,  0, 0.0000,     0,27.5,27.8,10.6, 20,     7,     9, 0.0000, 0.0000
M5,29/06/23,14:52:01,     1,  2195,   423, 1004.9, 300,21.9,29.6, 0.0,  0, 0.0000,     0,27.5,27.8,10.6, 25,     7,    10, 0.0000, 0.0000
M5,29/06/23,14:52:02,     1,  2196,   423, 1004.9, 300,21.9,29.6, 0.0,  0, 0.0000,     0,27.5,27.8,10.6, 25,     8,    11, 0.0000, 0.0000
M5,29/06/23,14:52:03,     1,  2197,   424, 1004.9, 300,21.9,29.6, 0.0,  0, 0.0000,     0,27.5,27.8,10.6, 25,     9,    12, 0.0000, 0.0000
M5,29/06/23,14:52:04,     1,  2198,   425, 1004.9, 300,21.9,29.6, 0.0,  0, 0.0000,     0,27.5,27.8,10.1, 25,    10,    13, 0.9399, 1.0957
M5,29/06/23,14:52:05,     1,  2199,   426, 1004.9, 300,22.0,29.6, 0.0,  0, 0.0000,     0,27.5,27.8,10.1, 25,    10,    14, 0.9476, 1.0094
M5,29/06/23,14:52:06,     1,  2200,   426, 1004.9, 300,22.0,29.6, 0.0,  0, 0.0000,     0,27.5,27.8,10.1, 25,    11,    15, 0.8758, 1.1154
M5,29/06/23,14:52:07,     1,  2201,   427, 1004.9, 300,22.0,29.6, 0.0,  0, 0.0000,     0,27.5,27.8,10.1, 25,    11,    16, 0.8201, 1.1237
M5,29/06/23,14:52:08,     1,  2202,   427, 1004.9, 300,22.1,29.6, 0.0,  0, 0.0000,     0,27.5,27.8,10.1, 25,    12,    17, 0.7830, 1.0998
M5,29/06/23,14:52:09,     1,  2203,   428, 1004.9, 300,22.1,29.6, 0.0,  0, 0.0000,     0,27.5,27.8,10.1, 25,    12,    18, 0.7505, 1.0580
M5,29/06/23,14:52:10,     1,  2204,   428, 1004.9, 300,22.2,29.6, 0.0,  0, 0.0000,     0,27.5,27.8,10.3, 25,    13,    19, 0.7530, 0.9591
M5,29/06/23,14:52:11,     1,  2205,   429, 1004.9, 300,22.2,29.6, 0.0,  0, 0.0000,     0,27.5,27.8,10.3, 25,    14,    20, 0.7620, 0.8612
M5,29/06/23,14:52:12,     1,  2206,   430, 1004.9, 300,22.3,29.6, 0.0,  0, 0.0000,     0,27.5,27.8,10.3, 25,    15,    21, 0.7808, 0.7880
M5,29/06/23,14:52:13,     1,  2207,   431, 1004.9, 300,22.3,29.6, 0.0,  0, 0.0000,     0,27.5,27.8,10.3, 25,    16,    22, 0.7963, 0.7331
M5,29/06/23,14:52:14,     1,  2208,   431, 1004.9, 300,22.3,29.6, 0.0,  0, 0.0000,     0,27.5,27.8,10.3, 25,    16,    23, 0.8031, 0.7337
M5,29/06/23,14:52:15,     1,  2209,   432, 1004.9, 300,22.3,29.6, 0.0,  0, 0.0000,     0,27.5,27.8,10.3, 25,    17,    24, 0.8054, 0.7374
M5,29/06/23,14:52:16,     1,  2210,   433, 1004.9, 300,22.3,29.6, 0.0,  0, 0.0000,     0,27.5,27.8,10.3, 25,    18,    25, 0.8112, 0.7296
M5,29/06/23,14:52:17,     1,  2211,   434, 1004.8, 300,22.5,29.6, 0.0,  0, 0.0000,     0,27.5,27.8,10.3, 25,    18,    26, 0.8185, 0.7336
M5,29/06/23,14:52:18,     1,  2212,   434, 1004.8, 300,22.5,29.6, 0.0,  0, 0.0000,     0,27.5,27.8,10.3, 25,    19,    27, 0.8172, 0.7501
M5,29/06/23,14:52:19,     1,  2213,   435, 1004.8, 300,22.5,29.6, 0.0,  0, 0.0000,     0,27.5,27.8,10.3, 25,    19,    28, 0.8184, 0.7651
M5,29/06/23,14:52:20,     1,  2214,   435, 1004.8, 300,22.5,29.6, 0.0,  0, 0.0000,     0,27.5,27.8,10.3, 25,    20,    29, 0.8199, 0.7653
M5,29/06/23,14:52:21,     1,  2215,   436, 1004.8, 300,22.6,29.6, 0.0,  0, 0.0000,     0,27.5,27.8,10.3, 25,    21,    30, 0.8255, 0.7614
M5,29/06/23,14:52:22,     1,  2216,   437, 1004.8, 300,22.6,29.6, 0.0,  0, 0.0000,     0,27.5,27.8,10.3, 25,    22,    31, 0.8254, 0.7686
M5,29/06/23,14:52:23,     1,  2217,   437, 1004.8, 300,22.6,29.6, 0.0,  0, 0.0000,     0,27.5,27.8,10.3, 25,    22,    32, 0.8229, 0.7827
M5,29/06/23,14:52:24,     1,  2218,   438, 1004.8, 300,22.7,29.6, 0.0,  0, 0.0000,     0,27.5,27.8,10.3, 25,    23,    33, 0.8207, 0.8012
M5,29/06/23,14:52:25,     1,  2219,   438, 1004.8, 300,22.7,29.6, 0.0,  0, 0.0000,     0,27.5,27.8,10.3, 25,    23,    34, 0.8173, 0.8124
M5,29/06/23,14:52:26,     1,  2220,   439, 1004.8, 300,22.7,29.6, 0.0,  0, 0.0000,     0,27.5,27.8,10.3, 25,    24,    35, 0.8155, 0.8213
M5,29/06/23,14:52:27,     1,  2221,   440, 1004.8, 300,22.7,29.6, 0.0,  0, 0.0000,     0,27.5,27.8,10.3, 25,    25,    36, 0.8130, 0.8260
M5,29/06/23,14:52:28,     1,  2222,   440, 1004.8, 300,22.8,29.6, 0.0,  0, 0.0000,     0,27.5,27.8,10.3, 25,    25,    37, 0.8122, 0.8299
M5,29/06/23,14:52:29,     1,  2223,   441, 1004.8, 300,22.8,29.6, 0.0,  0, 0.0000,     0,27.5,27.8,10.3, 25,    26,    38, 0.8090, 0.8358
M5,29/06/23,14:52:30,     1,  2224,   441, 1004.8, 300,22.8,29.6, 0.0,  0, 0.0000,     0,27.5,27.8,10.3, 25,    26,    39, 0.8051, 0.8434
M5,29/06/23,14:52:31,     1,  2225,   442, 1004.8, 300,22.9,29.6, 0.0,  0, 0.0000,     0,27.5,27.8,10.3, 25,    27,    40, 0.8033, 0.8489
M5,29/06/23,14:52:32,     1,  2226,   443, 1004.8, 300,22.9,29.6, 0.0,  0, 0.0000,     0,27.5,27.8,10.3, 25,    27,    41, 0.7995, 0.8545
M5,29/06/23,14:52:33,     1,  2227,   443, 1004.9, 300,22.9,29.6, 0.0,  0, 0.0000,     0,27.5,27.8,10.3, 25,    28,    42, 0.7981, 0.8540
M5,29/06/23,14:52:34,     1,  2228,   444, 1004.9, 300,22.9,29.6, 0.0,  0, 0.0000,     0,27.5,27.8,10.3, 25,    29,    43, 0.7973, 0.8481
M5,29/06/23,14:52:35,     1,  2229,   445, 1004.9, 300,23.0,29.6, 0.0,  0, 0.0000,     0,27.5,27.8,10.3, 25,    30,    44, 0.7979, 0.8440
M5,29/06/23,14:52:36,     1,  2230,   445, 1004.9, 300,23.0,29.6, 0.0,  0, 0.0000,     0,27.5,27.8,10.3, 25,    30,    45, 0.7964, 0.8423
M5,29/06/23,14:52:37,     1,  2231,   446, 1004.9, 300,23.1,29.6, 0.0,  0, 0.0000,     0,27.5,27.8,10.3, 25,    31,    46, 0.7960, 0.8407
M5,29/06/23,14:52:38,     1,  2232,   447, 1004.9, 300,23.1,29.6, 0.0,  0, 0.0000,     0,27.5,27.8,10.3, 25,    31,    47, 0.7941, 0.8409
M5,29/06/23,14:52:39,     1,  2233,   447, 1004.9, 300,23.1,29.6, 0.0,  0, 0.0000,     0,27.5,27.8,10.3, 25,    32,    48, 0.7925, 0.8400
M5,29/06/23,14:52:40,     1,  2234,   448, 1004.9, 300,23.1,29.6, 0.0,  0, 0.0000,     0,27.5,27.8,10.3, 25,    33,    49, 0.7910, 0.8414
M5,29/06/23,14:52:41,     1,  2235,   448, 1004.9, 300,23.1,29.6, 0.0,  0, 0.0000,     0,27.5,27.8,10.3, 25,    33,    50, 0.7893, 0.8410
M5,29/06/23,14:52:42,     1,  2236,   449, 1004.9, 300,23.2,29.6, 0.0,  0, 0.0000,     0,27.5,27.8,10.3, 25,    34,    51, 0.7888, 0.8405
M5,29/06/23,14:52:43,     1,  2237,   450, 1004.9, 300,23.2,29.6, 0.0,  0, 0.0000,     0,27.5,27.8,10.3, 25,    35,    52, 0.7889, 0.8338
M5,29/06/23,14:52:44,     1,  2238,   451, 1004.9, 300,23.2,29.6, 0.0,  0, 0.0000,     0,27.5,27.8,10.3, 25,    36,    53, 0.7897, 0.8283
M5,29/06/23,14:52:45,     1,  2239,   451, 1004.9, 300,23.2,29.6, 0.0,  0, 0.0000,     0,27.5,27.8,10.3, 25,    36,    54, 0.7893, 0.8248
M5,29/06/23,14:52:46,     1,  2240,   452, 1004.9, 300,23.2,29.6, 0.0,  0, 0.0000,     0,27.5,27.8,10.3, 25,    37,    55, 0.7886, 0.8226
M5,29/06/23,14:52:47,     1,  2241,   452, 1004.9, 300,23.3,29.6, 0.0,  0, 0.0000,     0,27.2,27.8,10.3, 25,    37,    56, 0.7880, 0.8226
M5,29/06/23,14:52:48,     1,  2242,   453, 1004.9, 300,23.3,29.6, 0.0,  0, 0.0000,     0,27.2,27.8,10.3, 25,    38,    57, 0.7871, 0.8215
M5,29/06/23,14:52:49,     1,  2243,   454, 1004.9, 300,23.3,29.6, 0.0,  0, 0.0000,     0,27.2,27.8,10.3, 25,    38,    58, 0.7868, 0.8205
M5,29/06/23,14:52:50,     1,  2244,   454, 1004.9, 300,23.3,29.6, 0.0,  0, 0.0000,     0,27.2,27.8,10.3, 25,    39,    59, 0.7857, 0.8203
M5,29/06/23,14:52:51,     1,  2245,   455, 1004.9, 300,23.3,29.6, 0.0,  0, 0.0000,     0,27.2,27.8,10.3, 25,    40,    60, 0.7859, 0.8185
R5,29/06/23,14:52:51,     1,  2245,   455, 1004.9, 300,23.3,29.6, 0.0,  0, 0.0000,     0,27.2,27.8,10.3, 25,    40,    60, 0.7859, 0.8185
End
Start
M5,29/06/23,14:53:46,     1,  2300,   420, 1004.9, 300,21.9,29.6, 0.0,  0, 0.0000,     0,27.2,27.8,10.3, 20,     3,     1, 0.0000, 0.0000
M5,29/06/23,14:53:47,     1,  2301,   422, 1004.9, 300,21.9,29.6, 0.0,  0, 0.0000,     0,27.2,27.8,10.3, 20,     6,     2, 0.0000, 0.0000
M5,29/06/23,14:53:48,     1,  2302,   424, 1004.9, 300,21.9,29.6, 0.0,  0, 0.0000,     0,27.2,27.8,10.3, 20,     7,     3, 0.0000, 0.0000
M5,29/06/23,14:53:49,     1,  2303,   425, 1004.9, 300,22.0,29.6, 0.0,  0, 0.0000,     0,27.2,27.8,10.3, 20,     9,     4, 0.0000, 0.0000
M5,29/06/23,14:53:50,     1,  2304,   427, 1004.9, 300,22.0,29.6, 0.0,  0, 0.0000,     0,27.2,27.9,10.3, 20,    10,     5, 0.0000, 0.0000
M5,29/06/23,14:53:51,     1,  2305,   427, 1004.9, 300,22.1,29.5, 0.0,  0, 0.0000,     0,27.2,27.9,10.1, 20,    11,     6, 0.0000, 0.0000
M5,29/06/23,14:53:52,     1,  2306,   428, 1004.9, 300,22.1,29.5, 0.0,  0, 0.0000,     0,27.2,27.9,10.1, 20,    11,     7, 0.0000, 0.0000
M5,29/06/23,14:53:53,     1,  2307,   428, 1004.9, 300,22.1,29.6, 0.0,  0, 0.0000,     0,27.2,27.9,10.1, 20,    12,     8, 0.0000, 0.0000
M5,29/06/23,14:53:54,     1,  2308,   429, 1004.9, 300,22.1,29.6, 0.0,  0, 0.0000,     0,27.2,27.9,10.1, 20,    12,     9, 0.0000, 0.0000
M5,29/06/23,14:53:55,     1,  2309,   429, 1004.9, 300,22.1,29.6, 0.0,  0, 0.0000,     0,27.2,27.9,10.1, 25,    13,    10, 0.0000, 0.0000
M5,29/06/23,14:53:56,     1,  2310,   430, 1004.9, 300,22.2,29.6, 0.0,  0, 0.0000,     0,27.2,27.9,10.3, 25,    13,    11, 0.0000, 0.0000
M5,29/06/23,14:53:57,     1,  2311,   431, 1004.9, 300,22.2,29.6, 0.0,  0, 0.0000,     0,27.2,27.9,10.3, 25,    14,    12, 0.0000, 0.0000
M5,29/06/23,14:53:58,     1,  2312,   431, 1004.9, 300,22.3,29.5, 0.0,  0, 0.0000,     0,27.2,27.9,10.3, 25,    15,    13, 0.8676, 0.7094
M5,29/06/23,14:53:59,     1,  2313,   432, 1004.9, 300,22.3,29.5, 0.0,  0, 0.0000,     0,27.2,27.9,10.3, 25,    15,    14, 0.8634, 0.7989
M5,29/06/23,14:54:00,     1,  2314,   433, 1004.9, 300,22.4,29.6, 0.0,  0, 0.0000,     0,27.2,27.9,10.3, 25,    16,    15, 0.8378, 0.9196
M5,29/06/23,14:54:01,     1,  2315,   433, 1004.9, 300,22.4,29.6, 0.0,  0, 0.0000,     0,27.2,27.9,10.3, 25,    17,    16, 0.8184, 0.9116
M5,29/06/23,14:54:02,     1,  2316,   434, 1004.9, 300,22.4,29.6, 0.0,  0, 0.0000,     0,27.2,27.9,10.3, 25,    17,    17, 0.8085, 0.8858
M5,29/06/23,14:54:03,     1,  2317,   435, 1004.9, 300,22.5,29.6, 0.0,  0, 0.0000,     0,27.2,27.9,10.3, 25,    18,    18, 0.8076, 0.8662
M5,29/06/23,14:54:04,     1,  2318,   435, 1004.9, 300,22.5,29.6, 0.0,  0, 0.0000,     0,27.2,27.9,10.3, 25,    19,    19, 0.8149, 0.8170
M5,29/06/23,14:54:05,     1,  2319,   436, 1004.9, 300,22.6,29.6, 0.0,  0, 0.0000,     0,27.2,27.9,10.3, 25,    19,    20, 0.8320, 0.7791
M5,29/06/23,14:54:06,     1,  2320,   437, 1004.9, 300,22.6,29.6, 0.0,  0, 0.0000,     0,27.2,27.9,10.3, 25,    20,    21, 0.8299, 0.7925
M5,29/06/23,14:54:07,     1,  2321,   437, 1004.9, 300,22.6,29.6, 0.0,  0, 0.0000,     0,27.2,28.0,10.3, 25,    20,    22, 0.8235, 0.8246
M5,29/06/23,14:54:08,     1,  2322,   438, 1004.9, 300,22.6,29.6, 0.0,  0, 0.0000,     0,27.2,28.0,10.3, 25,    21,    23, 0.8172, 0.8371
M5,29/06/23,14:54:09,     1,  2323,   438, 1004.9, 300,22.7,29.6, 0.0,  0, 0.0000,     0,27.2,28.0,10.3, 25,    22,    24, 0.8147, 0.8428
M5,29/06/23,14:54:10,     1,  2324,   439, 1004.9, 300,22.7,29.6, 0.0,  0, 0.0000,     0,27.2,28.0,10.3, 25,    22,    25, 0.8069, 0.8558
M5,29/06/23,14:54:11,     1,  2325,   440, 1004.9, 300,22.7,29.6, 0.0,  0, 0.0000,     0,27.2,28.0,10.3, 25,    23,    26, 0.8016, 0.8573
M5,29/06/23,14:54:12,     1,  2326,   440, 1004.9, 300,22.7,29.6, 0.0,  0, 0.0000,     0,27.2,28.0,10.3, 25,    24,    27, 0.7995, 0.8553
M5,29/06/23,14:54:13,     1,  2327,   441, 1004.9, 300,22.7,29.6, 0.0,  0, 0.0000,     0,27.2,28.0,10.3, 25,    24,    28, 0.7969, 0.8491
M5,29/06/23,14:54:14,     1,  2328,   442, 1004.9, 300,22.8,29.6, 0.0,  0, 0.0000,     0,27.2,28.0,10.3, 25,    25,    29, 0.7968, 0.8438
M5,29/06/23,14:54:15,     1,  2329,   442, 1004.9, 300,22.8,29.6, 0.0,  0, 0.0000,     0,27.2,28.0,10.3, 25,    26,    30, 0.7954, 0.8363
M5,29/06/23,14:54:16,     1,  2330,   443, 1004.9, 300,22.8,29.6, 0.0,  0, 0.0000,     0,27.2,28.0,10.3, 25,    26,    31, 0.7961, 0.8309
M5,29/06/23,14:54:17,     1,  2331,   444, 1004.9, 300,22.8,29.6, 0.0,  0, 0.0000,     0,27.2,28.0,10.3, 25,    27,    32, 0.7954, 0.8242
M5,29/06/23,14:54:18,     1,  2332,   444, 1004.9, 300,22.8,29.6, 0.0,  0, 0.0000,     0,27.2,28.0,10.3, 25,    27,    33, 0.7929, 0.8249
M5,29/06/23,14:54:19,     1,  2333,   445, 1004.9, 300,22.9,29.5, 0.0,  0, 0.0000,     0,27.2,28.0,10.3, 25,    28,    34, 0.7916, 0.8240
M5,29/06/23,14:54:20,     1,  2334,   445, 1004.9, 300,22.9,29.5, 0.0,  0, 0.0000,     0,27.2,28.0,10.3, 25,    29,    35, 0.7904, 0.8207
M5,29/06/23,14:54:21,     1,  2335,   446, 1004.9, 300,22.9,29.6, 0.0,  0, 0.0000,     0,27.2,28.0,10.3, 25,    29,    36, 0.7909, 0.8183
M5,29/06/23,14:54:22,     1,  2336,   447, 1004.9, 300,22.9,29.6, 0.0,  0, 0.0000,     0,27.2,28.0,10.3, 25,    30,    37, 0.7902, 0.8141
M5,29/06/23,14:54:23,     1,  2337,   448, 1004.9, 300,23.0,29.6, 0.0,  0, 0.0000,     0,27.2,28.0,10.3, 25,    31,    38, 0.7927, 0.8067
M5,29/06/23,14:54:24,     1,  2338,   448, 1004.9, 300,23.0,29.6, 0.0,  0, 0.0000,     0,27.2,28.0,10.3, 25,    32,    39, 0.7949, 0.7949
M5,29/06/23,14:54:25,     1,  2339,   449, 1004.9, 300,23.0,29.6, 0.0,  0, 0.0000,     0,27.2,28.0,10.3, 25,    32,    40, 0.7967, 0.7861
M5,29/06/23,14:54:26,     1,  2340,   450, 1004.9, 300,23.0,29.5, 0.0,  0, 0.0000,     0,27.2,28.0,10.3, 25,    33,    41, 0.7990, 0.7789
M5,29/06/23,14:54:27,     1,  2341,   451, 1004.9, 300,23.0,29.5, 0.0,  0, 0.0000,     0,27.2,28.0,10.3, 25,    34,    42, 0.8006, 0.7734
M5,29/06/23,14:54:28,     1,  2342,   451, 1004.9, 300,23.1,29.6, 0.0,  0, 0.0000,     0,27.2,28.0,10.3, 25,    35,    43, 0.8030, 0.7706
M5,29/06/23,14:54:29,     1,  2343,   452, 1004.9, 300,23.1,29.6, 0.0,  0, 0.0000,     0,27.2,28.0,10.3, 25,    35,    44, 0.8051, 0.7646
M5,29/06/23,14:54:30,     1,  2344,   453, 1004.9, 300,23.2,29.5, 0.0,  0, 0.0000,     0,27.2,28.0,10.3, 25,    36,    45, 0.8077, 0.7613
M5,29/06/23,14:54:31,     1,  2345,   453, 1004.9, 300,23.2,29.5, 0.0,  0, 0.0000,     0,27.2,28.0,10.3, 25,    36,    46, 0.8066, 0.7681
M5,29/06/23,14:54:32,     1,  2346,   453, 1004.9, 300,23.2,29.6, 0.0,  0, 0.0000,     0,27.2,28.0,10.3, 25,    37,    47, 0.8054, 0.7769
M5,29/06/23,14:54:33,     1,  2347,   454, 1004.9, 300,23.2,29.6, 0.0,  0, 0.0000,     0,27.2,28.0,10.3, 25,    37,    48, 0.8032, 0.7861
M5,29/06/23,14:54:34,     1,  2348,   455, 1004.9, 299,23.2,29.6, 0.0,  0, 0.0000,     0,27.2,28.0,10.3, 25,    38,    49, 0.8013, 0.7929
M5,29/06/23,14:54:35,     1,  2349,   455, 1004.9, 300,23.3,29.6, 0.0,  0, 0.0000,     0,27.2,28.0,10.3, 25,    39,    50, 0.8006, 0.7988
M5,29/06/23,14:54:36,     1,  2350,   456, 1004.9, 300,23.3,29.6, 0.0,  0, 0.0000,     0,27.2,28.0,10.3, 25,    39,    51, 0.7999, 0.7999
M5,29/06/23,14:54:38,     1,  2351,   457, 1004.9, 300,23.3,29.5, 0.0,  0, 0.0000,     0,27.2,28.0,10.3, 25,    40,    52, 0.7990, 0.8031
M5,29/06/23,14:54:39,     1,  2352,   457, 1004.9, 300,23.3,29.5, 0.0,  0, 0.0000,     0,27.2,28.0,10.3, 25,    40,    53, 0.7967, 0.8094
M5,29/06/23,14:54:40,     1,  2353,   458, 1004.9, 300,23.3,29.5, 0.0,  0, 0.0000,     0,27.2,28.0,10.3, 25,    41,    54, 0.7951, 0.8143
M5,29/06/23,14:54:41,     1,  2354,   458, 1004.9, 300,23.3,29.5, 0.0,  0, 0.0000,     0,27.2,28.0,10.3, 25,    42,    55, 0.7935, 0.8172
M5,29/06/23,14:54:42,     1,  2355,   459, 1004.9, 300,23.3,29.5, 0.0,  0, 0.0000,     0,27.2,28.0,10.3, 25,    42,    56, 0.7926, 0.8171
M5,29/06/23,14:54:43,     1,  2356,   460, 1004.9, 300,23.4,29.5, 0.0,  0, 0.0000,     0,27.2,28.0,10.3, 25,    43,    57, 0.7920, 0.8189
M5,29/06/23,14:54:44,     1,  2357,   460, 1004.9, 300,23.4,29.5, 0.0,  0, 0.0000,     0,27.2,28.0,10.3, 25,    43,    58, 0.7905, 0.8211
M5,29/06/23,14:54:45,     1,  2358,   461, 1004.9, 300,23.4,29.5, 0.0,  0, 0.0000,     0,27.2,28.0,10.3, 25,    44,    59, 0.7898, 0.8230
M5,29/06/23,14:54:46,     1,  2359,   461, 1004.9, 300,23.4,29.5, 0.0,  0, 0.0000,     0,27.2,28.0,10.3, 25,    45,    60, 0.7887, 0.8234
R5,29/06/23,14:54:46,     1,  2359,   461, 1004.9, 300,23.4,29.5, 0.0,  0, 0.0000,     0,27.2,28.0,10.3, 25,    45,    60, 0.7887, 0.8234
End
Start
M5,29/06/23,14:55:34,     1,  2407,   417, 1004.9, 300,22.0,29.5, 0.0,  0, 0.0000,     0,27.2,27.8, 9.9, 20,     1,     1, 0.0000, 0.0000
M5,29/06/23,14:55:35,     1,  2408,   418, 1004.9, 300,22.0,29.5, 0.0,  0, 0.0000,     0,27.2,27.8, 9.9, 20,     3,     2, 0.0000, 0.0000
M5,29/06/23,14:55:36,     1,  2409,   419, 1004.9, 300,22.1,29.5, 0.0,  0, 0.0000,     0,27.2,27.8, 9.9, 20,     4,     3, 0.0000, 0.0000
M5,29/06/23,14:55:37,     1,  2410,   420, 1004.9, 300,22.1,29.5, 0.0,  0, 0.0000,     0,27.2,27.8, 9.9, 20,     4,     4, 0.0000, 0.0000
M5,29/06/23,14:55:38,     1,  2411,   421, 1004.9, 300,22.1,29.5, 0.0,  0, 0.0000,     0,27.2,27.8, 9.9, 20,     5,     5, 0.0000, 0.0000
M5,29/06/23,14:55:39,     1,  2412,   422, 1004.9, 300,22.1,29.5, 0.0,  0, 0.0000,     0,27.2,27.9, 9.9, 20,     6,     6, 0.0000, 0.0000
M5,29/06/23,14:55:40,     1,  2413,   423, 1004.9, 300,22.1,29.5, 0.0,  0, 0.0000,     0,27.2,27.9, 9.9, 20,     7,     7, 0.0000, 0.0000
M5,29/06/23,14:55:41,     1,  2414,   423, 1004.8, 300,22.1,29.5, 0.0,  0, 0.0000,     0,27.2,27.9, 9.9, 20,     8,     8, 0.0000, 0.0000
M5,29/06/23,14:55:42,     1,  2415,   424, 1004.8, 300,22.1,29.5, 0.0,  0, 0.0000,     0,27.2,27.9, 9.9, 20,     8,     9, 0.0000, 0.0000
M5,29/06/23,14:55:43,     1,  2416,   425, 1004.8, 300,22.2,29.5, 0.0,  0, 0.0000,     0,27.2,27.9, 9.9, 25,     9,    10, 0.0000, 0.0000
M5,29/06/23,14:55:44,     1,  2417,   426, 1004.8, 300,22.2,29.5, 0.0,  0, 0.0000,     0,27.2,27.9,10.2, 25,    10,    11, 0.0000, 0.0000
M5,29/06/23,14:55:45,     1,  2418,   427, 1004.8, 300,22.3,29.5, 0.0,  0, 0.0000,     0,27.2,27.9,10.2, 25,    11,    12, 0.0000, 0.0000
M5,29/06/23,14:55:46,     1,  2419,   427, 1004.8, 300,22.3,29.5, 0.0,  0, 0.0000,     0,27.2,27.9,10.2, 25,    11,    13, 0.8614, 1.0083
M5,29/06/23,14:55:47,     1,  2420,   428, 1004.8, 300,22.3,29.5, 0.0,  0, 0.0000,     0,27.2,27.9,10.2, 25,    12,    14, 0.8258, 0.9820
M5,29/06/23,14:55:48,     1,  2421,   429, 1004.8, 300,22.3,29.5, 0.0,  0, 0.0000,     0,27.2,27.9,10.2, 25,    13,    15, 0.8095, 0.9241
M5,29/06/23,14:55:49,     1,  2422,   429, 1004.8, 300,22.4,29.5, 0.0,  0, 0.0000,     0,27.2,27.9, 9.7, 25,    13,    16, 0.7885, 0.9392
M5,29/06/23,14:55:50,     1,  2423,   429, 1004.8, 300,22.4,29.5, 0.0,  0, 0.0000,     0,27.2,27.9, 9.7, 25,    14,    17, 0.7598, 0.9391
M5,29/06/23,14:55:51,     1,  2424,   430, 1004.8, 300,22.4,29.5, 0.0,  0, 0.0000,     0,27.2,27.9, 9.7, 25,    14,    18, 0.7356, 0.9285
M5,29/06/23,14:55:52,     1,  2425,   430, 1004.8, 300,22.5,29.5, 0.0,  0, 0.0000,     0,27.2,27.9, 9.7, 25,    15,    19, 0.7194, 0.9153
M5,29/06/23,14:55:53,     1,  2426,   431, 1004.8, 300,22.5,29.5, 0.0,  0, 0.0000,     0,27.2,27.9, 9.7, 25,    15,    20, 0.6937, 0.9204
M5,29/06/23,14:55:54,     1,  2427,   431, 1004.8, 300,22.5,29.5, 0.0,  0, 0.0000,     0,26.9,27.9, 9.7, 25,    16,    21, 0.6776, 0.9057
M5,29/06/23,14:55:55,     1,  2428,   432, 1004.8, 300,22.5,29.5, 0.0,  0, 0.0000,     0,26.9,27.9, 9.7, 25,    16,    22, 0.6635, 0.8804
M5,29/06/23,14:55:56,     1,  2429,   433, 1004.8, 300,22.6,29.5, 0.0,  0, 0.0000,     0,26.9,28.0, 9.7, 25,    17,    23, 0.6719, 0.8037
M5,29/06/23,14:55:57,     1,  2430,   434, 1004.8, 300,22.6,29.5, 0.0,  0, 0.0000,     0,26.9,28.0, 9.7, 25,    18,    24, 0.6838, 0.7303
M5,29/06/23,14:55:58,     1,  2431,   434, 1004.8, 300,22.6,29.5, 0.0,  0, 0.0000,     0,26.9,28.0, 9.7, 25,    18,    25, 0.6943, 0.6826
M5,29/06/23,14:55:59,     1,  2432,   435, 1004.8, 300,22.6,29.5, 0.0,  0, 0.0000,     0,26.9,28.0, 9.7, 25,    19,    26, 0.6979, 0.6793
M5,29/06/23,14:56:00,     1,  2433,   435, 1004.9, 300,22.6,29.5, 0.0,  0, 0.0000,     0,26.9,28.0, 9.7, 25,    19,    27, 0.6933, 0.6942
M5,29/06/23,14:56:01,     1,  2434,   435, 1004.9, 300,22.7,29.5, 0.0,  0, 0.0000,     0,26.9,28.0, 9.7, 25,    19,    28, 0.6841, 0.7295
M5,29/06/23,14:56:02,     1,  2435,   435, 1004.9, 300,22.7,29.5, 0.0,  0, 0.0000,     0,26.9,28.0, 9.7, 25,    20,    29, 0.6718, 0.7585
M5,29/06/23,14:56:03,     1,  2436,   436, 1004.9, 300,22.7,29.5, 0.0,  0, 0.0000,     0,26.9,28.0, 9.7, 25,    20,    30, 0.6600, 0.7840
M5,29/06/23,14:56:04,     1,  2437,   436, 1004.9, 300,22.7,29.5, 0.0,  0, 0.0000,     0,26.9,28.0, 9.7, 25,    20,    31, 0.6497, 0.7950
M5,29/06/23,14:56:05,     1,  2438,   437, 1004.9, 300,22.7,29.5, 0.0,  0, 0.0000,     0,26.9,28.0, 9.7, 25,    21,    32, 0.6477, 0.7755
M5,29/06/23,14:56:06,     1,  2439,   438, 1004.9, 300,22.8,29.5, 0.0,  0, 0.0000,     0,26.9,28.0, 9.7, 25,    23,    33, 0.6552, 0.7343
M5,29/06/23,14:56:07,     1,  2440,   439, 1004.9, 300,22.8,29.5, 0.0,  0, 0.0000,     0,26.9,28.0, 9.7, 25,    23,    34, 0.6635, 0.6915
M5,29/06/23,14:56:08,     1,  2441,   440, 1004.9, 300,22.9,29.5, 0.0,  0, 0.0000,     0,26.9,28.0, 9.7, 25,    24,    35, 0.6738, 0.6542
M5,29/06/23,14:56:09,     1,  2442,   441, 1004.9, 300,22.9,29.5, 0.0,  0, 0.0000,     0,26.9,28.0, 9.7, 25,    25,    36, 0.6837, 0.6202
M5,29/06/23,14:56:10,     1,  2443,   442, 1004.9, 300,22.9,29.5, 0.0,  0, 0.0000,     0,26.9,28.0, 9.7, 25,    26,    37, 0.6935, 0.5969
M5,29/06/23,14:56:11,     1,  2444,   442, 1004.9, 300,22.9,29.5, 0.0,  0, 0.0000,     0,26.9,28.0, 9.7, 25,    26,    38, 0.7013, 0.5798
M5,29/06/23,14:56:12,     1,  2445,   443, 1004.9, 300,23.0,29.5, 0.0,  0, 0.0000,     0,26.9,28.0, 9.7, 25,    27,    39, 0.7108, 0.5648
M5,29/06/23,14:56:13,     1,  2446,   444, 1004.9, 300,23.0,29.5, 0.0,  0, 0.0000,     0,26.9,28.0, 9.7, 25,    28,    40, 0.7183, 0.5542
M5,29/06/23,14:56:14,     1,  2447,   445, 1004.9, 300,23.0,29.5, 0.0,  0, 0.0000,     0,26.9,28.0, 9.7, 25,    29,    41, 0.7260, 0.5440
M5,29/06/23,14:56:15,     1,  2448,   445, 1004.9, 300,23.0,29.5, 0.0,  0, 0.0000,     0,26.9,28.0, 9.7, 25,    29,    42, 0.7336, 0.5392
M5,29/06/23,14:56:16,     1,  2449,   446, 1004.9, 300,23.0,29.5, 0.0,  0, 0.0000,     0,26.9,28.0, 9.7, 25,    30,    43, 0.7407, 0.5338
M5,29/06/23,14:56:17,     1,  2450,   447, 1004.8, 300,23.1,29.5, 0.0, 21, 0.0000,     0,26.9,28.0, 9.7, 25,    31,    44, 0.7480, 0.5330
M5,29/06/23,14:56:18,     1,  2451,   447, 1004.9, 300,23.1,29.5, 0.0, 21, 0.0000,     0,26.9,28.0, 9.7, 25,    32,    45, 0.7535, 0.5341
M5,29/06/23,14:56:19,     1,  2452,   448, 1004.9, 300,23.1,29.5, 0.0, 21, 0.0000,     0,26.9,28.0, 9.7, 25,    32,    46, 0.7583, 0.5414
M5,29/06/23,14:56:20,     1,  2453,   448, 1004.9, 300,23.1,29.5, 0.0,  0, 0.0000,     0,26.9,28.0, 9.7, 25,    33,    47, 0.7610, 0.5516
M5,29/06/23,14:56:21,     1,  2454,   449, 1004.9, 300,23.1,29.5, 0.0,  0, 0.0000,     0,26.9,28.0, 9.9, 25,    33,    48, 0.7635, 0.5616
M5,29/06/23,14:56:22,     1,  2455,   450, 1004.9, 300,23.2,29.5, 0.0,  0, 0.0000,     0,26.9,28.0, 9.9, 25,    34,    49, 0.7662, 0.5715
M5,29/06/23,14:56:23,     1,  2456,   450, 1004.9, 300,23.2,29.5, 0.0,  0, 0.0000,     0,26.9,28.0, 9.9, 25,    35,    50, 0.7683, 0.5806
M5,29/06/23,14:56:24,     1,  2457,   451, 1004.9, 300,23.2,29.5, 0.0,  0, 0.0000,     0,26.9,28.0, 9.9, 25,    35,    51, 0.7707, 0.5898
M5,29/06/23,14:56:25,     1,  2458,   452, 1004.9, 300,23.2,29.5, 0.0,  0, 0.0000,     0,26.9,28.0, 9.9, 25,    36,    52, 0.7725, 0.5981
M5,29/06/23,14:56:26,     1,  2459,   453, 1004.9, 300,23.2,29.5, 0.0,  0, 0.0000,     0,26.9,28.0, 9.7, 25,    37,    53, 0.7754, 0.6042
M5,29/06/23,14:56:27,     1,  2460,   453, 1004.9, 300,23.2,29.5, 0.0,  0, 0.0000,     0,26.9,28.0, 9.7, 25,    37,    54, 0.7771, 0.6112
M5,29/06/23,14:56:28,     1,  2461,   454, 1004.9, 300,23.2,29.5, 0.0,  0, 0.0000,     0,26.9,28.0, 9.7, 25,    38,    55, 0.7787, 0.6179
M5,29/06/23,14:56:29,     1,  2462,   455, 1004.9, 300,23.3,29.5, 0.0,  0, 0.0000,     0,26.9,28.0, 9.7, 25,    39,    56, 0.7812, 0.6230
M5,29/06/23,14:56:30,     1,  2463,   456, 1004.9, 300,23.3,29.5, 0.0,  0, 0.0000,     0,26.9,28.0, 9.7, 25,    40,    57, 0.7835, 0.6258
M5,29/06/23,14:56:31,     1,  2464,   456, 1004.9, 300,23.3,29.5, 0.0,  0, 0.0000,     0,26.9,28.0, 9.7, 25,    40,    58, 0.7861, 0.6296
M5,29/06/23,14:56:32,     1,  2465,   457, 1004.9, 300,23.3,29.5, 0.0,  0, 0.0000,     0,26.9,28.0, 9.9, 25,    41,    59, 0.7875, 0.6352
M5,29/06/23,14:56:33,     1,  2466,   457, 1004.9, 300,23.4,29.5, 0.0,  0, 0.0000,     0,26.9,28.0, 9.9, 25,    41,    60, 0.7889, 0.6427
R5,29/06/23,14:56:33,     1,  2466,   457, 1004.9, 300,23.4,29.5, 0.0,  0, 0.0000,     0,26.9,28.0, 9.9, 25,    41,    60, 0.7889, 0.6427
End
Start
M5,29/06/23,15:00:23,     2,  2694,   432, 1004.9, 300,21.9,29.4, 0.0,  0, 0.0000,     0,26.9,28.1, 5.8, 20,    -1,     1, 0.0000, 0.0000
M5,29/06/23,15:00:24,     2,  2695,   432, 1004.9, 300,21.9,29.4, 0.0,  0, 0.0000,     0,26.9,28.1, 5.8, 20,    -2,     2, 0.0000, 0.0000
M5,29/06/23,15:00:25,     2,  2696,   432, 1004.9, 300,21.9,29.4, 0.0,  0, 0.0000,     0,26.9,28.1, 5.8, 20,    -2,     3, 0.0000, 0.0000
M5,29/06/23,15:00:26,     2,  2697,   432, 1004.9, 300,21.9,29.4, 0.0,  0, 0.0000,     0,26.9,28.1, 5.8, 20,    -2,     4, 0.0000, 0.0000
M5,29/06/23,15:00:27,     2,  2698,   432, 1004.9, 300,21.9,29.4, 0.0,  0, 0.0000,     0,26.9,28.1, 5.8, 20,    -1,     5, 0.0000, 0.0000
M5,29/06/23,15:00:28,     2,  2699,   433, 1004.9, 300,22.0,29.4, 0.0,  0, 0.0000,     0,26.9,28.1, 5.5, 20,    -1,     6, 0.0000, 0.0000
M5,29/06/23,15:00:29,     2,  2700,   433, 1004.9, 300,22.0,29.4, 0.0,  0, 0.0000,     0,26.9,28.1, 5.5, 20,    -1,     7, 0.0000, 0.0000
M5,29/06/23,15:00:30,     2,  2701,   434, 1004.9, 300,22.0,29.4, 0.0,  0, 0.0000,     0,26.9,28.1, 5.5, 20,     0,     8, 0.0000, 0.0000
M5,29/06/23,15:00:31,     2,  2702,   434, 1004.9, 300,22.0,29.4, 0.0,  0, 0.0000,     0,26.9,28.1, 5.5, 20,     0,     9, 0.0000, 0.0000
M5,29/06/23,15:00:32,     2,  2703,   434, 1005.0, 300,22.1,29.4, 0.0,  0, 0.0000,     0,26.9,28.1, 5.5, 25,     1,    10, 0.0000, 0.0000
M5,29/06/23,15:00:33,     2,  2704,   435, 1005.0, 300,22.1,29.4, 0.0,  0, 0.0000,     0,26.9,28.2, 5.5, 25,     1,    11, 0.0000, 0.0000
M5,29/06/23,15:00:34,     2,  2705,   435, 1005.0, 300,22.1,29.4, 0.0,  0, 0.0000,     0,26.9,28.2, 5.5, 25,     1,    12, 0.0000, 0.0000
M5,29/06/23,15:00:35,     2,  2706,   436, 1005.0, 300,22.1,29.4, 0.0, 21, 0.0000,     0,26.9,28.2, 5.5, 25,     2,    13, 0.4644, 0.3155
M5,29/06/23,15:00:36,     2,  2707,   436, 1005.0, 300,22.1,29.4, 0.0,  0, 0.0000,     0,26.9,28.2, 5.5, 25,     2,    14, 0.4621, 0.4052
M5,29/06/23,15:00:37,     2,  2708,   436, 1005.0, 299,22.2,29.4, 0.0,  0, 0.0000,     0,26.9,28.2, 5.5, 25,     3,    15, 0.4564, 0.4562
M5,29/06/23,15:00:38,     2,  2709,   437, 1005.0, 300,22.2,29.4, 0.0,  0, 0.0000,     0,26.9,28.2, 5.5, 25,     3,    16, 0.4464, 0.4743
M5,29/06/23,15:00:39,     2,  2710,   437, 1005.0, 300,22.2,29.4, 0.0,  0, 0.0000,     0,26.7,28.2, 5.8, 25,     3,    17, 0.4596, 0.4428
M5,29/06/23,15:00:40,     2,  2711,   438, 1005.0, 300,22.2,29.4, 0.0,  0, 0.0000,     0,26.7,28.2, 5.8, 25,     4,    18, 0.4724, 0.4100
M5,29/06/23,15:00:41,     2,  2712,   438, 1005.0, 300,22.3,29.4, 0.0,  0, 0.0000,     0,26.7,28.2, 5.8, 25,     4,    19, 0.4780, 0.4232
M5,29/06/23,15:00:42,     2,  2713,   438, 1005.0, 300,22.3,29.4, 0.0,  0, 0.0000,     0,26.7,28.2, 5.8, 25,     5,    20, 0.4757, 0.4425
M5,29/06/23,15:00:43,     2,  2714,   439, 1005.0, 300,22.3,29.4, 0.0,  0, 0.0000,     0,26.7,28.2, 5.8, 25,     5,    21, 0.4790, 0.4385
M5,29/06/23,15:00:44,     2,  2715,   439, 1005.0, 300,22.4,29.4, 0.0,  0, 0.0000,     0,26.9,28.2, 5.5, 25,     6,    22, 0.4873, 0.4306
M5,29/06/23,15:00:45,     2,  2716,   440, 1005.0, 300,22.4,29.4, 0.0,  0, 0.0000,     0,26.9,28.2, 5.5, 25,     6,    23, 0.4941, 0.4206
M5,29/06/23,15:00:46,     2,  2717,   440, 1005.0, 300,22.4,29.4, 0.0,  0, 0.0000,     0,26.9,28.3, 5.5, 25,     7,    24, 0.5031, 0.4151
M5,29/06/23,15:00:47,     2,  2718,   441, 1005.0, 300,22.4,29.4, 0.0,  0, 0.0000,     0,26.9,28.3, 5.5, 25,     7,    25, 0.5055, 0.4242
M5,29/06/23,15:00:48,     2,  2719,   441, 1005.0, 300,22.4,29.4, 0.0,  0, 0.0000,     0,26.9,28.3, 5.5, 25,     7,    26, 0.5059, 0.4410
M5,29/06/23,15:00:49,     2,  2720,   441, 1005.0, 300,22.4,29.4, 0.0,  0, 0.0000,     0,26.9,28.3, 5.5, 25,     8,    27, 0.5085, 0.4431
M5,29/06/23,15:00:50,     2,  2721,   442, 1005.0, 300,22.4,29.4, 0.0,  0, 0.0000,     0,26.9,28.3, 5.5, 25,     8,    28, 0.5149, 0.4321
M5,29/06/23,15:00:51,     2,  2722,   443, 1005.0, 300,22.5,29.4, 0.0,  0, 0.0000,     0,26.9,28.3, 5.5, 25,     9,    29, 0.5215, 0.4263
M5,29/06/23,15:00:52,     2,  2723,   443, 1005.0, 300,22.5,29.4, 0.0,  0, 0.0000,     0,26.9,28.3, 5.5, 25,     9,    30, 0.5268, 0.4229
M5,29/06/23,15:00:53,     2,  2724,   444, 1005.0, 300,22.5,29.4, 0.0,  0, 0.0000,     0,26.9,28.3, 5.5, 25,    10,    31, 0.5331, 0.4233
M5,29/06/23,15:00:54,     2,  2725,   444, 1005.0, 300,22.5,29.4, 0.0,  0, 0.0000,     0,26.9,28.3, 5.5, 25,    10,    32, 0.5375, 0.4239
M5,29/06/23,15:00:55,     2,  2726,   445, 1005.0, 300,22.6,29.4, 0.0,  0, 0.0000,     0,26.7,28.3, 5.5, 25,    11,    33, 0.5430, 0.4274
M5,29/06/23,15:00:56,     2,  2727,   445, 1005.0, 300,22.6,29.4, 0.0,  0, 0.0000,     0,26.7,28.3, 5.5, 25,    11,    34, 0.5467, 0.4302
M5,29/06/23,15:00:57,     2,  2728,   445, 1005.0, 300,22.6,29.4, 0.0,  0, 0.0000,     0,26.7,28.3, 5.5, 25,    12,    35, 0.5471, 0.4459
M5,29/06/23,15:00:58,     2,  2729,   445, 1005.0, 300,22.6,29.4, 0.0,  0, 0.0000,     0,26.7,28.3, 5.5, 25,    12,    36, 0.5443, 0.4679
M5,29/06/23,15:00:59,     2,  2730,   445, 1005.0, 300,22.6,29.4, 0.0,  0, 0.0000,     0,26.7,28.3, 5.5, 25,    12,    37, 0.5381, 0.4983
M5,29/06/23,15:01:00,     2,  2731,   446, 1004.9, 300,22.7,29.4, 0.0,  0, 0.0000,     0,26.9,28.3, 5.8, 25,    12,    38, 0.5348, 0.5190
M5,29/06/23,15:01:01,     2,  2732,   447, 1004.9, 300,22.7,29.4, 0.0,  0, 0.0000,     0,26.9,28.3, 5.8, 25,    13,    39, 0.5328, 0.5263
M5,29/06/23,15:01:02,     2,  2733,   447, 1004.9, 300,22.7,29.4, 0.0,  0, 0.0000,     0,26.9,28.3, 5.8, 25,    13,    40, 0.5316, 0.5298
M5,29/06/23,15:01:03,     2,  2734,   448, 1004.9, 300,22.7,29.4, 0.0,  0, 0.0000,     0,26.9,28.3, 5.8, 25,    14,    41, 0.5311, 0.5306
M5,29/06/23,15:01:04,     2,  2735,   448, 1004.9, 300,22.7,29.4, 0.0,  0, 0.0000,     0,26.9,28.3, 5.8, 25,    15,    42, 0.5334, 0.5271
M5,29/06/23,15:01:05,     2,  2736,   449, 1004.9, 300,22.7,29.4, 0.0,  0, 0.0000,     0,26.9,28.3, 5.8, 25,    15,    43, 0.5345, 0.5223
M5,29/06/23,15:01:06,     2,  2737,   449, 1004.9, 300,22.7,29.4, 0.0,  0, 0.0000,     0,26.7,28.3, 5.5, 25,    15,    44, 0.5348, 0.5211
M5,29/06/23,15:01:07,     2,  2738,   450, 1004.9, 300,22.8,29.4, 0.0,  0, 0.0000,     0,26.7,28.3, 5.5, 25,    16,    45, 0.5356, 0.5193
M5,29/06/23,15:01:08,     2,  2739,   450, 1004.9, 300,22.8,29.4, 0.0,  0, 0.0000,     0,26.7,28.3, 5.5, 25,    17,    46, 0.5372, 0.5138
M5,29/06/23,15:01:09,     2,  2740,   451, 1004.9, 300,22.8,29.4, 0.0,  0, 0.0000,     0,26.7,28.3, 5.5, 25,    17,    47, 0.5396, 0.5079
M5,29/06/23,15:01:10,     2,  2741,   451, 1004.9, 300,22.8,29.4, 0.0,  0, 0.0000,     0,26.7,28.3, 5.5, 25,    17,    48, 0.5401, 0.5082
M5,29/06/23,15:01:11,     2,  2742,   451, 1004.9, 300,22.8,29.4, 0.0,  0, 0.0000,     0,26.7,28.3, 5.5, 25,    17,    49, 0.5390, 0.5164
M5,29/06/23,15:01:12,     2,  2743,   451, 1004.9, 300,22.8,29.4, 0.0,  0, 0.0000,     0,26.7,28.3, 5.5, 25,    18,    50, 0.5365, 0.5266
M5,29/06/23,15:01:13,     2,  2744,   452, 1004.9, 300,22.8,29.4, 0.0,  0, 0.0000,     0,26.7,28.3, 5.5, 25,    18,    51, 0.5345, 0.5336
M5,29/06/23,15:01:14,     2,  2745,   452, 1005.0, 300,22.9,29.4, 0.0,  0, 0.0000,     0,26.7,28.3, 5.5, 25,    18,    52, 0.5329, 0.5411
M5,29/06/23,15:01:15,     2,  2746,   453, 1005.0, 300,22.9,29.4, 0.0,  0, 0.0000,     0,26.7,28.3, 5.5, 25,    19,    53, 0.5312, 0.5455
M5,29/06/23,15:01:16,     2,  2747,   453, 1005.0, 300,22.9,29.4, 0.0,  0, 0.0000,     0,26.7,28.3, 5.5, 25,    19,    54, 0.5303, 0.5481
M5,29/06/23,15:01:17,     2,  2748,   454, 1005.0, 300,22.9,29.4, 0.0,  0, 0.0000,     0,26.7,28.3, 5.5, 25,    20,    55, 0.5300, 0.5470
M5,29/06/23,15:01:18,     2,  2749,   454, 1005.0, 300,22.9,29.4, 0.0,  0, 0.0000,     0,26.7,28.3, 5.5, 25,    21,    56, 0.5302, 0.5454
M5,29/06/23,15:01:19,     2,  2750,   455, 1005.0, 300,22.9,29.4, 0.0,  0, 0.0000,     0,26.7,28.3, 5.5, 25,    21,    57, 0.5308, 0.5410
M5,29/06/23,15:01:20,     2,  2751,   455, 1005.0, 300,22.9,29.4, 0.0,  0, 0.0000,     0,26.7,28.3, 5.5, 25,    22,    58, 0.5319, 0.5371
M5,29/06/23,15:01:21,     2,  2752,   456, 1005.0, 300,22.9,29.4, 0.0,  0, 0.0000,     0,26.7,28.3, 5.5, 25,    22,    59, 0.5327, 0.5329
M5,29/06/23,15:01:22,     2,  2753,   456, 1005.0, 300,22.9,29.4, 0.0,  0, 0.0000,     0,26.7,28.3, 5.5, 25,    23,    60, 0.5336, 0.5288
R5,29/06/23,15:01:22,     2,  2753,   456, 1005.0, 300,22.9,29.4, 0.0,  0, 0.0000,     0,26.7,28.3, 5.5, 25,    23,    60, 0.5336, 0.5288
End
Start
M5,29/06/23,15:02:08,     2,  2799,   445, 1004.9, 300,22.1,29.4, 0.0,  0, 0.0000,     0,26.7,28.1, 5.8, 20,     0,     1, 0.0000, 0.0000
M5,29/06/23,15:02:09,     2,  2800,   446, 1004.9, 300,22.2,29.4, 0.0,  0, 0.0000,     0,26.7,28.2, 5.8, 20,     0,     2, 0.0000, 0.0000
M5,29/06/23,15:02:10,     2,  2801,   446, 1004.9, 300,22.2,29.4, 0.0,  0, 0.0000,     0,26.7,28.2, 5.5, 20,     0,     3, 0.0000, 0.0000
M5,29/06/23,15:02:11,     2,  2802,   446, 1004.9, 300,22.2,29.4, 0.0,  0, 0.0000,     0,26.7,28.2, 5.5, 20,     0,     4, 0.0000, 0.0000
M5,29/06/23,15:02:12,     2,  2803,   446, 1004.9, 300,22.2,29.4, 0.0,  0, 0.0000,     0,26.7,28.2, 5.5, 20,     1,     5, 0.0000, 0.0000
M5,29/06/23,15:02:13,     2,  2804,   447, 1004.9, 300,22.2,29.4, 0.0,  0, 0.0000,     0,26.7,28.2, 5.5, 20,     1,     6, 0.0000, 0.0000
M5,29/06/23,15:02:14,     2,  2805,   447, 1004.9, 300,22.2,29.4, 0.0,  0, 0.0000,     0,26.7,28.2, 5.5, 20,     1,     7, 0.0000, 0.0000
M5,29/06/23,15:02:15,     2,  2806,   447, 1004.9, 300,22.2,29.4, 0.0,  0, 0.0000,     0,26.7,28.2, 5.5, 20,     2,     8, 0.0000, 0.0000
M5,29/06/23,15:02:16,     2,  2807,   447, 1004.9, 300,22.3,29.4, 0.0,  0, 0.0000,     0,26.7,28.2, 5.5, 20,     2,     9, 0.0000, 0.0000
M5,29/06/23,15:02:17,     2,  2808,   447, 1004.9, 300,22.3,29.4, 0.0,  0, 0.0000,     0,26.7,28.2, 5.5, 25,     2,    10, 0.0000, 0.0000
M5,29/06/23,15:02:18,     2,  2809,   448, 1004.9, 300,22.3,29.4, 0.0,  0, 0.0000,     0,26.7,28.2, 5.5, 25,     2,    11, 0.0000, 0.0000
M5,29/06/23,15:02:19,     2,  2810,   448, 1004.9, 300,22.3,29.4, 0.0,  0, 0.0000,     0,26.7,28.2, 5.5, 25,     3,    12, 0.0000, 0.0000
M5,29/06/23,15:02:20,     2,  2811,   449, 1004.9, 300,22.4,29.4, 0.0,  0, 0.0000,     0,26.7,28.3, 5.5, 25,     3,    13, 0.4911, 0.4915
M5,29/06/23,15:02:21,     2,  2812,   449, 1004.9, 300,22.4,29.4, 0.0,  0, 0.0000,     0,26.7,28.3, 5.5, 25,     4,    14, 0.4683, 0.5218
M5,29/06/23,15:02:22,     2,  2813,   449, 1004.9, 300,22.4,29.4, 0.0,  0, 0.0000,     0,26.7,28.3, 5.5, 25,     4,    15, 0.4525, 0.5192
M5,29/06/23,15:02:23,     2,  2814,   450, 1005.0, 300,22.4,29.4, 0.0,  0, 0.0000,     0,26.7,28.3, 5.5, 25,     5,    16, 0.4878, 0.4160
M5,29/06/23,15:02:24,     2,  2815,   450, 1005.0, 300,22.4,29.4, 0.0,  0, 0.0000,     0,26.7,28.3, 5.5, 25,     5,    17, 0.4765, 0.4676
M5,29/06/23,15:02:25,     2,  2816,   450, 1005.0, 300,22.5,29.4, 0.0,  0, 0.0000,     0,26.7,28.3, 5.5, 25,     5,    18, 0.4574, 0.5323
M5,29/06/23,15:02:26,     2,  2817,   451, 1005.0, 300,22.5,29.4, 0.0,  0, 0.0000,     0,26.7,28.3, 5.5, 25,     5,    19, 0.4423, 0.5422
M5,29/06/23,15:02:27,     2,  2818,   451, 1005.0, 300,22.5,29.4, 0.0,  0, 0.0000,     0,26.7,28.3, 5.5, 25,     6,    20, 0.4526, 0.4846
M5,29/06/23,15:02:28,     2,  2819,   452, 1005.0, 300,22.5,29.4, 0.0,  0, 0.0000,     0,26.7,28.3, 5.5, 25,     7,    21, 0.4785, 0.3947
M5,29/06/23,15:02:29,     2,  2820,   452, 1005.0, 300,22.5,29.4, 0.0,  0, 0.0000,     0,26.7,28.3, 5.5, 25,     7,    22, 0.4883, 0.3841
M5,29/06/23,15:02:30,     2,  2821,   453, 1005.0, 300,22.6,29.4, 0.0,  0, 0.0000,     0,26.7,28.3, 5.5, 25,     7,    23, 0.4937, 0.3972
M5,29/06/23,15:02:31,     2,  2822,   453, 1004.9, 300,22.6,29.4, 0.0,  0, 0.0000,     0,26.7,28.3, 5.5, 25,     8,    24, 0.4992, 0.3997
M5,29/06/23,15:02:32,     2,  2823,   454, 1004.9, 300,22.6,29.4, 0.0,  0, 0.0000,     0,26.7,28.3, 5.5, 25,     8,    25, 0.5071, 0.4020
M5,29/06/23,15:02:33,     2,  2824,   454, 1004.9, 300,22.6,29.4, 0.0,  0, 0.0000,     0,26.7,28.3, 5.5, 25,     9,    26, 0.5131, 0.4020
M5,29/06/23,15:02:34,     2,  2825,   455, 1004.9, 300,22.7,29.4, 0.0,  0, 0.0000,     0,26.7,28.3, 5.5, 25,     9,    27, 0.5237, 0.3927
M5,29/06/23,15:02:35,     2,  2826,   455, 1004.9, 300,22.7,29.4, 0.0,  0, 0.0000,     0,26.7,28.3, 5.5, 25,    10,    28, 0.5316, 0.3890
M5,29/06/23,15:02:36,     2,  2827,   456, 1004.9, 300,22.7,29.4, 0.0,  0, 0.0000,     0,26.7,28.3, 5.5, 25,    11,    29, 0.5398, 0.3905
M5,29/06/23,15:02:37,     2,  2828,   456, 1004.9, 300,22.7,29.4, 0.0,  0, 0.0000,     0,26.7,28.3, 5.5, 25,    11,    30, 0.5432, 0.4027
M5,29/06/23,15:02:38,     2,  2829,   456, 1004.9, 300,22.7,29.4, 0.0,  0, 0.0000,     0,26.7,28.3, 5.5, 25,    11,    31, 0.5442, 0.4208
M5,29/06/23,15:02:39,     2,  2830,   457, 1004.9, 300,22.8,29.4, 0.0,  0, 0.0000,     0,26.7,28.3, 5.5, 25,    12,    32, 0.5472, 0.4355
M5,29/06/23,15:02:40,     2,  2831,   457, 1004.9, 300,22.8,29.4, 0.0,  0, 0.0000,     0,26.7,28.3, 5.5, 25,    12,    33, 0.5468, 0.4519
M5,29/06/23,15:02:41,     2,  2832,   458, 1004.9, 300,22.8,29.4, 0.0,  0, 0.0000,     0,26.7,28.3, 5.5, 25,    12,    34, 0.5458, 0.4700
M5,29/06/23,15:02:42,     2,  2833,   458, 1004.9, 300,22.8,29.4, 0.0,  0, 0.0000,     0,26.7,28.4, 5.5, 25,    13,    35, 0.5434, 0.4875
M5,29/06/23,15:02:43,     2,  2834,   459, 1004.9, 300,22.8,29.4, 0.0,  0, 0.0000,     0,26.7,28.4, 5.5, 25,    13,    36, 0.5443, 0.4936
M5,29/06/23,15:02:44,     2,  2835,   459, 1004.9, 300,22.8,29.4, 0.0,  0, 0.0000,     0,26.7,28.4, 5.5, 25,    14,    37, 0.5434, 0.5018
M5,29/06/23,15:02:45,     2,  2836,   460, 1004.9, 300,22.8,29.4, 0.0,  0, 0.0000,     0,26.7,28.4, 5.5, 25,    14,    38, 0.5431, 0.5064
M5,29/06/23,15:02:46,     2,  2837,   460, 1004.9, 300,22.9,29.4, 0.0,  0, 0.0000,     0,26.7,28.4, 5.5, 25,    15,    39, 0.5441, 0.5095
M5,29/06/23,15:02:47,     2,  2838,   461, 1004.9, 300,22.9,29.4, 0.0,  0, 0.0000,     0,26.7,28.4, 5.5, 25,    15,    40, 0.5446, 0.5102
M5,29/06/23,15:02:48,     2,  2839,   461, 1004.9, 300,22.9,29.4, 0.0,  0, 0.0000,     0,26.7,28.4, 5.5, 25,    16,    41, 0.5461, 0.5105
M5,29/06/23,15:02:49,     2,  2840,   461, 1004.9, 300,22.9,29.4, 0.0,  0, 0.0000,     0,26.7,28.4, 5.5, 25,    16,    42, 0.5465, 0.5117
M5,29/06/23,15:02:50,     2,  2841,   462, 1004.9, 300,22.9,29.4, 0.0,  0, 0.0000,     0,26.7,28.4, 5.5, 25,    16,    43, 0.5467, 0.5164
M5,29/06/23,15:02:51,     2,  2842,   462, 1004.9, 300,22.9,29.4, 0.0,  0, 0.0000,     0,26.7,28.4, 5.5, 25,    17,    44, 0.5447, 0.5255
M5,29/06/23,15:02:52,     2,  2843,   462, 1004.9, 300,22.9,29.4, 0.0,  0, 0.0000,     0,26.7,28.4, 5.5, 25,    17,    45, 0.5424, 0.5344
M5,29/06/23,15:02:53,     2,  2844,   463, 1004.9, 300,23.0,29.4, 0.0,  0, 0.0000,     0,26.7,28.4, 5.5, 25,    17,    46, 0.5409, 0.5402
M5,29/06/23,15:02:54,     2,  2845,   463, 1004.9, 300,23.0,29.4, 0.0,  0, 0.0000,     0,26.7,28.4, 5.5, 25,    18,    47, 0.5381, 0.5491
M5,29/06/23,15:02:55,     2,  2846,   463, 1004.9, 300,23.0,29.4, 0.0,  0, 0.0000,     0,26.7,28.4, 5.5, 25,    18,    48, 0.5358, 0.5578
M5,29/06/23,15:02:56,     2,  2847,   464, 1004.9, 300,23.0,29.4, 0.0,  0, 0.0000,     0,26.7,28.4, 5.5, 25,    19,    49, 0.5343, 0.5598
M5,29/06/23,15:02:57,     2,  2848,   465, 1004.9, 300,23.1,29.4, 0.0,  0, 0.0000,     0,26.7,28.4, 5.5, 25,    19,    50, 0.5350, 0.5583
M5,29/06/23,15:02:58,     2,  2849,   465, 1004.9, 300,23.1,29.4, 0.0,  0, 0.0000,     0,26.7,28.4, 5.5, 25,    20,    51, 0.5343, 0.5575
M5,29/06/23,15:02:59,     2,  2850,   465, 1004.9, 300,23.1,29.4, 0.0,  0, 0.0000,     0,26.7,28.4, 5.5, 25,    20,    52, 0.5334, 0.5581
M5,29/06/23,15:03:00,     2,  2851,   465, 1004.9, 300,23.1,29.4, 0.0,  0, 0.0000,     0,26.7,28.4, 5.5, 25,    20,    53, 0.5316, 0.5616
M5,29/06/23,15:03:01,     2,  2852,   466, 1004.9, 300,23.1,29.4, 0.0,  0, 0.0000,     0,26.7,28.4, 5.5, 25,    21,    54, 0.5302, 0.5631
M5,29/06/23,15:03:02,     2,  2853,   467, 1004.9, 300,23.1,29.4, 0.0,  0, 0.0000,     0,26.7,28.4, 5.5, 25,    21,    55, 0.5295, 0.5633
M5,29/06/23,15:03:03,     2,  2854,   467, 1004.9, 300,23.1,29.4, 0.0,  0, 0.0000,     0,26.7,28.4, 5.5, 25,    22,    56, 0.5283, 0.5640
M5,29/06/23,15:03:04,     2,  2855,   467, 1004.9, 300,23.2,29.4, 0.0,  0, 0.0000,     0,26.7,28.4, 5.5, 25,    22,    57, 0.5281, 0.5639
M5,29/06/23,15:03:05,     2,  2856,   468, 1004.9, 300,23.2,29.4, 0.0,  0, 0.0000,     0,26.7,28.4, 5.5, 25,    23,    58, 0.5280, 0.5603
M5,29/06/23,15:03:06,     2,  2857,   468, 1004.9, 300,23.2,29.4, 0.0,  0, 0.0000,     0,26.7,28.4, 5.5, 25,    23,    59, 0.5280, 0.5583
M5,29/06/23,15:03:07,     2,  2858,   469, 1004.9, 300,23.2,29.4, 0.0,  0, 0.0000,     0,26.7,28.4, 5.5, 25,    24,    60, 0.5279, 0.5555
R5,29/06/23,15:03:07,     2,  2858,   469, 1004.9, 300,23.2,29.4, 0.0,  0, 0.0000,     0,26.7,28.4, 5.5, 25,    24,    60, 0.5279, 0.5555
End
Start
M5,29/06/23,15:03:53,     2,  2903,   425, 1005.0, 300,22.2,29.4, 0.0,  0, 0.0000,     0,26.7,28.3, 5.8, 20,     1,     1, 0.0000, 0.0000
M5,29/06/23,15:03:54,     2,  2904,   425, 1005.0, 300,22.2,29.4, 0.0,  0, 0.0000,     0,26.7,28.3, 5.8, 20,     1,     2, 0.0000, 0.0000
M5,29/06/23,15:03:55,     2,  2905,   426, 1005.0, 300,22.2,29.4, 0.0,  0, 0.0000,     0,26.7,28.3, 5.8, 20,     2,     3, 0.0000, 0.0000
M5,29/06/23,15:03:56,     2,  2906,   426, 1005.0, 300,22.3,29.4, 0.0,  0, 0.0000,     0,26.7,28.3, 5.8, 20,     2,     4, 0.0000, 0.0000
M5,29/06/23,15:03:57,     2,  2907,   427, 1005.0, 300,22.3,29.4, 0.0,  0, 0.0000,     0,26.7,28.3, 5.5, 20,     3,     5, 0.0000, 0.0000
M5,29/06/23,15:03:58,     2,  2908,   427, 1004.9, 300,22.4,29.4, 0.0,  0, 0.0000,     0,26.7,28.3, 5.5, 20,     3,     6, 0.0000, 0.0000
M5,29/06/23,15:03:59,     2,  2909,   427, 1004.9, 300,22.4,29.4, 0.0,  0, 0.0000,     0,26.7,28.4, 5.5, 20,     4,     7, 0.0000, 0.0000
M5,29/06/23,15:04:00,     2,  2910,   428, 1004.9, 300,22.4,29.4, 0.0,  0, 0.0000,     0,26.7,28.4, 5.5, 20,     4,     8, 0.0000, 0.0000
M5,29/06/23,15:04:01,     2,  2911,   428, 1004.9, 300,22.4,29.4, 0.0,  0, 0.0000,     0,26.7,28.4, 5.5, 20,     4,     9, 0.0000, 0.0000
M5,29/06/23,15:04:02,     2,  2912,   429, 1004.9, 300,22.4,29.4, 0.0,  0, 0.0000,     0,26.7,28.4, 5.5, 25,     5,    10, 0.0000, 0.0000
M5,29/06/23,15:04:03,     2,  2913,   429, 1004.9, 300,22.5,29.4, 0.0,  0, 0.0000,     0,26.7,28.4, 5.5, 25,     5,    11, 0.0000, 0.0000
M5,29/06/23,15:04:04,     2,  2914,   429, 1004.9, 300,22.5,29.4, 0.0,  0, 0.0000,     0,26.7,28.4, 5.5, 25,     5,    12, 0.0000, 0.0000
M5,29/06/23,15:04:05,     2,  2915,   430, 1004.9, 300,22.5,29.4, 0.0, 21, 0.0000,     0,26.7,28.4, 5.5, 25,     6,    13, 0.4926, 0.1967
M5,29/06/23,15:04:06,     2,  2916,   430, 1004.9, 300,22.5,29.4, 0.0, 21, 0.0000,     0,26.7,28.4, 5.5, 25,     6,    14, 0.5271, 0.3013
M5,29/06/23,15:04:07,     2,  2917,   431, 1004.9, 300,22.6,29.4, 0.0,  0, 0.0000,     0,26.7,28.4, 5.5, 25,     7,    15, 0.5208, 0.4378
M5,29/06/23,15:04:08,     2,  2918,   431, 1004.9, 300,22.6,29.4, 0.0,  0, 0.0000,     0,26.7,28.4, 5.5, 25,     7,    16, 0.4825, 0.5570
M5,29/06/23,15:04:09,     2,  2919,   431, 1004.9, 300,22.6,29.4, 0.0,  0, 0.0000,     0,26.7,28.4, 5.5, 25,     7,    17, 0.4799, 0.5392
M5,29/06/23,15:04:10,     2,  2920,   432, 1004.9, 300,22.6,29.4, 0.0,  0, 0.0000,     0,26.7,28.4, 5.5, 25,     8,    18, 0.4632, 0.5538
M5,29/06/23,15:04:11,     2,  2921,   432, 1004.9, 300,22.6,29.4, 0.0,  0, 0.0000,     0,26.7,28.4, 5.5, 25,     8,    19, 0.4512, 0.5500
M5,29/06/23,15:04:12,     2,  2922,   432, 1004.9, 300,22.7,29.4, 0.0,  0, 0.0000,     0,26.7,28.4, 5.5, 25,     8,    20, 0.4450, 0.5424
M5,29/06/23,15:04:13,     2,  2923,   433, 1004.9, 300,22.7,29.4, 0.0,  0, 0.0000,     0,26.7,28.4, 5.5, 25,     9,    21, 0.4535, 0.4841
M5,29/06/23,15:04:14,     2,  2924,   433, 1004.9, 300,22.7,29.4, 0.0,  0, 0.0000,     0,26.7,28.4, 5.5, 25,     9,    22, 0.4650, 0.4438
M5,29/06/23,15:04:15,     2,  2925,   434, 1004.9, 300,22.7,29.4, 0.0,  0, 0.0000,     0,26.7,28.4, 5.5, 25,    10,    23, 0.4748, 0.4150
M5,29/06/23,15:04:16,     2,  2926,   434, 1004.9, 300,22.8,29.4, 0.0,  0, 0.0000,     0,26.7,28.4, 5.5, 25,    10,    24, 0.4813, 0.4137
M5,29/06/23,15:04:17,     2,  2927,   434, 1004.9, 300,22.8,29.4, 0.0,  0, 0.0000,     0,26.7,28.4, 5.5, 25,    10,    25, 0.4780, 0.4357
M5,29/06/23,15:04:18,     2,  2928,   435, 1004.9, 300,22.8,29.4, 0.0,  0, 0.0000,     0,26.7,28.5, 5.5, 25,    11,    26, 0.4742, 0.4537
M5,29/06/23,15:04:19,     2,  2929,   435, 1004.9, 300,22.8,29.4, 0.0,  0, 0.0000,     0,26.7,28.5, 5.5, 25,    11,    27, 0.4718, 0.4696
M5,29/06/23,15:04:20,     2,  2930,   435, 1004.9, 300,22.8,29.4, 0.0,  0, 0.0000,     0,26.7,28.5, 5.5, 25,    11,    28, 0.4678, 0.4805
M5,29/06/23,15:04:21,     2,  2931,   436, 1004.9, 300,22.8,29.4, 0.0,  0, 0.0000,     0,26.7,28.5, 5.5, 25,    12,    29, 0.4674, 0.4799
M5,29/06/23,15:04:22,     2,  2932,   436, 1004.9, 300,22.8,29.4, 0.0,  0, 0.0000,     0,26.7,28.5, 5.5, 25,    12,    30, 0.4657, 0.4809
M5,29/06/23,15:04:23,     2,  2933,   437, 1004.9, 300,22.9,29.4, 0.0,  0, 0.0000,     0,26.7,28.5, 5.5, 25,    13,    31, 0.4672, 0.4765
M5,29/06/23,15:04:24,     2,  2934,   437, 1004.9, 300,22.9,29.4, 0.0,  0, 0.0000,     0,26.7,28.5, 5.5, 25,    13,    32, 0.4688, 0.4672
M5,29/06/23,15:04:25,     2,  2935,   438, 1004.9, 300,22.9,29.4, 0.0,  0, 0.0000,     0,26.7,28.5, 5.5, 25,    14,    33, 0.4733, 0.4499
M5,29/06/23,15:04:26,     2,  2936,   438, 1004.9, 300,22.9,29.4, 0.0,  0, 0.0000,     0,26.7,28.5, 5.5, 25,    14,    34, 0.4782, 0.4357
M5,29/06/23,15:04:27,     2,  2937,   439, 1004.9, 300,22.9,29.4, 0.0,  0, 0.0000,     0,26.7,28.5, 5.5, 25,    15,    35, 0.4846, 0.4179
M5,29/06/23,15:04:28,     2,  2938,   439, 1004.9, 300,22.9,29.4, 0.0,  0, 0.0000,     0,26.7,28.5, 5.5, 25,    16,    36, 0.4910, 0.4053
M5,29/06/23,15:04:29,     2,  2939,   440, 1004.9, 301,22.9,29.4, 0.0,  0, 0.0000,     0,26.7,28.5, 5.5, 25,    16,    37, 0.4966, 0.3957
M5,29/06/23,15:04:30,     2,  2940,   440, 1004.9, 300,23.0,29.4, 0.0,  0, 0.0000,     0,26.7,28.5, 5.5, 25,    16,    38, 0.5022, 0.3929
M5,29/06/23,15:04:31,     2,  2941,   441, 1004.9, 300,23.0,29.4, 0.0,  0, 0.0000,     0,26.7,28.5, 5.5, 25,    17,    39, 0.5051, 0.3947
M5,29/06/23,15:04:32,     2,  2942,   441, 1004.9, 300,23.0,29.4, 0.0,  0, 0.0000,     0,26.7,28.5, 5.5, 25,    17,    40, 0.5074, 0.4009
M5,29/06/23,15:04:33,     2,  2943,   442, 1004.9, 300,23.0,29.4, 0.0,  0, 0.0000,     0,26.7,28.5, 5.5, 25,    18,    41, 0.5093, 0.4050
M5,29/06/23,15:04:34,     2,  2944,   442, 1004.9, 300,23.0,29.4, 0.0,  0, 0.0000,     0,26.7,28.5, 5.5, 25,    18,    42, 0.5113, 0.4083
M5,29/06/23,15:04:35,     2,  2945,   442, 1004.9, 299,23.0,29.4, 0.0,  0, 0.0000,     0,26.7,28.5, 5.5, 25,    18,    43, 0.5129, 0.4148
M5,29/06/23,15:04:36,     2,  2946,   443, 1004.9, 300,23.0,29.4, 0.0,  0, 0.0000,     0,26.7,28.5, 5.5, 25,    19,    44, 0.5133, 0.4227
M5,29/06/23,15:04:37,     2,  2947,   443, 1004.9, 300,23.1,29.4, 0.0,  0, 0.0000,     0,26.7,28.5, 5.5, 25,    19,    45, 0.5140, 0.4324
M5,29/06/23,15:04:38,     2,  2948,   443, 1004.9, 300,23.1,29.4, 0.0,  0, 0.0000,     0,26.7,28.5, 5.5, 25,    19,    46, 0.5125, 0.4448
M5,29/06/23,15:04:39,     2,  2949,   443, 1005.0, 300,23.1,29.4, 0.0,  0, 0.0000,     0,26.7,28.5, 5.5, 25,    20,    47, 0.5109, 0.4570
M5,29/06/23,15:04:40,     2,  2950,   444, 1005.0, 300,23.1,29.4, 0.0,  0, 0.0000,     0,26.7,28.5, 5.5, 25,    20,    48, 0.5090, 0.4681
M5,29/06/23,15:04:41,     2,  2951,   444, 1005.0, 300,23.1,29.4, 0.0,  0, 0.0000,     0,26.7,28.5, 5.5, 25,    20,    49, 0.5069, 0.4783
M5,29/06/23,15:04:42,     2,  2952,   444, 1005.0, 300,23.2,29.4, 0.0,  0, 0.0000,     0,26.7,28.5, 5.5, 25,    21,    50, 0.5055, 0.4884
M5,29/06/23,15:04:43,     2,  2953,   445, 1005.0, 299,23.2,29.4, 0.0,  0, 0.0000,     0,26.7,28.5, 5.5, 25,    21,    51, 0.5040, 0.4944
M5,29/06/23,15:04:44,     2,  2954,   445, 1005.0, 300,23.2,29.4, 0.0,  0, 0.0000,     0,26.7,28.5, 5.5, 25,    21,    52, 0.5025, 0.5004
M5,29/06/23,15:04:45,     2,  2955,   446, 1005.0, 300,23.2,29.4, 0.0,  0, 0.0000,     0,26.7,28.5, 5.5, 25,    22,    53, 0.5013, 0.5039
M5,29/06/23,15:04:46,     2,  2956,   446, 1005.0, 300,23.2,29.4, 0.0,  0, 0.0000,     0,26.7,28.5, 5.5, 25,    22,    54, 0.5005, 0.5081
M5,29/06/23,15:04:47,     2,  2957,   447, 1005.0, 300,23.2,29.4, 0.0,  0, 0.0000,     0,26.7,28.5, 5.5, 25,    23,    55, 0.4996, 0.5097
M5,29/06/23,15:04:48,     2,  2958,   447, 1005.0, 300,23.2,29.4, 0.0,  0, 0.0000,     0,26.7,28.5, 5.5, 25,    23,    56, 0.4990, 0.5099
M5,29/06/23,15:04:49,     2,  2959,   448, 1005.0, 300,23.2,29.4, 0.0,  0, 0.0000,     0,26.7,28.5, 5.5, 25,    24,    57, 0.4993, 0.5094
M5,29/06/23,15:04:50,     2,  2960,   448, 1005.0, 300,23.2,29.4, 0.0,  0, 0.0000,     0,26.7,28.5, 5.5, 25,    24,    58, 0.4997, 0.5063
M5,29/06/23,15:04:51,     2,  2961,   449, 1005.0, 300,23.3,29.4, 0.0,  0, 0.0000,     0,26.7,28.5, 5.5, 25,    25,    59, 0.4999, 0.5047
M5,29/06/23,15:04:52,     2,  2962,   449, 1005.0, 300,23.3,29.4, 0.0,  0, 0.0000,     0,26.7,28.5, 5.5, 25,    25,    60, 0.4997, 0.5040
R5,29/06/23,15:04:52,     2,  2962,   449, 1005.0, 300,23.3,29.4, 0.0,  0, 0.0000,     0,26.7,28.5, 5.5, 25,    25,    60, 0.4997, 0.5040
End
Zero
Start
M5,29/06/23,15:09:10,     3,  3218,   454, 1005.0, 300,22.2,29.4, 0.0,  0, 0.0000,     0,26.7,28.2, 0.0, 20,     8,     1, 0.0000, 0.0000
M5,29/06/23,15:09:11,     3,  3219,   459, 1005.0, 300,22.3,29.4, 0.0,  0, 0.0000,     0,26.7,28.2, 0.0, 20,    13,     2, 0.0000, 0.0000
M5,29/06/23,15:09:12,     3,  3220,   463, 1005.0, 300,22.3,29.4, 0.0,  0, 0.0000,     0,26.7,28.2, 0.0, 20,    16,     3, 0.0000, 0.0000
M5,29/06/23,15:09:13,     3,  3221,   465, 1005.0, 300,22.4,29.4, 0.0,  0, 0.0000,     0,26.7,28.2, 0.0, 20,    18,     4, 0.0000, 0.0000
M5,29/06/23,15:09:14,     3,  3222,   466, 1005.0, 300,22.4,29.4, 0.0,  0, 0.0000,     0,26.7,28.2, 0.0, 20,    20,     5, 0.0000, 0.0000
M5,29/06/23,15:09:15,     3,  3223,   467, 1004.9, 300,22.5,29.4, 0.0,  0, 0.0000,     0,26.7,28.2, 0.0, 20,    20,     6, 0.0000, 0.0000
M5,29/06/23,15:09:16,     3,  3224,   468, 1004.9, 300,22.5,29.4, 0.0,  0, 0.0000,     0,26.7,28.2, 0.0, 20,    21,     7, 0.0000, 0.0000
M5,29/06/23,15:09:17,     3,  3225,   468, 1004.9, 300,22.5,29.4, 0.0,  0, 0.0000,     0,26.7,28.2, 0.0, 20,    22,     8, 0.0000, 0.0000
M5,29/06/23,15:09:18,     3,  3226,   469, 1004.9, 300,22.6,29.4, 0.0,  0, 0.0000,     0,26.7,28.2, 0.0, 20,    23,     9, 0.0000, 0.0000
M5,29/06/23,15:09:19,     3,  3227,   469, 1004.9, 300,22.6,29.4, 0.0,  0, 0.0000,     0,26.7,28.3, 0.2, 25,    23,    10, 0.0000, 0.0000
M5,29/06/23,15:09:20,     3,  3228,   470, 1004.9, 300,22.6,29.4, 0.0,  0, 0.0000,     0,26.7,28.3, 0.2, 25,    24,    11, 0.0000, 0.0000
M5,29/06/23,15:09:21,     3,  3229,   471, 1004.9, 300,22.6,29.4, 0.0,  0, 0.0000,     0,26.7,28.3, 0.2, 25,    24,    12, 0.0000, 0.0000
M5,29/06/23,15:09:22,     3,  3230,   471, 1004.9, 300,22.7,29.4, 0.0,  0, 0.0000,     0,26.7,28.3, 0.2, 25,    25,    13, 0.7869, 0.9406
M5,29/06/23,15:09:23,     3,  3231,   472, 1004.9, 300,22.7,29.4, 0.0,  0, 0.0000,     0,26.7,28.3, 0.2, 25,    25,    14, 0.7378, 0.9120
M5,29/06/23,15:09:24,     3,  3232,   472, 1004.9, 300,22.8,29.4, 0.0,  0, 0.0000,     0,26.7,28.3, 0.2, 25,    26,    15, 0.7475, 0.8198
M5,29/06/23,15:09:25,     3,  3233,   473, 1004.9, 300,22.8,29.4, 0.0,  0, 0.0000,     0,26.7,28.3, 0.0, 25,    26,    16, 0.7321, 0.8039
M5,29/06/23,15:09:26,     3,  3234,   473, 1004.9, 300,22.8,29.4, 0.0,  0, 0.0000,     0,26.7,28.3, 0.0, 25,    27,    17, 0.6993, 0.8422
M5,29/06/23,15:09:27,     3,  3235,   474, 1004.9, 300,22.9,29.4, 0.0,  0, 0.0000,     0,26.7,28.3, 0.0, 25,    27,    18, 0.6687, 0.8718
M5,29/06/23,15:09:28,     3,  3236,   474, 1004.9, 300,22.9,29.4, 0.0,  0, 0.0000,     0,26.7,28.3, 0.0, 25,    28,    19, 0.6476, 0.8501
M5,29/06/23,15:09:29,     3,  3237,   475, 1004.9, 300,23.0,29.4, 0.0,  0, 0.0000,     0,26.7,28.3, 0.0, 25,    28,    20, 0.6500, 0.7941
M5,29/06/23,15:09:30,     3,  3238,   475, 1004.9, 300,23.0,29.4, 0.0,  0, 0.0000,     0,26.7,28.3, 0.0, 25,    29,    21, 0.6464, 0.7535
M5,29/06/23,15:09:31,     3,  3239,   476, 1004.9, 300,23.1,29.4, 0.0,  0, 0.0000,     0,26.7,28.3, 0.0, 25,    29,    22, 0.6470, 0.7295
M5,29/06/23,15:09:32,     3,  3240,   476, 1004.9, 300,23.1,29.4, 0.0,  0, 0.0000,     0,26.7,28.3, 0.0, 25,    30,    23, 0.6429, 0.7134
M5,29/06/23,15:09:33,     3,  3241,   477, 1004.9, 300,23.1,29.4, 0.0,  0, 0.0000,     0,26.7,28.3, 0.0, 25,    30,    24, 0.6397, 0.6998
M5,29/06/23,15:09:34,     3,  3242,   477, 1004.9, 300,23.2,29.4, 0.0,  0, 0.0000,     0,26.7,28.3, 0.0, 25,    31,    25, 0.6401, 0.6914
M5,29/06/23,15:09:35,     3,  3243,   478, 1004.9, 300,23.2,29.4, 0.0,  0, 0.0000,     0,26.7,28.3, 0.0, 25,    31,    26, 0.6381, 0.6809
M5,29/06/23,15:09:36,     3,  3244,   478, 1004.9, 300,23.2,29.4, 0.0,  0, 0.0000,     0,26.7,28.3, 0.0, 25,    32,    27, 0.6390, 0.6751
M5,29/06/23,15:09:37,     3,  3245,   479, 1004.9, 300,23.2,29.4, 0.0,  0, 0.0000,     0,26.7,28.3, 0.0, 25,    32,    28, 0.6374, 0.6681
M5,29/06/23,15:09:38,     3,  3246,   479, 1004.9, 300,23.3,29.4, 0.0,  0, 0.0000,     0,26.7,28.3, 0.0, 25,    33,    29, 0.6376, 0.6638
M5,29/06/23,15:09:39,     3,  3247,   480, 1004.9, 300,23.3,29.4, 0.0,  0, 0.0000,     0,26.7,28.4, 0.0, 25,    33,    30, 0.6336, 0.6678
M5,29/06/23,15:09:40,     3,  3248,   480, 1004.9, 300,23.3,29.4, 0.0,  0, 0.0000,     0,26.7,28.4, 0.0, 25,    34,    31, 0.6304, 0.6683
M5,29/06/23,15:09:41,     3,  3249,   481, 1004.9, 300,23.4,29.4, 0.0,  0, 0.0000,     0,26.7,28.4, 0.0, 25,    34,    32, 0.6311, 0.6698
M5,29/06/23,15:09:42,     3,  3250,   481, 1004.9, 300,23.4,29.4, 0.0,  0, 0.0000,     0,26.7,28.4, 0.0, 25,    35,    33, 0.6310, 0.6598
M5,29/06/23,15:09:43,     3,  3251,   482, 1004.9, 300,23.4,29.4, 0.0,  0, 0.0000,     0,26.7,28.4, 0.0, 25,    35,    34, 0.6321, 0.6533
M5,29/06/23,15:09:44,     3,  3252,   482, 1004.9, 300,23.4,29.4, 0.0,  0, 0.0000,     0,26.7,28.4, 0.0, 25,    36,    35, 0.6319, 0.6472
M5,29/06/23,15:09:45,     3,  3253,   483, 1004.9, 300,23.5,29.4, 0.0,  0, 0.0000,     0,26.7,28.4, 0.0, 25,    37,    36, 0.6341, 0.6376
M5,29/06/23,15:09:46,     3,  3254,   484, 1004.9, 300,23.5,29.4, 0.0,  0, 0.0000,     0,26.7,28.4, 0.0, 25,    37,    37, 0.6367, 0.6249
M5,29/06/23,15:09:47,     3,  3255,   485, 1004.9, 300,23.6,29.4, 0.0,  0, 0.0000,     0,26.7,28.4, 0.0, 25,    38,    38, 0.6417, 0.6131
M5,29/06/23,15:09:48,     3,  3256,   485, 1004.9, 300,23.6,29.4, 0.0,  0, 0.0000,     0,26.7,28.4, 0.0, 25,    39,    39, 0.6456, 0.5997
M5,29/06/23,15:09:49,     3,  3257,   486, 1004.9, 300,23.6,29.4, 0.0,  0, 0.0000,     0,26.7,28.4, 0.0, 25,    39,    40, 0.6486, 0.5915
M5,29/06/23,15:09:50,     3,  3258,   486, 1004.9, 300,23.6,29.4, 0.0,  0, 0.0000,     0,26.7,28.4, 0.0, 25,    40,    41, 0.6531, 0.5838
M5,29/06/23,15:09:51,     3,  3259,   487, 1004.9, 300,23.6,29.4, 0.0,  0, 0.0000,     0,26.7,28.4, 0.0, 25,    40,    42, 0.6559, 0.5791
M5,29/06/23,15:09:52,     3,  3260,   487, 1004.9, 300,23.7,29.4, 0.0,  0, 0.0000,     0,26.7,28.4, 0.0, 25,    41,    43, 0.6580, 0.5816
M5,29/06/23,15:09:53,     3,  3261,   488, 1004.9, 300,23.7,29.4, 0.0,  0, 0.0000,     0,26.7,28.4, 0.0, 25,    41,    44, 0.6588, 0.5846
M5,29/06/23,15:09:54,     3,  3262,   488, 1004.9, 300,23.7,29.4, 0.0,  0, 0.0000,     0,26.7,28.4, 0.0, 25,    42,    45, 0.6606, 0.5895
M5,29/06/23,15:09:55,     3,  3263,   489, 1004.9, 300,23.7,29.4, 0.0,  0, 0.0000,     0,26.7,28.4, 0.0, 25,    42,    46, 0.6609, 0.5935
M5,29/06/23,15:09:56,     3,  3264,   489, 1004.9, 300,23.7,29.4, 0.0,  0, 0.0000,     0,26.7,28.4, 0.0, 25,    43,    47, 0.6601, 0.6007
M5,29/06/23,15:09:57,     3,  3265,   490, 1004.9, 300,23.8,29.4, 0.0,  0, 0.0000,     0,26.7,28.4, 0.0, 25,    43,    48, 0.6601, 0.6080
M5,29/06/23,15:09:58,     3,  3266,   490, 1004.9, 300,23.8,29.4, 0.0,  0, 0.0000,     0,26.7,28.4, 0.0, 25,    44,    49, 0.6592, 0.6138
M5,29/06/23,15:09:59,     3,  3267,   491, 1004.9, 300,23.8,29.4, 0.0,  0, 0.0000,     0,26.7,28.4, 0.0, 25,    44,    50, 0.6583, 0.6221
M5,29/06/23,15:10:00,     3,  3268,   491, 1004.9, 300,23.8,29.4, 0.0,  0, 0.0000,     0,26.7,28.4, 0.0, 25,    45,    51, 0.6568, 0.6285
M5,29/06/23,15:10:01,     3,  3269,   492, 1004.9, 300,23.9,29.4, 0.0,  0, 0.0000,     0,26.7,28.4, 0.0, 25,    45,    52, 0.6563, 0.6346
M5,29/06/23,15:10:02,     3,  3270,   492, 1004.9, 300,23.9,29.4, 0.0,  0, 0.0000,     0,26.7,28.4, 0.0, 25,    46,    53, 0.6556, 0.6368
M5,29/06/23,15:10:03,     3,  3271,   493, 1004.9, 300,23.9,29.4, 0.0,  0, 0.0000,     0,26.7,28.4, 0.0, 25,    47,    54, 0.6556, 0.6366
M5,29/06/23,15:10:04,     3,  3272,   493, 1004.9, 300,23.9,29.4, 0.0,  0, 0.0000,     0,26.7,28.4, 0.0, 25,    47,    55, 0.6556, 0.6396
M5,29/06/23,15:10:05,     3,  3273,   494, 1004.9, 300,23.9,29.4, 0.0,  0, 0.0000,     0,26.7,28.4, 0.0, 25,    47,    56, 0.6549, 0.6416
M5,29/06/23,15:10:06,     3,  3274,   494, 1004.9, 300,24.0,29.4, 0.0,  0, 0.0000,     0,26.7,28.4, 0.0, 25,    48,    57, 0.6540, 0.6457
M5,29/06/23,15:10:07,     3,  3275,   495, 1004.9, 299,24.0,29.4, 0.0,  0, 0.0000,     0,26.7,28.4, 0.0, 25,    48,    58, 0.6524, 0.6506
M5,29/06/23,15:10:08,     3,  3276,   495, 1004.9, 300,24.0,29.4, 0.0,  0, 0.0000,     0,26.7,28.4, 0.0, 25,    49,    59, 0.6522, 0.6536
M5,29/06/23,15:10:09,     3,  3277,   496, 1004.9, 300,24.0,29.4, 0.0,  0, 0.0000,     0,26.7,28.4, 0.0, 25,    49,    60, 0.6513, 0.6554
R5,29/06/23,15:10:09,     3,  3277,   496, 1004.9, 300,24.0,29.4, 0.0,  0, 0.0000,     0,26.7,28.4, 0.0, 25,    49,    60, 0.6513, 0.6554
End
Start
M5,29/06/23,15:11:00,     3,  3328,   415, 1004.9, 300,22.0,29.4, 0.0,  0, 0.0000,     0,26.7,28.2, 0.0, 20,     1,     1, 0.0000, 0.0000
M5,29/06/23,15:11:01,     3,  3329,   416, 1004.9, 300,22.0,29.4, 0.0,  0, 0.0000,     0,26.7,28.2, 0.0, 20,     2,     2, 0.0000, 0.0000
M5,29/06/23,15:11:02,     3,  3330,   417, 1004.9, 300,22.0,29.4, 0.0,  0, 0.0000,     0,26.7,28.2, 0.0, 20,     3,     3, 0.0000, 0.0000
M5,29/06/23,15:11:03,     3,  3331,   418, 1004.9, 300,22.0,29.4, 0.0,  0, 0.0000,     0,26.7,28.2, 0.0, 20,     4,     4, 0.0000, 0.0000
M5,29/06/23,15:11:04,     3,  3332,   419, 1004.9, 300,22.0,29.4, 0.0,  0, 0.0000,     0,26.7,28.2, 0.0, 20,     4,     5, 0.0000, 0.0000
M5,29/06/23,15:11:05,     3,  3333,   419, 1004.9, 300,22.0,29.4, 0.0,  0, 0.0000,     0,26.7,28.2, 0.0, 20,     5,     6, 0.0000, 0.0000
M5,29/06/23,15:11:06,     3,  3334,   420, 1004.9, 300,22.1,29.4, 0.0,  0, 0.0000,     0,26.7,28.3, 0.0, 20,     5,     7, 0.0000, 0.0000
M5,29/06/23,15:11:07,     3,  3335,   420, 1004.9, 300,22.1,29.4, 0.0,  0, 0.0000,     0,26.7,28.3, 0.0, 20,     6,     8, 0.0000, 0.0000
M5,29/06/23,15:11:08,     3,  3336,   421, 1004.9, 300,22.1,29.4, 0.0,  0, 0.0000,     0,26.7,28.3, 0.0, 20,     7,     9, 0.0000, 0.0000
M5,29/06/23,15:11:09,     3,  3337,   421, 1004.9, 300,22.1,29.4, 0.0,  0, 0.0000,     0,26.7,28.3, 0.0, 25,     7,    10, 0.0000, 0.0000
M5,29/06/23,15:11:10,     3,  3338,   422, 1004.9, 300,22.2,29.4, 0.0,  0, 0.0000,     0,26.7,28.3, 0.0, 25,     7,    11, 0.0000, 0.0000
M5,29/06/23,15:11:11,     3,  3339,   422, 1004.9, 300,22.2,29.4, 0.0,  0, 0.0000,     0,26.7,28.3, 0.0, 25,     8,    12, 0.0000, 0.0000
M5,29/06/23,15:11:12,     3,  3340,   422, 1004.9, 300,22.2,29.4, 0.0, 21, 0.0000,     0,26.7,28.3, 0.0, 25,     8,    13, 0.4487, 0.3221
M5,29/06/23,15:11:13,     3,  3341,   423, 1004.9, 300,22.3,29.4, 0.0, 21, 0.0000,     0,26.7,28.3, 0.0, 25,     9,    14, 0.4980, 0.3343
M5,29/06/23,15:11:14,     3,  3342,   423, 1004.9, 300,22.3,29.4, 0.0, 21, 0.0000,     0,26.7,28.3, 0.0, 25,     9,    15, 0.5210, 0.3597
M5,29/06/23,15:11:15,     3,  3343,   424, 1005.0, 300,22.4,29.4, 0.0,  0, 0.0000,     0,26.7,28.3, 0.0, 25,    10,    16, 0.5423, 0.3989
M5,29/06/23,15:11:16,     3,  3344,   424, 1005.0, 300,22.4,29.4, 0.0,  0, 0.0000,     0,26.7,28.3, 0.0, 25,    10,    17, 0.5357, 0.4650
M5,29/06/23,15:11:17,     3,  3345,   425, 1005.0, 300,22.5,29.4, 0.0,  0, 0.0000,     0,26.7,28.3, 0.0, 25,    10,    18, 0.5424, 0.4874
M5,29/06/23,15:11:18,     3,  3346,   425, 1005.0, 300,22.5,29.4, 0.0,  0, 0.0000,     0,26.7,28.3, 0.0, 25,    11,    19, 0.5560, 0.4604
M5,29/06/23,15:11:19,     3,  3347,   426, 1005.0, 300,22.5,29.4, 0.0, 21, 0.0000,     0,26.7,28.3, 0.0, 25,    12,    20, 0.5919, 0.3814
M5,29/06/23,15:11:20,     3,  3348,   427, 1004.9, 300,22.5,29.4, 0.0, 21, 0.0000,     0,26.7,28.3, 0.0, 25,    13,    21, 0.6244, 0.3563
M5,29/06/23,15:11:21,     3,  3349,   427, 1004.9, 300,22.5,29.4, 0.0, 21, 0.0000,     0,26.7,28.3, 0.0, 25,    13,    22, 0.6407, 0.3743
M5,29/06/23,15:11:22,     3,  3350,   428, 1004.9, 300,22.6,29.4, 0.0, 21, 0.0000,     0,26.7,28.3, 0.0, 25,    14,    23, 0.6651, 0.3793
M5,29/06/23,15:11:23,     3,  3351,   429, 1004.9, 300,22.6,29.4, 0.0, 21, 0.0000,     0,26.7,28.3, 0.0, 25,    15,    24, 0.6861, 0.3765
M5,29/06/23,15:11:24,     3,  3352,   430, 1004.9, 300,22.7,29.4, 0.0, 21, 0.0000,     0,26.7,28.3, 0.0, 25,    15,    25, 0.7004, 0.4054
M5,29/06/23,15:11:25,     3,  3353,   430, 1004.9, 300,22.7,29.4, 0.0, 21, 0.0000,     0,26.7,28.3, 0.0, 25,    16,    26, 0.7066, 0.4436
M5,29/06/23,15:11:26,     3,  3354,   431, 1004.9, 300,22.8,29.4, 0.0, 21, 0.0000,     0,26.7,28.3, 0.0, 25,    17,    27, 0.7191, 0.4654
M5,29/06/23,15:11:27,     3,  3355,   432, 1004.9, 300,22.8,29.4, 0.0, 21, 0.0000,     0,26.7,28.3, 0.0, 25,    17,    28, 0.7299, 0.4740
M5,29/06/23,15:11:28,     3,  3356,   432, 1004.9, 300,22.8,29.4, 0.0, 21, 0.0000,     0,26.7,28.3, 0.0, 25,    18,    29, 0.7359, 0.4968
M5,29/06/23,15:11:29,     3,  3357,   433, 1004.9, 300,22.9,29.4, 0.0,  0, 0.0000,     0,26.7,28.4, 0.0, 25,    18,    30, 0.7380, 0.5367
M5,29/06/23,15:11:30,     3,  3358,   433, 1005.0, 300,22.9,29.4, 0.0,  0, 0.0000,     0,26.7,28.4, 0.0, 25,    19,    31, 0.7362, 0.5727
M5,29/06/23,15:11:31,     3,  3359,   434, 1005.0, 300,23.0,29.4, 0.0,  0, 0.0000,     0,26.7,28.4, 0.0, 25,    19,    32, 0.7374, 0.5998
M5,29/06/23,15:11:32,     3,  3360,   434, 1005.0, 300,23.0,29.4, 0.0,  0, 0.0000,     0,26.7,28.4, 0.0, 25,    20,    33, 0.7332, 0.6318
M5,29/06/23,15:11:33,     3,  3361,   434, 1005.0, 300,23.0,29.4, 0.0,  0, 0.0000,     0,26.7,28.4, 0.0, 25,    20,    34, 0.7280, 0.6665
M5,29/06/23,15:11:34,     3,  3362,   435, 1005.0, 300,23.0,29.4, 0.0,  0, 0.0000,     0,26.7,28.4, 0.0, 25,    20,    35, 0.7202, 0.6990
M5,29/06/23,15:11:35,     3,  3363,   435, 1005.0, 300,23.0,29.4, 0.0,  0, 0.0000,     0,26.7,28.4, 0.0, 25,    21,    36, 0.7130, 0.7237
M5,29/06/23,15:11:36,     3,  3364,   436, 1005.0, 300,23.1,29.4, 0.0,  0, 0.0000,     0,26.7,28.4, 0.0, 25,    21,    37, 0.7080, 0.7438
M5,29/06/23,15:11:37,     3,  3365,   436, 1005.0, 300,23.1,29.4, 0.0,  0, 0.0000,     0,26.7,28.4, 0.0, 25,    22,    38, 0.7033, 0.7528
M5,29/06/23,15:11:38,     3,  3366,   437, 1005.0, 300,23.2,29.4, 0.0,  0, 0.0000,     0,26.7,28.4, 0.0, 25,    23,    39, 0.7004, 0.7613
M5,29/06/23,15:11:39,     3,  3367,   437, 1005.0, 300,23.2,29.4, 0.0,  0, 0.0000,     0,26.7,28.4, 0.0, 25,    23,    40, 0.6949, 0.7707
M5,29/06/23,15:11:40,     3,  3368,   438, 1005.0, 300,23.2,29.4, 0.0,  0, 0.0000,     0,26.7,28.4, 0.0, 25,    23,    41, 0.6895, 0.7820
M5,29/06/23,15:11:41,     3,  3369,   438, 1005.0, 300,23.2,29.4, 0.0,  0, 0.0000,     0,26.7,28.4, 0.0, 25,    24,    42, 0.6849, 0.7852
M5,29/06/23,15:11:42,     3,  3370,   439, 1005.0, 300,23.2,29.4, 0.0,  0, 0.0000,     0,26.7,28.4, 0.0, 25,    25,    43, 0.6816, 0.7834
M5,29/06/23,15:11:43,     3,  3371,   440, 1005.0, 300,23.3,29.4, 0.0,  0, 0.0000,     0,26.7,28.4, 0.0, 25,    25,    44, 0.6813, 0.7756
M5,29/06/23,15:11:44,     3,  3372,   440, 1005.0, 300,23.3,29.4, 0.0,  0, 0.0000,     0,26.7,28.4, 0.0, 25,    26,    45, 0.6799, 0.7686
M5,29/06/23,15:11:45,     3,  3373,   441, 1005.0, 300,23.4,29.4, 0.0,  0, 0.0000,     0,26.7,28.4, 0.0, 25,    26,    46, 0.6795, 0.7641
M5,29/06/23,15:11:47,     3,  3374,   441, 1005.0, 300,23.4,29.4, 0.0,  0, 0.0000,     0,26.7,28.4, 0.0, 25,    27,    47, 0.6786, 0.7567
M5,29/06/23,15:11:48,     3,  3375,   442, 1005.0, 300,23.4,29.4, 0.0,  0, 0.0000,     0,26.7,28.4, 0.0, 25,    28,    48, 0.6788, 0.7486
M5,29/06/23,15:11:49,     3,  3376,   442, 1005.0, 300,23.4,29.4, 0.0,  0, 0.0000,     0,26.7,28.4, 0.0, 25,    28,    49, 0.6775, 0.7445
M5,29/06/23,15:11:50,     3,  3377,   443, 1005.0, 300,23.5,29.4, 0.0,  0, 0.0000,     0,26.7,28.4, 0.0, 25,    28,    50, 0.6772, 0.7423
M5,29/06/23,15:11:51,     3,  3378,   443, 1005.0, 300,23.5,29.4, 0.0,  0, 0.0000,     0,26.7,28.4, 0.0, 25,    29,    51, 0.6751, 0.7421
M5,29/06/23,15:11:52,     3,  3379,   443, 1005.0, 300,23.5,29.4, 0.0,  0, 0.0000,     0,26.7,28.4, 0.0, 25,    29,    52, 0.6724, 0.7440
M5,29/06/23,15:11:53,     3,  3380,   444, 1005.0, 300,23.5,29.4, 0.0,  0, 0.0000,     0,26.7,28.4, 0.0, 25,    29,    53, 0.6693, 0.7500
M5,29/06/23,15:11:54,     3,  3381,   444, 1005.0, 300,23.5,29.4, 0.0,  0, 0.0000,     0,26.7,28.4, 0.0, 25,    30,    54, 0.6665, 0.7517
M5,29/06/23,15:11:55,     3,  3382,   445, 1005.0, 300,23.6,29.4, 0.0,  0, 0.0000,     0,26.7,28.4, 0.0, 25,    31,    55, 0.6651, 0.7512
M5,29/06/23,15:11:56,     3,  3383,   446, 1005.0, 300,23.6,29.4, 0.0,  0, 0.0000,     0,26.7,28.4, 0.0, 25,    31,    56, 0.6636, 0.7479
M5,29/06/23,15:11:57,     3,  3384,   446, 1005.0, 300,23.7,29.4, 0.0,  0, 0.0000,     0,26.7,28.4, 0.0, 25,    32,    57, 0.6625, 0.7476
M5,29/06/23,15:11:58,     3,  3385,   446, 1005.0, 300,23.7,29.4, 0.0,  0, 0.0000,     0,26.7,28.4, 0.0, 25,    32,    58, 0.6602, 0.7481
M5,29/06/23,15:11:59,     3,  3386,   447, 1005.0, 300,23.7,29.4, 0.0,  0, 0.0000,     0,26.7,28.4, 0.0, 25,    33,    59, 0.6579, 0.7481
M5,29/06/23,15:12:00,     3,  3387,   447, 1005.0, 300,23.7,29.4, 0.0,  0, 0.0000,     0,26.7,28.4, 0.0, 25,    33,    60, 0.6560, 0.7500
R5,29/06/23,15:12:00,     3,  3387,   447, 1005.0, 300,23.7,29.4, 0.0,  0, 0.0000,     0,26.7,28.4, 0.0, 25,    33,    60, 0.6560, 0.7500
End
Start
M5,29/06/23,15:12:45,     3,  3432,   418, 1004.9, 300,22.3,29.4, 0.0,  0, 0.0000,     0,26.7,28.3, 0.0, 20,     1,     1, 0.0000, 0.0000
M5,29/06/23,15:12:46,     3,  3433,   419, 1004.9, 300,22.3,29.4, 0.0,  0, 0.0000,     0,26.7,28.3, 0.0, 20,     2,     2, 0.0000, 0.0000
M5,29/06/23,15:12:47,     3,  3434,   420, 1004.9, 300,22.3,29.4, 0.0,  0, 0.0000,     0,26.7,28.3, 0.0, 20,     2,     3, 0.0000, 0.0000
M5,29/06/23,15:12:48,     3,  3435,   420, 1004.9, 300,22.3,29.4, 0.0,  0, 0.0000,     0,26.7,28.3, 0.1, 20,     3,     4, 0.0000, 0.0000
M5,29/06/23,15:12:49,     3,  3436,   421, 1004.9, 300,22.3,29.4, 0.0,  0, 0.0000,     0,26.7,28.3, 0.1, 20,     3,     5, 0.0000, 0.0000
M5,29/06/23,15:12:50,     3,  3437,   421, 1004.9, 300,22.4,29.4, 0.0,  0, 0.0000,     0,26.7,28.3, 0.1, 20,     4,     6, 0.0000, 0.0000
M5,29/06/23,15:12:51,     3,  3438,   422, 1004.9, 300,22.4,29.4, 0.0,  0, 0.0000,     0,26.7,28.3, 0.1, 20,     4,     7, 0.0000, 0.0000
M5,29/06/23,15:12:52,     3,  3439,   422, 1004.9, 300,22.4,29.4, 0.0,  0, 0.0000,     0,26.7,28.3, 0.1, 20,     4,     8, 0.0000, 0.0000
M5,29/06/23,15:12:53,     3,  3440,   423, 1004.9, 300,22.5,29.4, 0.0,  0, 0.0000,     0,26.7,28.3, 0.1, 20,     5,     9, 0.0000, 0.0000
M5,29/06/23,15:12:54,     3,  3441,   423, 1004.9, 300,22.5,29.4, 0.0,  0, 0.0000,     0,26.7,28.3, 0.0, 25,     6,    10, 0.0000, 0.0000
M5,29/06/23,15:12:55,     3,  3442,   424, 1004.9, 300,22.5,29.4, 0.0,  0, 0.0000,     0,26.7,28.3, 0.0, 25,     6,    11, 0.0000, 0.0000
M5,29/06/23,15:12:56,     3,  3443,   424, 1004.9, 300,22.5,29.4, 0.0,  0, 0.0000,     0,26.7,28.3, 0.0, 25,     7,    12, 0.0000, 0.0000
M5,29/06/23,15:12:57,     3,  3444,   425, 1004.9, 300,22.6,29.4, 0.0,  0, 0.0000,     0,26.7,28.3, 0.0, 25,     7,    13, 0.5557, 0.7032
M5,29/06/23,15:12:58,     3,  3445,   425, 1004.9, 300,22.6,29.4, 0.0,  0, 0.0000,     0,26.7,28.3, 0.0, 25,     7,    14, 0.5074, 0.6824
M5,29/06/23,15:12:59,     3,  3446,   425, 1004.9, 300,22.7,29.4, 0.0,  0, 0.0000,     0,26.7,28.3, 0.0, 25,     8,    15, 0.5142, 0.5877
M5,29/06/23,15:13:00,     3,  3447,   426, 1004.9, 300,22.7,29.4, 0.0,  0, 0.0000,     0,26.7,28.3, 0.0, 25,     8,    16, 0.5006, 0.5717
M5,29/06/23,15:13:01,     3,  3448,   426, 1004.9, 300,22.7,29.4, 0.0,  0, 0.0000,     0,26.7,28.3, 0.0, 25,     9,    17, 0.5028, 0.5266
M5,29/06/23,15:13:02,     3,  3449,   427, 1004.9, 300,22.8,29.4, 0.0,  0, 0.0000,     0,26.7,28.3, 0.0, 25,     9,    18, 0.5158, 0.4968
M5,29/06/23,15:13:03,     3,  3450,   427, 1004.9, 300,22.8,29.4, 0.0,  0, 0.0000,     0,26.7,28.3, 0.0, 25,    10,    19, 0.5127, 0.5033
M5,29/06/23,15:13:04,     3,  3451,   428, 1004.9, 300,22.9,29.4, 0.0,  0, 0.0000,     0,26.4,28.3, 0.0, 25,    10,    20, 0.5183, 0.4989
M5,29/06/23,15:13:05,     3,  3452,   428, 1004.9, 300,22.9,29.4, 0.0,  0, 0.0000,     0,26.4,28.3, 0.0, 25,    10,    21, 0.5219, 0.4866
M5,29/06/23,15:13:06,     3,  3453,   429, 1004.9, 300,22.9,29.4, 0.0,  0, 0.0000,     0,26.4,28.3, 0.0, 25,    11,    22, 0.5298, 0.4795
M5,29/06/23,15:13:07,     3,  3454,   429, 1004.9, 300,22.9,29.4, 0.0,  0, 0.0000,     0,26.4,28.3, 0.0, 25,    11,    23, 0.5344, 0.4718
M5,29/06/23,15:13:08,     3,  3455,   430, 1004.9, 300,22.9,29.4, 0.0,  0, 0.0000,     0,26.4,28.3, 0.0, 25,    12,    24, 0.5439, 0.4517
M5,29/06/23,15:13:09,     3,  3456,   430, 1004.9, 300,23.0,29.4, 0.0,  0, 0.0000,     0,26.4,28.3, 0.0, 25,    13,    25, 0.5537, 0.4461
M5,29/06/23,15:13:10,     3,  3457,   431, 1004.9, 300,23.0,29.4, 0.0,  0, 0.0000,     0,26.4,28.3, 0.0, 25,    13,    26, 0.5557, 0.4578
M5,29/06/23,15:13:11,     3,  3458,   431, 1005.0, 300,23.1,29.4, 0.0,  0, 0.0000,     0,26.4,28.3, 0.0, 25,    13,    27, 0.5574, 0.4815
M5,29/06/23,15:13:12,     3,  3459,   432, 1005.0, 300,23.1,29.4, 0.0,  0, 0.0000,     0,26.4,28.4, 0.0, 25,    14,    28, 0.5599, 0.4832
M5,29/06/23,15:13:13,     3,  3460,   432, 1005.0, 300,23.2,29.4, 0.0,  0, 0.0000,     0,26.4,28.4, 0.0, 25,    15,    29, 0.5674, 0.4774
M5,29/06/23,15:13:14,     3,  3461,   433, 1005.0, 300,23.2,29.4, 0.0,  0, 0.0000,     0,26.4,28.4, 0.0, 25,    15,    30, 0.5717, 0.4747
M5,29/06/23,15:13:15,     3,  3462,   433, 1005.0, 300,23.2,29.4, 0.0,  0, 0.0000,     0,26.7,28.4, 0.0, 25,    15,    31, 0.5729, 0.4831
M5,29/06/23,15:13:16,     3,  3463,   433, 1005.0, 300,23.2,29.4, 0.0,  0, 0.0000,     0,26.7,28.4, 0.0, 25,    16,    32, 0.5706, 0.5060
M5,29/06/23,15:13:17,     3,  3464,   433, 1005.0, 300,23.2,29.4, 0.0,  0, 0.0000,     0,26.7,28.4, 0.0, 25,    16,    33, 0.5663, 0.5270
M5,29/06/23,15:13:18,     3,  3465,   434, 1005.0, 300,23.3,29.4, 0.0,  0, 0.0000,     0,26.7,28.4, 0.0, 25,    16,    34, 0.5651, 0.5417
M5,29/06/23,15:13:19,     3,  3466,   434, 1005.0, 300,23.3,29.4, 0.0,  0, 0.0000,     0,26.7,28.4, 0.0, 25,    17,    35, 0.5629, 0.5492
M5,29/06/23,15:13:20,     3,  3467,   435, 1005.0, 300,23.4,29.4, 0.0,  0, 0.0000,     0,26.4,28.4, 0.0, 25,    17,    36, 0.5631, 0.5546
M5,29/06/23,15:13:21,     3,  3468,   436, 1005.0, 300,23.4,29.4, 0.0,  0, 0.0000,     0,26.4,28.4, 0.0, 25,    18,    37, 0.5638, 0.5504
M5,29/06/23,15:13:22,     3,  3469,   436, 1005.0, 300,23.4,29.4, 0.0,  0, 0.0000,     0,26.4,28.4, 0.0, 25,    19,    38, 0.5669, 0.5428
M5,29/06/23,15:13:23,     3,  3470,   437, 1005.0, 300,23.4,29.4, 0.0,  0, 0.0000,     0,26.4,28.4, 0.0, 25,    19,    39, 0.5701, 0.5317
M5,29/06/23,15:13:24,     3,  3471,   437, 1005.0, 300,23.4,29.4, 0.0,  0, 0.0000,     0,26.4,28.4, 0.0, 25,    20,    40, 0.5729, 0.5239
M5,29/06/23,15:13:25,     3,  3472,   438, 1005.0, 300,23.5,29.4, 0.0,  0, 0.0000,     0,26.4,28.4, 0.0, 25,    20,    41, 0.5762, 0.5193
M5,29/06/23,15:13:26,     3,  3473,   438, 1005.0, 300,23.5,29.4, 0.0,  0, 0.0000,     0,26.7,28.4, 0.0, 25,    21,    42, 0.5762, 0.5233
M5,29/06/23,15:13:27,     3,  3474,   438, 1005.0, 300,23.5,29.4, 0.0,  0, 0.0000,     0,26.7,28.4, 0.0, 25,    21,    43, 0.5764, 0.5311
M5,29/06/23,15:13:28,     3,  3475,   439, 1005.0, 300,23.5,29.4, 0.0,  0, 0.0000,     0,26.7,28.4, 0.0, 25,    21,    44, 0.5758, 0.5360
M5,29/06/23,15:13:29,     3,  3476,   440, 1005.0, 300,23.6,29.4, 0.0,  0, 0.0000,     0,26.7,28.4, 0.0, 25,    22,    45, 0.5772, 0.5375
M5,29/06/23,15:13:30,     3,  3477,   440, 1005.0, 300,23.6,29.4, 0.0,  0, 0.0000,     0,26.7,28.4, 0.0, 25,    22,    46, 0.5768, 0.5410
M5,29/06/23,15:13:31,     3,  3478,   440, 1005.0, 300,23.6,29.4, 0.0,  0, 0.0000,     0,26.4,28.4, 0.0, 25,    23,    47, 0.5757, 0.5463
M5,29/06/23,15:13:32,     3,  3479,   441, 1005.0, 300,23.7,29.4, 0.0,  0, 0.0000,     0,26.4,28.4, 0.0, 25,    23,    48, 0.5759, 0.5511
M5,29/06/23,15:13:33,     3,  3480,   441, 1005.0, 300,23.7,29.4, 0.0,  0, 0.0000,     0,26.4,28.4, 0.0, 25,    24,    49, 0.5754, 0.5533
M5,29/06/23,15:13:34,     3,  3481,   442, 1005.0, 300,23.7,29.4, 0.0,  0, 0.0000,     0,26.4,28.4, 0.0, 25,    24,    50, 0.5756, 0.5552
M5,29/06/23,15:13:35,     3,  3482,   442, 1005.0, 300,23.7,29.4, 0.0,  0, 0.0000,     0,26.4,28.4, 0.0, 25,    25,    51, 0.5760, 0.5535
M5,29/06/23,15:13:36,     3,  3483,   443, 1005.0, 300,23.8,29.4, 0.0,  0, 0.0000,     0,26.4,28.4, 0.0, 25,    26,    52, 0.5786, 0.5482
M5,29/06/23,15:13:37,     3,  3484,   444, 1005.0, 300,23.8,29.4, 0.0,  0, 0.0000,     0,26.4,28.4, 0.0, 25,    26,    53, 0.5808, 0.5413
M5,29/06/23,15:13:38,     3,  3485,   445, 1005.0, 300,23.8,29.4, 0.0,  0, 0.0000,     0,26.4,28.4, 0.0, 25,    27,    54, 0.5833, 0.5338
M5,29/06/23,15:13:39,     3,  3486,   445, 1005.0, 300,23.8,29.4, 0.0,  0, 0.0000,     0,26.4,28.4, 0.0, 25,    28,    55, 0.5860, 0.5286
M5,29/06/23,15:13:40,     3,  3487,   445, 1005.0, 300,23.8,29.4, 0.0,  0, 0.0000,     0,26.4,28.4, 0.0, 25,    28,    56, 0.5869, 0.5284
M5,29/06/23,15:13:41,     3,  3488,   446, 1005.0, 300,23.9,29.4, 0.0,  0, 0.0000,     0,26.4,28.4, 0.0, 25,    28,    57, 0.5877, 0.5307
M5,29/06/23,15:13:42,     3,  3489,   446, 1005.0, 300,23.9,29.4, 0.0,  0, 0.0000,     0,26.4,28.4, 0.0, 25,    28,    58, 0.5875, 0.5343
M5,29/06/23,15:13:43,     3,  3490,   446, 1005.0, 300,23.9,29.4, 0.0,  0, 0.0000,     0,26.4,28.4, 0.0, 25,    29,    59, 0.5874, 0.5393
M5,29/06/23,15:13:44,     3,  3491,   447, 1005.0, 300,23.9,29.4, 0.0,  0, 0.0000,     0,26.4,28.4, 0.0, 25,    29,    60, 0.5869, 0.5432
R5,29/06/23,15:13:44,     3,  3491,   447, 1005.0, 300,23.9,29.4, 0.0,  0, 0.0000,     0,26.4,28.4, 0.0, 25,    29,    60, 0.5869, 0.5432
End
