Tag(M3),Date,Time,Plot_No,Rec_No,CO2,Pressure,Flow,H2O,Tsen,O2,Error,Aux_V,PAR,Tsoil,Tair,Msoil
Zero
Start
M5,04/07/23,11:40:18,     7,  8863,   410,  999.5, 300,22.6,26.4, 0.0,  0, 0.0000,     0,23.5,26.0,34.6, 20,     1,     1, 0.0000, 0.0000
M5,04/07/23,11:40:19,     7,  8864,   411,  999.5, 300,22.5,26.4, 0.0,  0, 0.0000,     0,23.5,26.1,34.6, 20,     1,     2, 0.0000, 0.0000
M5,04/07/23,11:40:20,     7,  8865,   412,  999.5, 300,22.5,26.4, 0.0,  0, 0.0000,     0,23.5,26.1,34.6, 20,     2,     3, 0.0000, 0.0000
M5,04/07/23,11:40:21,     7,  8866,   413,  999.5, 300,22.5,26.4, 0.0,  0, 0.0000,     0,23.5,26.1,34.6, 20,     3,     4, 0.0000, 0.0000
M5,04/07/23,11:40:22,     7,  8867,   413,  999.5, 300,22.5,26.4, 0.0,  0, 0.0000,     0,23.5,26.2,34.6, 20,     4,     5, 0.0000, 0.0000
M5,04/07/23,11:40:23,     7,  8868,   414,  999.5, 300,22.5,26.4, 0.0,  0, 0.0000,     0,23.5,26.2,34.6, 20,     4,     6, 0.0000, 0.0000
M5,04/07/23,11:40:24,     7,  8869,   415,  999.5, 300,22.6,26.4, 0.0,  0, 0.0000,     0,23.5,26.2,34.6, 20,     5,     7, 0.0000, 0.0000
M5,04/07/23,11:40:25,     7,  8870,   415,  999.5, 300,22.6,26.4, 0.0,  0, 0.0000,     0,23.5,26.3,34.6, 20,     5,     8, 0.0000, 0.0000
M5,04/07/23,11:40:26,     7,  8871,   415,  999.5, 300,22.7,26.4, 0.0,  0, 0.0000,     0,23.5,26.3,34.6, 20,     6,     9, 0.0000, 0.0000
M5,04/07/23,11:40:27,     7,  8872,   416,  999.5, 300,22.7,26.4, 0.0,  0, 0.0000,     0,23.5,26.3,34.6, 25,     6,    10, 0.0000, 0.0000
M5,04/07/23,11:40:28,     7,  8873,   416,  999.5, 300,22.9,26.4, 0.0,  0, 0.0000,     0,23.5,26.3,34.6, 25,     7,    11, 0.0000, 0.0000
M5,04/07/23,11:40:29,     7,  8874,   417,  999.5, 300,22.9,26.4, 0.0,  0, 0.0000,     0,23.5,26.4,34.6, 25,     7,    12, 0.0000, 0.0000
M5,04/07/23,11:40:30,     7,  8875,   417,  999.5, 300,22.9,26.4, 0.0,  0, 0.0000,     0,23.5,26.4,34.6, 25,     8,    13, 0.6718, 0.5229
M5,04/07/23,11:40:31,     7,  8876,   418,  999.5, 300,23.1,26.4, 0.0,  0, 0.0000,     0,23.5,26.4,34.6, 25,     8,    14, 0.6528, 0.7074
M5,04/07/23,11:40:32,     7,  8877,   418,  999.5, 300,23.1,26.4, 0.0,  0, 0.0000,     0,23.5,26.4,34.6, 25,     8,    15, 0.6018, 0.7586
M5,04/07/23,11:40:33,     7,  8878,   418,  999.5, 300,23.2,26.4, 0.0,  0, 0.0000,     0,23.5,26.5,34.6, 25,     9,    16, 0.5762, 0.7717
M5,04/07/23,11:40:34,     7,  8879,   419,  999.5, 300,23.2,26.4, 0.0,  0, 0.0000,     0,23.5,26.5,34.6, 25,     9,    17, 0.5278, 0.7891
M5,04/07/23,11:40:35,     7,  8880,   419,  999.5, 300,23.4,26.4, 0.0,  0, 0.0000,     0,23.5,26.5,34.6, 25,     9,    18, 0.4842, 0.8330
M5,04/07/23,11:40:36,     7,  8881,   419,  999.5, 300,23.4,26.4, 0.0,  0, 0.0000,     0,23.5,26.5,34.6, 25,     9,    19, 0.4506, 0.7868
M5,04/07/23,11:40:37,     7,  8882,   419,  999.5, 300,23.6,26.4, 0.0,  0, 0.0000,     0,23.5,26.5,34.6, 25,     9,    20, 0.4405, 0.7335
M5,04/07/23,11:40:38,     7,  8883,   420,  999.6, 299,23.6,26.4, 0.0,  0, 0.0000,     0,23.5,26.5,34.6, 25,    10,    21, 0.4338, 0.6506
M5,04/07/23,11:40:39,     7,  8884,   420,  999.6, 300,23.6,26.4, 0.0,  0, 0.0000,     0,23.5,26.5,34.6, 25,    10,    22, 0.4354, 0.5728
M5,04/07/23,11:40:40,     7,  8885,   421,  999.6, 300,23.8,26.4, 0.0,  0, 0.0000,     0,23.5,26.6,34.6, 25,    11,    23, 0.4425, 0.5323
M5,04/07/23,11:40:41,     7,  8886,   421,  999.6, 300,23.8,26.4, 0.0,  0, 0.0000,     0,23.3,26.6,34.6, 25,    11,    24, 0.4462, 0.4867
M5,04/07/23,11:40:42,     7,  8887,   421,  999.6, 300,24.0,26.4, 0.0,  0, 0.0000,     0,23.3,26.6,34.6, 25,    12,    25, 0.4535, 0.4672
M5,04/07/23,11:40:43,     7,  8888,   422,  999.5, 300,24.0,26.4, 0.0,  0, 0.0000,     0,23.3,26.6,34.6, 25,    12,    26, 0.4536, 0.4525
M5,04/07/23,11:40:44,     7,  8889,   422,  999.5, 300,24.1,26.4, 0.0,  0, 0.0000,     0,23.3,26.6,34.6, 25,    12,    27, 0.4576, 0.4498
M5,04/07/23,11:40:45,     7,  8890,   423,  999.5, 300,24.1,26.4, 0.0,  0, 0.0000,     0,23.3,26.6,34.6, 25,    13,    28, 0.4592, 0.4361
M5,04/07/23,11:40:46,     7,  8891,   423,  999.5, 300,24.1,26.4, 0.0,  0, 0.0000,     0,23.3,26.6,34.6, 25,    13,    29, 0.4596, 0.4299
M5,04/07/23,11:40:47,     7,  8892,   423,  999.5, 300,24.3,26.4, 0.0,  0, 0.0000,     0,23.3,26.6,34.6, 25,    13,    30, 0.4636, 0.4326
M5,04/07/23,11:40:48,     7,  8893,   424,  999.5, 300,24.3,26.4, 0.0,  0, 0.0000,     0,23.3,26.6,34.6, 25,    14,    31, 0.4625, 0.4333
M5,04/07/23,11:40:49,     7,  8894,   424,  999.5, 300,24.4,26.4, 0.0,  0, 0.0000,     0,23.3,26.7,34.6, 25,    14,    32, 0.4644, 0.4387
M5,04/07/23,11:40:50,     7,  8895,   424,  999.5, 300,24.4,26.4, 0.0,  0, 0.0000,     0,23.3,26.7,34.6, 25,    15,    33, 0.4646, 0.4345
M5,04/07/23,11:40:51,     7,  8896,   425,  999.5, 300,24.6,26.4, 0.0,  0, 0.0000,     0,23.3,26.7,34.6, 25,    15,    34, 0.4671, 0.4363
M5,04/07/23,11:40:52,     7,  8897,   425,  999.5, 300,24.6,26.4, 0.0,  0, 0.0000,     0,23.3,26.7,34.6, 25,    15,    35, 0.4678, 0.4311
M5,04/07/23,11:40:53,     7,  8898,   426,  999.5, 300,24.6,26.4, 0.0,  0, 0.0000,     0,23.3,26.7,34.6, 25,    16,    36, 0.4679, 0.4293
M5,04/07/23,11:40:54,     7,  8899,   426,  999.5, 300,24.7,26.4, 0.0,  0, 0.0000,     0,23.3,26.7,34.6, 25,    16,    37, 0.4731, 0.4221
M5,04/07/23,11:40:55,     7,  8900,   426,  999.5, 300,24.7,26.4, 0.0,  0, 0.0000,     0,23.3,26.7,34.6, 25,    17,    38, 0.4735, 0.4212
M5,04/07/23,11:40:56,     7,  8901,   427,  999.5, 300,24.8,26.4, 0.0,  0, 0.0000,     0,23.3,26.7,34.6, 25,    17,    39, 0.4771, 0.4205
M5,04/07/23,11:40:57,     7,  8902,   427,  999.5, 300,24.8,26.4, 0.0,  0, 0.0000,     0,23.3,26.7,34.6, 25,    17,    40, 0.4776, 0.4201
M5,04/07/23,11:40:58,     7,  8903,   428,  999.5, 300,24.9,26.4, 0.0,  0, 0.0000,     0,23.3,26.7,34.6, 25,    18,    41, 0.4802, 0.4192
M5,04/07/23,11:40:59,     7,  8904,   428,  999.5, 300,24.9,26.4, 0.0,  0, 0.0000,     0,23.3,26.7,34.6, 25,    18,    42, 0.4818, 0.4154
M5,04/07/23,11:41:00,     7,  8905,   429,  999.5, 300,25.1,26.4, 0.0,  0, 0.0000,     0,23.3,26.7,34.6, 25,    19,    43, 0.4849, 0.4168
M5,04/07/23,11:41:01,     7,  8906,   429,  999.5, 300,25.1,26.4, 0.0,  0, 0.0000,     0,23.3,26.7,34.6, 25,    19,    44, 0.4852, 0.4181
M5,04/07/23,11:41:02,     7,  8907,   429,  999.5, 300,25.1,26.4, 0.0,  0, 0.0000,     0,23.3,26.7,34.6, 25,    19,    45, 0.4851, 0.4207
M5,04/07/23,11:41:03,     7,  8908,   430,  999.5, 300,25.2,26.4, 0.0,  0, 0.0000,     0,23.3,26.7,34.6, 25,    20,    46, 0.4870, 0.4227
M5,04/07/23,11:41:04,     7,  8909,   430,  999.6, 300,25.2,26.4, 0.0,  0, 0.0000,     0,23.3,26.7,34.6, 25,    20,    47, 0.4861, 0.4277
M5,04/07/23,11:41:05,     7,  8910,   430,  999.6, 300,25.3,26.4, 0.0,  0, 0.0000,     0,23.3,26.7,34.6, 25,    20,    48, 0.4866, 0.4344
M5,04/07/23,11:41:06,     7,  8911,   430,  999.6, 300,25.3,26.4, 0.0,  0, 0.0000,     0,23.3,26.7,34.6, 25,    21,    49, 0.4854, 0.4396
M5,04/07/23,11:41:07,     7,  8912,   431,  999.6, 300,25.4,26.4, 0.0,  0, 0.0000,     0,23.3,26.7,34.6, 25,    21,    50, 0.4853, 0.4458
M5,04/07/23,11:41:08,     7,  8913,   431,  999.6, 300,25.4,26.4, 0.0,  0, 0.0000,     0,23.3,26.7,34.6, 25,    21,    51, 0.4839, 0.4507
M5,04/07/23,11:41:09,     7,  8914,   432,  999.6, 300,25.4,26.4, 0.0,  0, 0.0000,     0,23.3,26.7,34.6, 25,    22,    52, 0.4831, 0.4530
M5,04/07/23,11:41:10,     7,  8915,   432,  999.5, 300,25.5,26.4, 0.0,  0, 0.0000,     0,23.3,26.8,34.6, 25,    22,    53, 0.4840, 0.4544
M5,04/07/23,11:41:11,     7,  8916,   432,  999.5, 301,25.5,26.4, 0.0,  0, 0.0000,     0,23.3,26.8,34.6, 25,    23,    54, 0.4835, 0.4553
M5,04/07/23,11:41:12,     7,  8917,   433,  999.5, 300,25.5,26.4, 0.0,  0, 0.0000,     0,23.3,26.8,34.6, 25,    23,    55, 0.4849, 0.4536
M5,04/07/23,11:41:13,     7,  8918,   434,  999.5, 300,25.5,26.4, 0.0,  0, 0.0000,     0,23.3,26.8,34.6, 25,    24,    56, 0.4861, 0.4484
M5,04/07/23,11:41:14,     7,  8919,   434,  999.5, 300,25.6,26.5, 0.0,  0, 0.0000,     0,23.3,26.8,34.6, 25,    25,    57, 0.4892, 0.4424
M5,04/07/23,11:41:15,     7,  8920,   435,  999.5, 300,25.6,26.5, 0.0,  0, 0.0000,     0,23.3,26.8,34.6, 25,    25,    58, 0.4905, 0.4382
M5,04/07/23,11:41:16,     7,  8921,   435,  999.6, 300,25.6,26.5, 0.0,  0, 0.0000,     0,23.3,26.8,34.6, 25,    25,    59, 0.4914, 0.4358
M5,04/07/23,11:41:17,     7,  8922,   435,  999.6, 300,25.7,26.4, 0.0,  0, 0.0000,     0,23.3,26.8,34.6, 25,    26,    60, 0.4926, 0.4354
R5,04/07/23,11:41:17,     7,  8922,   435,  999.6, 300,25.7,26.4, 0.0,  0, 0.0000,     0,23.3,26.8,34.6, 25,    26,    60, 0.4926, 0.4354
End
Start
M5,04/07/23,11:42:02,     7,  8967,   426,  999.6, 299,24.9,26.5, 0.0,  0, 0.0000,     0,23.3,25.9,34.6, 20,     1,     1, 0.0000, 0.0000
M5,04/07/23,11:42:04,     7,  8968,   426,  999.6, 300,24.9,26.5, 0.0,  0, 0.0000,     0,23.3,25.9,34.6, 20,     1,     2, 0.0000, 0.0000
M5,04/07/23,11:42:05,     7,  8969,   427,  999.6, 300,24.9,26.5, 0.0,  0, 0.0000,     0,23.3,25.9,34.6, 20,     2,     3, 0.0000, 0.0000
M5,04/07/23,11:42:06,     7,  8970,   427,  999.6, 300,24.8,26.5, 0.0,  0, 0.0000,     0,23.3,26.0,34.6, 20,     2,     4, 0.0000, 0.0000
M5,04/07/23,11:42:07,     7,  8971,   428,  999.6, 300,24.8,26.5, 0.0,  0, 0.0000,     0,23.3,26.0,34.6, 20,     2,     5, 0.0000, 0.0000
M5,04/07/23,11:42:08,     7,  8972,   428,  999.6, 300,24.8,26.5, 0.0,  0, 0.0000,     0,23.3,26.0,34.4, 20,     3,     6, 0.0000, 0.0000
M5,04/07/23,11:42:09,     7,  8973,   428,  999.6, 300,24.8,26.5, 0.0,  0, 0.0000,     0,23.3,26.0,34.4, 20,     3,     7, 0.0000, 0.0000
M5,04/07/23,11:42:10,     7,  8974,   429,  999.6, 300,24.9,26.5, 0.0,  0, 0.0000,     0,23.3,26.1,34.4, 20,     3,     8, 0.0000, 0.0000
M5,04/07/23,11:42:11,     7,  8975,   429,  999.6, 300,24.9,26.5, 0.0,  0, 0.0000,     0,23.3,26.1,34.4, 20,     4,     9, 0.0000, 0.0000
M5,04/07/23,11:42:12,     7,  8976,   429,  999.6, 300,24.9,26.5, 0.0,  0, 0.0000,     0,23.3,26.1,34.4, 25,     4,    10, 0.0000, 0.0000
M5,04/07/23,11:42:13,     7,  8977,   430,  999.6, 300,24.9,26.5, 0.0,  0, 0.0000,     0,23.3,26.1,34.4, 25,     5,    11, 0.0000, 0.0000
M5,04/07/23,11:42:14,     7,  8978,   430,  999.6, 300,24.9,26.5, 0.0,  0, 0.0000,     0,23.3,26.1,34.4, 25,     5,    12, 0.0000, 0.0000
M5,04/07/23,11:42:15,     7,  8979,   430,  999.6, 300,25.0,26.5, 0.0,  0, 0.0000,     0,23.3,26.2,34.4, 25,     5,    13, 0.4786, 0.6273
M5,04/07/23,11:42:16,     7,  8980,   431,  999.6, 300,25.0,26.5, 0.0,  0, 0.0000,     0,23.3,26.2,34.4, 25,     6,    14, 0.4230, 0.6219
M5,04/07/23,11:42:17,     7,  8981,   431,  999.6, 300,25.1,26.5, 0.0,  0, 0.0000,     0,23.3,26.2,34.4, 25,     6,    15, 0.4146, 0.5503
M5,04/07/23,11:42:18,     7,  8982,   431,  999.6, 300,25.1,26.5, 0.0,  0, 0.0000,     0,23.3,26.2,34.4, 25,     6,    16, 0.4278, 0.4436
M5,04/07/23,11:42:19,     7,  8983,   432,  999.6, 300,25.1,26.5, 0.0,  0, 0.0000,     0,23.3,26.2,34.4, 25,     7,    17, 0.4476, 0.3778
M5,04/07/23,11:42:20,     7,  8984,   432,  999.6, 300,25.2,26.5, 0.0,  0, 0.0000,     0,23.3,26.2,34.4, 25,     7,    18, 0.4454, 0.4200
M5,04/07/23,11:42:21,     7,  8985,   432,  999.6, 300,25.2,26.5, 0.0,  0, 0.0000,     0,23.3,26.3,34.4, 25,     7,    19, 0.4391, 0.4380
M5,04/07/23,11:42:22,     7,  8986,   433,  999.6, 300,25.2,26.5, 0.0,  0, 0.0000,     0,23.3,26.3,34.4, 25,     8,    20, 0.4384, 0.4507
M5,04/07/23,11:42:23,     7,  8987,   433,  999.6, 300,25.2,26.5, 0.0,  0, 0.0000,     0,23.3,26.3,34.4, 25,     8,    21, 0.4338, 0.4534
M5,04/07/23,11:42:24,     7,  8988,   434,  999.5, 300,25.3,26.5, 0.0,  0, 0.0000,     0,23.3,26.3,34.4, 25,     9,    22, 0.4402, 0.4358
M5,04/07/23,11:42:25,     7,  8989,   434,  999.5, 300,25.3,26.5, 0.0,  0, 0.0000,     0,23.3,26.3,34.4, 25,     9,    23, 0.4466, 0.4110
M5,04/07/23,11:42:26,     7,  8990,   435,  999.5, 300,25.3,26.5, 0.0,  0, 0.0000,     0,23.3,26.3,34.4, 25,    10,    24, 0.4547, 0.3890
M5,04/07/23,11:42:27,     7,  8991,   435,  999.5, 300,25.4,26.5, 0.0,  0, 0.0000,     0,23.3,26.3,34.4, 25,    10,    25, 0.4623, 0.3890
M5,04/07/23,11:42:28,     7,  8992,   435,  999.5, 300,25.4,26.5, 0.0,  0, 0.0000,     0,23.3,26.3,34.4, 25,    10,    26, 0.4678, 0.3819
M5,04/07/23,11:42:29,     7,  8993,   436,  999.5, 300,25.5,26.5, 0.0,  0, 0.0000,     0,23.3,26.3,34.4, 25,    11,    27, 0.4736, 0.3890
M5,04/07/23,11:42:30,     7,  8994,   436,  999.5, 300,25.5,26.5, 0.0,  0, 0.0000,     0,23.3,26.3,34.4, 25,    11,    28, 0.4775, 0.3879
M5,04/07/23,11:42:31,     7,  8995,   437,  999.5, 300,25.6,26.5, 0.0,  0, 0.0000,     0,23.3,26.4,34.4, 25,    12,    29, 0.4843, 0.3863
M5,04/07/23,11:42:32,     7,  8996,   437,  999.5, 300,25.6,26.5, 0.0,  0, 0.0000,     0,23.3,26.4,34.4, 25,    12,    30, 0.4868, 0.3911
M5,04/07/23,11:42:33,     7,  8997,   438,  999.5, 299,25.6,26.5, 0.0,  0, 0.0000,     0,23.3,26.4,34.4, 25,    13,    31, 0.4941, 0.3863
M5,04/07/23,11:42:34,     7,  8998,   438,  999.5, 299,25.6,26.5, 0.0,  0, 0.0000,     0,23.3,26.4,34.4, 25,    13,    32, 0.5016, 0.3742
M5,04/07/23,11:42:35,     7,  8999,   439,  999.5, 300,25.6,26.5, 0.0, 21, 0.0000,     0,23.3,26.4,34.4, 25,    14,    33, 0.5105, 0.3602
M5,04/07/23,11:42:36,     7,  9000,   439,  999.5, 300,25.7,26.5, 0.0, 21, 0.0000,     0,23.3,26.4,34.4, 25,    14,    34, 0.5183, 0.3614
M5,04/07/23,11:42:37,     7,  9001,   440,  999.5, 300,25.7,26.5, 0.0, 21, 0.0000,     0,23.3,26.4,34.4, 25,    15,    35, 0.5236, 0.3625
M5,04/07/23,11:42:38,     7,  9002,   440,  999.5, 300,25.8,26.5, 0.0, 21, 0.0000,     0,23.3,26.4,34.4, 25,    15,    36, 0.5295, 0.3662
M5,04/07/23,11:42:39,     7,  9003,   441,  999.5, 300,25.8,26.5, 0.0, 21, 0.0000,     0,23.3,26.4,34.4, 25,    16,    37, 0.5354, 0.3646
M5,04/07/23,11:42:40,     7,  9004,   442,  999.5, 300,25.9,26.5, 0.0, 21, 0.0000,     0,23.3,26.4,34.4, 25,    16,    38, 0.5422, 0.3676
M5,04/07/23,11:42:41,     7,  9005,   442,  999.5, 300,25.9,26.5, 0.0, 21, 0.0000,     0,23.3,26.4,34.4, 25,    17,    39, 0.5454, 0.3753
M5,04/07/23,11:42:42,     7,  9006,   442,  999.5, 300,25.9,26.5, 0.0, 21, 0.0000,     0,23.3,26.4,34.4, 25,    17,    40, 0.5484, 0.3826
M5,04/07/23,11:42:43,     7,  9007,   443,  999.5, 300,25.9,26.5, 0.0, 21, 0.0000,     0,23.3,26.4,34.4, 25,    18,    41, 0.5515, 0.3950
M5,04/07/23,11:42:44,     7,  9008,   443,  999.5, 300,25.9,26.5, 0.0,  0, 0.0000,     0,23.3,26.4,34.4, 25,    18,    42, 0.5531, 0.4046
M5,04/07/23,11:42:45,     7,  9009,   444,  999.5, 300,26.0,26.5, 0.0,  0, 0.0000,     0,23.3,26.4,34.4, 25,    19,    43, 0.5558, 0.4138
M5,04/07/23,11:42:46,     7,  9010,   444,  999.5, 300,26.0,26.5, 0.0,  0, 0.0000,     0,23.3,26.4,34.4, 25,    19,    44, 0.5574, 0.4211
M5,04/07/23,11:42:47,     7,  9011,   445,  999.5, 300,26.1,26.5, 0.0,  0, 0.0000,     0,23.3,26.4,34.4, 25,    20,    45, 0.5602, 0.4287
M5,04/07/23,11:42:48,     7,  9012,   445,  999.5, 300,26.1,26.5, 0.0,  0, 0.0000,     0,23.3,26.4,34.4, 25,    20,    46, 0.5608, 0.4374
M5,04/07/23,11:42:49,     7,  9013,   446,  999.5, 300,26.1,26.5, 0.0,  0, 0.0000,     0,23.3,26.4,34.4, 25,    20,    47, 0.5616, 0.4447
M5,04/07/23,11:42:50,     7,  9014,   446,  999.5, 300,26.1,26.5, 0.0,  0, 0.0000,     0,23.3,26.4,34.4, 25,    21,    48, 0.5626, 0.4546
M5,04/07/23,11:42:51,     7,  9015,   446,  999.5, 300,26.1,26.5, 0.0,  0, 0.0000,     0,23.3,26.4,34.4, 25,    21,    49, 0.5621, 0.4647
M5,04/07/23,11:42:52,     7,  9016,   446,  999.5, 300,26.2,26.6, 0.0,  0, 0.0000,     0,23.3,26.4,34.4, 25,    21,    50, 0.5613, 0.4789
M5,04/07/23,11:42:53,     7,  9017,   447,  999.5, 300,26.2,26.6, 0.0,  0, 0.0000,     0,23.3,26.4,34.4, 25,    22,    51, 0.5593, 0.4916
M5,04/07/23,11:42:54,     7,  9018,   447,  999.5, 300,26.3,26.6, 0.0,  0, 0.0000,     0,23.3,26.4,34.4, 25,    22,    52, 0.5579, 0.5047
M5,04/07/23,11:42:55,     7,  9019,   448,  999.5, 300,26.3,26.6, 0.0,  0, 0.0000,     0,23.3,26.4,34.4, 25,    23,    53, 0.5562, 0.5139
M5,04/07/23,11:42:56,     7,  9020,   448,  999.5, 300,26.3,26.6, 0.0,  0, 0.0000,     0,23.3,26.4,34.4, 25,    23,    54, 0.5542, 0.5251
M5,04/07/23,11:42:57,     7,  9021,   448,  999.5, 300,26.3,26.6, 0.0,  0, 0.0000,     0,23.3,26.4,34.4, 25,    23,    55, 0.5516, 0.5352
M5,04/07/23,11:42:58,     7,  9022,   448,  999.5, 300,26.3,26.6, 0.0,  0, 0.0000,     0,23.3,26.4,34.4, 25,    23,    56, 0.5479, 0.5486
M5,04/07/23,11:42:59,     7,  9023,   448,  999.5, 300,26.4,26.6, 0.0,  0, 0.0000,     0,23.3,26.4,34.4, 25,    23,    57, 0.5450, 0.5611
M5,04/07/23,11:43:00,     7,  9024,   449,  999.5, 300,26.4,26.6, 0.0,  0, 0.0000,     0,23.3,26.4,34.4, 25,    24,    58, 0.5410, 0.5732
M5,04/07/23,11:43:01,     7,  9025,   449,  999.5, 300,26.4,26.6, 0.0,  0, 0.0000,     0,23.3,26.4,34.4, 25,    24,    59, 0.5373, 0.5838
M5,04/07/23,11:43:02,     7,  9026,   449,  999.5, 300,26.4,26.6, 0.0,  0, 0.0000,     0,23.3,26.4,34.4, 25,    24,    60, 0.5340, 0.5910
R5,04/07/23,11:43:02,     7,  9026,   449,  999.5, 300,26.4,26.6, 0.0,  0, 0.0000,     0,23.3,26.4,34.4, 25,    24,    60, 0.5340, 0.5910
End
Start
M5,04/07/23,11:43:57,     7,  9081,   416,  999.5, 300,25.1,26.6, 0.0,  0, 0.0000,     0,23.0,25.9,34.4, 20,     1,     1, 0.0000, 0.0000
M5,04/07/23,11:43:58,     7,  9082,   417,  999.5, 300,25.1,26.6, 0.0,  0, 0.0000,     0,23.0,25.9,34.4, 20,     2,     2, 0.0000, 0.0000
M5,04/07/23,11:43:59,     7,  9083,   417,  999.5, 300,25.1,26.6, 0.0,  0, 0.0000,     0,23.0,25.9,34.4, 20,     3,     3, 0.0000, 0.0000
M5,04/07/23,11:44:00,     7,  9084,   418,  999.5, 300,25.1,26.6, 0.0,  0, 0.0000,     0,23.0,25.9,34.4, 20,     4,     4, 0.0000, 0.0000
M5,04/07/23,11:44:01,     7,  9085,   419,  999.5, 300,25.1,26.6, 0.0,  0, 0.0000,     0,23.0,26.0,34.4, 20,     4,     5, 0.0000, 0.0000
M5,04/07/23,11:44:02,     7,  9086,   419,  999.5, 300,25.1,26.6, 0.0,  0, 0.0000,     0,23.0,26.0,34.4, 20,     5,     6, 0.0000, 0.0000
M5,04/07/23,11:44:03,     7,  9087,   420,  999.5, 300,25.2,26.6, 0.0,  0, 0.0000,     0,23.0,26.0,34.4, 20,     5,     7, 0.0000, 0.0000
M5,04/07/23,11:44:04,     7,  9088,   420,  999.5, 300,25.2,26.6, 0.0,  0, 0.0000,     0,23.0,26.0,34.4, 20,     6,     8, 0.0000, 0.0000
M5,04/07/23,11:44:05,     7,  9089,   421,  999.5, 300,25.3,26.6, 0.0,  0, 0.0000,     0,23.0,26.0,34.4, 20,     6,     9, 0.0000, 0.0000
M5,04/07/23,11:44:06,     7,  9090,   421,  999.5, 300,25.3,26.6, 0.0,  0, 0.0000,     0,23.0,26.0,34.4, 25,     7,    10, 0.0000, 0.0000
M5,04/07/23,11:44:07,     7,  9091,   422,  999.5, 300,25.3,26.6, 0.0,  0, 0.0000,     0,23.0,26.0,34.4, 25,     7,    11, 0.0000, 0.0000
M5,04/07/23,11:44:08,     7,  9092,   422,  999.5, 300,25.4,26.6, 0.0,  0, 0.0000,     0,23.0,26.1,34.4, 25,     8,    12, 0.0000, 0.0000
M5,04/07/23,11:44:09,     7,  9093,   423,  999.5, 300,25.4,26.6, 0.0,  0, 0.0000,     0,23.0,26.1,34.4, 25,     8,    13, 0.7409, 0.8879
M5,04/07/23,11:44:10,     7,  9094,   423,  999.5, 300,25.5,26.6, 0.0,  0, 0.0000,     0,23.0,26.1,34.4, 25,     9,    14, 0.7137, 0.8746
M5,04/07/23,11:44:11,     7,  9095,   424,  999.5, 300,25.5,26.6, 0.0,  0, 0.0000,     0,23.0,26.1,34.4, 25,    10,    15, 0.7128, 0.7772
M5,04/07/23,11:44:12,     7,  9096,   424,  999.5, 300,25.5,26.6, 0.0,  0, 0.0000,     0,23.0,26.1,34.4, 25,    10,    16, 0.7060, 0.7726
M5,04/07/23,11:44:13,     7,  9097,   425,  999.5, 300,25.5,26.6, 0.0,  0, 0.0000,     0,23.0,26.1,34.4, 25,    11,    17, 0.7076, 0.7306
M5,04/07/23,11:44:14,     7,  9098,   426,  999.5, 300,25.5,26.6, 0.0,  0, 0.0000,     0,23.0,26.1,34.4, 25,    11,    18, 0.7142, 0.6965
M5,04/07/23,11:44:15,     7,  9099,   426,  999.5, 300,25.6,26.6, 0.0,  0, 0.0000,     0,23.0,26.2,34.4, 25,    12,    19, 0.7177, 0.7110
M5,04/07/23,11:44:16,     7,  9100,   427,  999.5, 300,25.6,26.6, 0.0,  0, 0.0000,     0,23.0,26.2,34.4, 25,    12,    20, 0.7039, 0.7445
M5,04/07/23,11:44:17,     7,  9101,   427,  999.5, 300,25.7,26.6, 0.0,  0, 0.0000,     0,23.0,26.2,34.4, 25,    13,    21, 0.6957, 0.7648
M5,04/07/23,11:44:18,     7,  9102,   427,  999.5, 300,25.7,26.6, 0.0,  0, 0.0000,     0,23.0,26.2,34.4, 25,    13,    22, 0.6850, 0.7711
M5,04/07/23,11:44:19,     7,  9103,   428,  999.5, 300,25.8,26.6, 0.0,  0, 0.0000,     0,23.0,26.2,34.4, 25,    14,    23, 0.6738, 0.7921
M5,04/07/23,11:44:20,     7,  9104,   428,  999.5, 300,25.8,26.6, 0.0,  0, 0.0000,     0,23.0,26.2,34.4, 25,    14,    24, 0.6572, 0.8093
M5,04/07/23,11:44:21,     7,  9105,   429,  999.5, 300,25.8,26.6, 0.0,  0, 0.0000,     0,23.0,26.2,34.4, 25,    15,    25, 0.6492, 0.7948
M5,04/07/23,11:44:22,     7,  9106,   429,  999.5, 300,25.9,26.6, 0.0,  0, 0.0000,     0,23.0,26.2,34.4, 25,    15,    26, 0.6499, 0.7704
M5,04/07/23,11:44:23,     7,  9107,   430,  999.5, 300,25.9,26.6, 0.0,  0, 0.0000,     0,23.0,26.2,34.4, 25,    16,    27, 0.6505, 0.7388
M5,04/07/23,11:44:24,     7,  9108,   431,  999.5, 300,26.0,26.6, 0.0,  0, 0.0000,     0,23.0,26.2,34.4, 25,    16,    28, 0.6523, 0.7203
M5,04/07/23,11:44:25,     7,  9109,   431,  999.5, 300,26.0,26.6, 0.0,  0, 0.0000,     0,23.0,26.2,34.4, 25,    17,    29, 0.6513, 0.7067
M5,04/07/23,11:44:26,     7,  9110,   432,  999.5, 300,26.1,26.6, 0.0,  0, 0.0000,     0,23.0,26.2,34.4, 25,    17,    30, 0.6521, 0.7000
M5,04/07/23,11:44:27,     7,  9111,   432,  999.5, 300,26.1,26.6, 0.0,  0, 0.0000,     0,23.0,26.2,34.4, 25,    18,    31, 0.6479, 0.7020
M5,04/07/23,11:44:28,     7,  9112,   432,  999.5, 300,26.1,26.6, 0.0,  0, 0.0000,     0,23.0,26.3,34.4, 25,    18,    32, 0.6431, 0.7105
M5,04/07/23,11:44:29,     7,  9113,   433,  999.5, 300,26.1,26.6, 0.0,  0, 0.0000,     0,23.0,26.3,34.4, 25,    18,    33, 0.6361, 0.7201
M5,04/07/23,11:44:30,     7,  9114,   433,  999.5, 300,26.1,26.6, 0.0,  0, 0.0000,     0,23.0,26.3,34.4, 25,    19,    34, 0.6322, 0.7175
M5,04/07/23,11:44:31,     7,  9115,   434,  999.5, 300,26.2,26.6, 0.0,  0, 0.0000,     0,23.0,26.3,34.4, 25,    19,    35, 0.6305, 0.7147
M5,04/07/23,11:44:32,     7,  9116,   434,  999.5, 300,26.2,26.6, 0.0,  0, 0.0000,     0,23.0,26.3,34.4, 25,    20,    36, 0.6261, 0.7151
M5,04/07/23,11:44:33,     7,  9117,   434,  999.5, 300,26.2,26.6, 0.0,  0, 0.0000,     0,23.0,26.3,34.4, 25,    20,    37, 0.6219, 0.7192
M5,04/07/23,11:44:34,     7,  9118,   435,  999.5, 300,26.2,26.6, 0.0,  0, 0.0000,     0,23.0,26.3,34.4, 25,    20,    38, 0.6148, 0.7285
M5,04/07/23,11:44:35,     7,  9119,   435,  999.5, 300,26.3,26.6, 0.0,  0, 0.0000,     0,23.0,26.3,34.4, 25,    21,    39, 0.6091, 0.7380
M5,04/07/23,11:44:36,     7,  9120,   435,  999.5, 300,26.3,26.6, 0.0,  0, 0.0000,     0,23.0,26.3,34.4, 25,    21,    40, 0.6008, 0.7487
M5,04/07/23,11:44:37,     7,  9121,   436,  999.5, 300,26.3,26.6, 0.0,  0, 0.0000,     0,23.0,26.3,34.4, 25,    21,    41, 0.5940, 0.7528
M5,04/07/23,11:44:38,     7,  9122,   436,  999.5, 300,26.4,26.6, 0.0,  0, 0.0000,     0,23.0,26.3,34.4, 25,    22,    42, 0.5882, 0.7567
M5,04/07/23,11:44:39,     7,  9123,   436,  999.5, 300,26.4,26.6, 0.0,  0, 0.0000,     0,23.0,26.3,34.4, 25,    22,    43, 0.5827, 0.7550
M5,04/07/23,11:44:40,     7,  9124,   437,  999.5, 300,26.4,26.6, 0.0,  0, 0.0000,     0,23.0,26.3,34.4, 25,    23,    44, 0.5800, 0.7476
M5,04/07/23,11:44:41,     7,  9125,   438,  999.5, 300,26.4,26.6, 0.0,  0, 0.0000,     0,23.0,26.3,34.4, 25,    23,    45, 0.5780, 0.7348
M5,04/07/23,11:44:42,     7,  9126,   438,  999.5, 300,26.5,26.7, 0.0,  0, 0.0000,     0,23.0,26.3,34.4, 25,    24,    46, 0.5781, 0.7200
M5,04/07/23,11:44:43,     7,  9127,   439,  999.5, 300,26.5,26.7, 0.0,  0, 0.0000,     0,23.0,26.3,34.4, 25,    24,    47, 0.5768, 0.7085
M5,04/07/23,11:44:44,     7,  9128,   439,  999.5, 300,26.5,26.7, 0.0,  0, 0.0000,     0,23.0,26.3,34.4, 25,    25,    48, 0.5749, 0.7001
M5,04/07/23,11:44:45,     7,  9129,   440,  999.5, 301,26.5,26.7, 0.0,  0, 0.0000,     0,23.0,26.3,34.4, 25,    25,    49, 0.5740, 0.6920
M5,04/07/23,11:44:46,     7,  9130,   440,  999.5, 300,26.5,26.7, 0.0,  0, 0.0000,     0,23.0,26.3,34.4, 25,    26,    50, 0.5729, 0.6832
M5,04/07/23,11:44:47,     7,  9131,   440,  999.5, 300,26.5,26.6, 0.0,  0, 0.0000,     0,23.0,26.4,34.4, 25,    26,    51, 0.5718, 0.6775
M5,04/07/23,11:44:48,     7,  9132,   441,  999.5, 300,26.5,26.6, 0.0,  0, 0.0000,     0,23.0,26.4,34.4, 25,    27,    52, 0.5705, 0.6708
M5,04/07/23,11:44:49,     7,  9133,   441,  999.5, 300,26.6,26.7, 0.0,  0, 0.0000,     0,23.0,26.4,34.4, 25,    27,    53, 0.5703, 0.6646
A5,04/07/23,11:44:49,     7,  9133,   441,  999.5, 300,26.6,26.7, 0.0,  0, 0.0000,     0,23.0,26.4,34.4, 25,    27,    53, 0.5703, 0.6646
End
Start
M5,04/07/23,11:48:22,     8,  9344,   498,  999.5, 300,25.5,27.0, 0.0,  0, 0.0000,     0,23.3,27.7,34.9, 20,    -4,     1, 0.0000, 0.0000
M5,04/07/23,11:48:23,     8,  9345,   496,  999.5, 300,25.5,27.0, 0.0,  0, 0.0000,     0,23.3,27.7,35.1, 20,    -6,     2, 0.0000, 0.0000
M5,04/07/23,11:48:24,     8,  9346,   495,  999.5, 300,25.5,27.0, 0.0,  0, 0.0000,     0,23.3,27.8,35.1, 20,    -7,     3, 0.0000, 0.0000
M5,04/07/23,11:48:25,     8,  9347,   495,  999.5, 300,25.6,27.0, 0.0,  0, 0.0000,     0,23.3,27.8,35.1, 20,    -7,     4, 0.0000, 0.0000
M5,04/07/23,11:48:26,     8,  9348,   496,  999.5, 300,25.6,27.0, 0.0,  0, 0.0000,     0,23.3,27.8,35.1, 20,    -6,     5, 0.0000, 0.0000
M5,04/07/23,11:48:27,     8,  9349,   496,  999.5, 300,25.6,27.0, 0.0,  0, 0.0000,     0,23.3,27.8,35.1, 20,    -6,     6, 0.0000, 0.0000
M5,04/07/23,11:48:28,     8,  9350,   497,  999.5, 300,25.6,27.0, 0.0,  0, 0.0000,     0,23.3,27.9,34.9, 20,    -5,     7, 0.0000, 0.0000
M5,04/07/23,11:48:29,     8,  9351,   497,  999.5, 300,25.6,27.0, 0.0,  0, 0.0000,     0,23.3,27.9,34.9, 20,    -5,     8, 0.0000, 0.0000
M5,04/07/23,11:48:30,     8,  9352,   498,  999.5, 300,25.7,27.0, 0.0,  0, 0.0000,     0,23.3,27.9,34.9, 20,    -4,     9, 0.0000, 0.0000
M5,04/07/23,11:48:31,     8,  9353,   499,  999.5, 300,25.7,27.0, 0.0,  0, 0.0000,     0,23.3,27.9,34.9, 25,    -3,    10, 0.0000, 0.0000
M5,04/07/23,11:48:32,     8,  9354,   499,  999.5, 300,25.8,27.0, 0.0,  0, 0.0000,     0,23.3,27.9,34.9, 25,    -2,    11, 0.0000, 0.0000
M5,04/07/23,11:48:33,     8,  9355,   500,  999.5, 300,25.8,27.0, 0.0,  0, 0.0000,     0,23.3,28.0,34.9, 25,    -2,    12, 0.0000, 0.0000
M5,04/07/23,11:48:34,     8,  9356,   501,  999.5, 300,25.9,27.0, 0.0,  0, 0.0000,     0,23.3,28.0,34.9, 25,    -1,    13, 0.9577, 1.2676
M5,04/07/23,11:48:35,     8,  9357,   501,  999.5, 300,25.9,27.0, 0.0,  0, 0.0000,     0,23.3,28.0,34.9, 25,    -1,    14, 0.8640, 1.2195
M5,04/07/23,11:48:36,     8,  9358,   502,  999.5, 300,25.9,27.0, 0.0,  0, 0.0000,     0,23.3,28.0,34.9, 25,    -0,    15, 0.7747, 1.2007
M5,04/07/23,11:48:37,     8,  9359,   502,  999.5, 299,26.0,27.0, 0.0,  0, 0.0000,     0,23.3,28.1,34.9, 25,     0,    16, 0.7371, 1.1077
M5,04/07/23,11:48:38,     8,  9360,   503,  999.5, 300,26.0,27.0, 0.0,  0, 0.0000,     0,23.3,28.1,34.9, 25,     1,    17, 0.6949, 1.0434
M5,04/07/23,11:48:39,     8,  9361,   503,  999.5, 300,26.1,27.0, 0.0,  0, 0.0000,     0,23.0,28.1,34.9, 25,     1,    18, 0.6801, 0.9718
M5,04/07/23,11:48:40,     8,  9362,   504,  999.5, 301,26.1,27.0, 0.0,  0, 0.0000,     0,23.0,28.1,34.9, 25,     2,    19, 0.6648, 0.9002
M5,04/07/23,11:48:41,     8,  9363,   504,  999.5, 300,26.2,27.0, 0.0,  0, 0.0000,     0,23.0,28.1,34.9, 25,     2,    20, 0.6517, 0.8781
M5,04/07/23,11:48:42,     8,  9364,   504,  999.5, 300,26.2,27.0, 0.0,  0, 0.0000,     0,23.0,28.1,34.9, 25,     2,    21, 0.6232, 0.8837
M5,04/07/23,11:48:43,     8,  9365,   505,  999.5, 300,26.3,27.0, 0.0,  0, 0.0000,     0,23.0,28.1,34.9, 25,     3,    22, 0.6126, 0.8595
M5,04/07/23,11:48:44,     8,  9366,   506,  999.5, 300,26.3,27.0, 0.0,  0, 0.0000,     0,23.3,28.1,34.9, 25,     4,    23, 0.6143, 0.7809
A5,04/07/23,11:48:44,     8,  9366,   506,  999.5, 300,26.3,27.0, 0.0,  0, 0.0000,     0,23.3,28.1,34.9, 25,     4,    23, 0.6143, 0.7809
End
Start
M5,04/07/23,11:50:37,     8,  9478,   416,  999.5, 300,24.9,27.2, 0.0,  0, 0.0000,     0,23.3,27.3,34.9, 20,     3,     1, 0.0000, 0.0000
M5,04/07/23,11:50:38,     8,  9479,   419,  999.5, 300,24.9,27.2, 0.0,  0, 0.0000,     0,23.3,27.4,34.9, 20,     7,     2, 0.0000, 0.0000
M5,04/07/23,11:50:39,     8,  9480,   422,  999.5, 300,24.8,27.2, 0.0,  0, 0.0000,     0,23.3,27.4,34.9, 20,     9,     3, 0.0000, 0.0000
M5,04/07/23,11:50:40,     8,  9481,   424,  999.5, 300,24.8,27.2, 0.0,  0, 0.0000,     0,23.3,27.4,34.9, 20,    11,     4, 0.0000, 0.0000
M5,04/07/23,11:50:41,     8,  9482,   425,  999.5, 300,24.8,27.2, 0.0,  0, 0.0000,     0,23.3,27.4,34.9, 20,    13,     5, 0.0000, 0.0000
M5,04/07/23,11:50:42,     8,  9483,   427,  999.5, 300,24.8,27.2, 0.0,  0, 0.0000,     0,23.3,27.5,34.9, 20,    14,     6, 0.0000, 0.0000
M5,04/07/23,11:50:43,     8,  9484,   428,  999.5, 300,24.8,27.2, 0.0,  0, 0.0000,     0,23.0,27.5,34.9, 20,    15,     7, 0.0000, 0.0000
M5,04/07/23,11:50:44,     8,  9485,   429,  999.5, 300,24.9,27.2, 0.0,  0, 0.0000,     0,23.0,27.5,34.9, 20,    16,     8, 0.0000, 0.0000
M5,04/07/23,11:50:45,     8,  9486,   429,  999.5, 300,24.9,27.2, 0.0,  0, 0.0000,     0,23.0,27.6,34.9, 20,    17,     9, 0.0000, 0.0000
M5,04/07/23,11:50:46,     8,  9487,   430,  999.5, 300,25.0,27.2, 0.0,  0, 0.0000,     0,23.0,27.6,34.9, 25,    18,    10, 0.0000, 0.0000
M5,04/07/23,11:50:47,     8,  9488,   431,  999.5, 300,25.0,27.2, 0.0,  0, 0.0000,     0,23.0,27.6,34.9, 25,    19,    11, 0.0000, 0.0000
M5,04/07/23,11:50:48,     8,  9489,   432,  999.5, 300,25.0,27.2, 0.0,  0, 0.0000,     0,23.0,27.6,34.9, 25,    19,    12, 0.0000, 0.0000
M5,04/07/23,11:50:49,     8,  9490,   432,  999.5, 300,25.0,27.2, 0.0,  0, 0.0000,     0,23.0,27.7,34.9, 25,    20,    13, 0.8048, 1.1003
M5,04/07/23,11:50:50,     8,  9491,   433,  999.5, 300,25.0,27.2, 0.0,  0, 0.0000,     0,23.0,27.7,34.9, 25,    20,    14, 0.7815, 0.9500
M5,04/07/23,11:50:51,     8,  9492,   434,  999.5, 300,25.2,27.2, 0.0,  0, 0.0000,     0,23.0,27.7,34.9, 25,    21,    15, 0.8190, 0.8182
M5,04/07/23,11:50:52,     8,  9493,   435,  999.5, 300,25.2,27.2, 0.0,  0, 0.0000,     0,23.0,27.7,34.9, 25,    22,    16, 0.8450, 0.7451
M5,04/07/23,11:50:53,     8,  9494,   435,  999.5, 300,25.3,27.2, 0.0,  0, 0.0000,     0,23.0,27.7,34.9, 25,    23,    17, 0.8777, 0.7280
M5,04/07/23,11:50:54,     8,  9495,   436,  999.5, 300,25.3,27.2, 0.0,  0, 0.0000,     0,23.0,27.7,34.9, 25,    24,    18, 0.8836, 0.7572
M5,04/07/23,11:50:55,     8,  9496,   437,  999.5, 300,25.3,27.2, 0.0,  0, 0.0000,     0,23.0,27.8,34.9, 25,    24,    19, 0.8928, 0.7659
M5,04/07/23,11:50:56,     8,  9497,   438,  999.5, 300,25.4,27.2, 0.0,  0, 0.0000,     0,23.0,27.8,34.9, 25,    25,    20, 0.8999, 0.8024
M5,04/07/23,11:50:57,     8,  9498,   438,  999.5, 300,25.4,27.2, 0.0,  0, 0.0000,     0,23.0,27.8,34.9, 25,    26,    21, 0.8884, 0.8556
M5,04/07/23,11:50:58,     8,  9499,   439,  999.5, 300,25.5,27.2, 0.0,  0, 0.0000,     0,23.0,27.8,34.9, 25,    26,    22, 0.8847, 0.8924
M5,04/07/23,11:50:59,     8,  9500,   439,  999.5, 300,25.5,27.2, 0.0,  0, 0.0000,     0,23.3,27.8,34.9, 25,    27,    23, 0.8760, 0.9088
M5,04/07/23,11:51:00,     8,  9501,   440,  999.5, 300,25.7,27.2, 0.0,  0, 0.0000,     0,23.3,27.8,34.9, 25,    28,    24, 0.8835, 0.8910
M5,04/07/23,11:51:01,     8,  9502,   441,  999.5, 300,25.7,27.2, 0.0,  0, 0.0000,     0,23.3,27.8,34.9, 25,    29,    25, 0.8875, 0.8689
M5,04/07/23,11:51:02,     8,  9503,   442,  999.5, 300,25.8,27.2, 0.0,  0, 0.0000,     0,23.3,27.8,34.9, 25,    30,    26, 0.8967, 0.8540
M5,04/07/23,11:51:03,     8,  9504,   443,  999.5, 300,25.8,27.2, 0.0,  0, 0.0000,     0,23.3,27.8,34.9, 25,    30,    27, 0.9020, 0.8386
M5,04/07/23,11:51:04,     8,  9505,   444,  999.5, 300,25.8,27.2, 0.0,  0, 0.0000,     0,23.0,27.9,34.9, 25,    31,    28, 0.9073, 0.8269
M5,04/07/23,11:51:05,     8,  9506,   444,  999.5, 300,25.9,27.2, 0.0,  0, 0.0000,     0,23.0,27.9,34.9, 25,    32,    29, 0.9128, 0.8310
M5,04/07/23,11:51:06,     8,  9507,   445,  999.5, 300,25.9,27.2, 0.0,  0, 0.0000,     0,23.0,27.9,34.9, 25,    32,    30, 0.9106, 0.8472
M5,04/07/23,11:51:07,     8,  9508,   446,  999.5, 300,26.0,27.3, 0.0,  0, 0.0000,     0,23.0,27.9,34.9, 25,    33,    31, 0.9112, 0.8660
M5,04/07/23,11:51:08,     8,  9509,   446,  999.5, 300,26.0,27.3, 0.0,  0, 0.0000,     0,23.0,27.9,34.9, 25,    34,    32, 0.9055, 0.8871
M5,04/07/23,11:51:09,     8,  9510,   447,  999.5, 300,26.1,27.3, 0.0,  0, 0.0000,     0,23.0,27.9,34.9, 25,    34,    33, 0.9027, 0.9057
M5,04/07/23,11:51:10,     8,  9511,   448,  999.5, 300,26.1,27.3, 0.0,  0, 0.0000,     0,23.0,27.9,34.9, 25,    35,    34, 0.8995, 0.9113
M5,04/07/23,11:51:11,     8,  9512,   448,  999.5, 300,26.1,27.3, 0.0,  0, 0.0000,     0,23.0,27.9,34.9, 25,    36,    35, 0.8961, 0.9164
M5,04/07/23,11:51:12,     8,  9513,   449,  999.5, 300,26.2,27.3, 0.0,  0, 0.0000,     0,23.0,27.9,34.9, 25,    36,    36, 0.8948, 0.9228
M5,04/07/23,11:51:13,     8,  9514,   450,  999.5, 300,26.2,27.3, 0.0,  0, 0.0000,     0,23.0,27.9,34.9, 25,    37,    37, 0.8914, 0.9264
M5,04/07/23,11:51:14,     8,  9515,   450,  999.5, 300,26.3,27.3, 0.0,  0, 0.0000,     0,23.0,27.9,34.9, 25,    38,    38, 0.8898, 0.9309
M5,04/07/23,11:51:15,     8,  9516,   451,  999.5, 300,26.3,27.3, 0.0,  0, 0.0000,     0,23.0,27.9,34.9, 25,    39,    39, 0.8879, 0.9285
M5,04/07/23,11:51:16,     8,  9517,   452,  999.5, 300,26.4,27.3, 0.0,  0, 0.0000,     0,23.0,27.9,34.9, 25,    40,    40, 0.8892, 0.9247
M5,04/07/23,11:51:17,     8,  9518,   453,  999.5, 300,26.4,27.3, 0.0,  0, 0.0000,     0,23.0,27.9,34.9, 25,    40,    41, 0.8891, 0.9168
M5,04/07/23,11:51:18,     8,  9519,   454,  999.5, 300,26.4,27.3, 0.0,  0, 0.0000,     0,23.0,28.0,34.9, 25,    41,    42, 0.8887, 0.9114
M5,04/07/23,11:51:19,     8,  9520,   454,  999.5, 300,26.5,27.3, 0.0,  0, 0.0000,     0,23.0,28.0,34.9, 25,    41,    43, 0.8869, 0.9186
M5,04/07/23,11:51:20,     8,  9521,   454,  999.5, 300,26.5,27.3, 0.0,  0, 0.0000,     0,23.3,28.0,34.9, 25,    42,    44, 0.8837, 0.9231
M5,04/07/23,11:51:21,     8,  9522,   455,  999.5, 300,26.6,27.3, 0.0,  0, 0.0000,     0,23.3,28.0,34.9, 25,    42,    45, 0.8810, 0.9309
M5,04/07/23,11:51:22,     8,  9523,   455,  999.5, 300,26.6,27.3, 0.0,  0, 0.0000,     0,23.3,28.0,34.9, 25,    43,    46, 0.8765, 0.9387
M5,04/07/23,11:51:23,     8,  9524,   456,  999.5, 300,26.7,27.3, 0.0,  0, 0.0000,     0,23.3,28.0,34.9, 25,    44,    47, 0.8742, 0.9458
M5,04/07/23,11:51:24,     8,  9525,   457,  999.5, 300,26.7,27.3, 0.0,  0, 0.0000,     0,23.3,28.0,34.9, 25,    44,    48, 0.8705, 0.9492
M5,04/07/23,11:51:25,     8,  9526,   457,  999.5, 300,26.8,27.3, 0.0,  0, 0.0000,     0,23.0,28.0,34.9, 25,    45,    49, 0.8676, 0.9516
M5,04/07/23,11:51:26,     8,  9527,   458,  999.5, 300,26.8,27.3, 0.0,  0, 0.0000,     0,23.0,28.0,34.9, 25,    46,    50, 0.8651, 0.9497
M5,04/07/23,11:51:27,     8,  9528,   459,  999.5, 300,26.8,27.3, 0.0,  0, 0.0000,     0,23.0,28.0,34.9, 25,    47,    51, 0.8636, 0.9449
M5,04/07/23,11:51:28,     8,  9529,   460,  999.5, 300,26.8,27.3, 0.0,  0, 0.0000,     0,23.0,28.0,34.9, 25,    47,    52, 0.8631, 0.9415
M5,04/07/23,11:51:29,     8,  9530,   460,  999.5, 300,26.8,27.3, 0.0,  0, 0.0000,     0,23.0,28.0,34.9, 25,    48,    53, 0.8610, 0.9397
M5,04/07/23,11:51:30,     8,  9531,   461,  999.5, 300,26.9,27.3, 0.0,  0, 0.0000,     0,23.0,28.0,34.9, 25,    49,    54, 0.8603, 0.9388
M5,04/07/23,11:51:31,     8,  9532,   462,  999.5, 300,26.9,27.3, 0.0,  0, 0.0000,     0,23.0,28.0,34.9, 25,    49,    55, 0.8590, 0.9345
M5,04/07/23,11:51:32,     8,  9533,   462,  999.5, 300,27.0,27.3, 0.0,  0, 0.0000,     0,23.0,28.0,34.9, 25,    50,    56, 0.8579, 0.9331
M5,04/07/23,11:51:33,     8,  9534,   463,  999.5, 299,27.0,27.3, 0.0,  0, 0.0000,     0,23.0,28.0,34.9, 25,    50,    57, 0.8557, 0.9328
R5,04/07/23,11:51:33,     8,  9534,   463,  999.5, 299,27.0,27.3, 0.0,  0, 0.0000,     0,23.0,28.0,34.9, 25,    50,    57, 0.8557, 0.9328
End
Start
M5,04/07/23,11:53:03,     8,  9624,   420,  999.5, 300,24.9,27.4, 0.0,  0, 0.0000,     0,23.0,26.7,34.9, 20,     4,     1, 0.0000, 0.0000
M5,04/07/23,11:53:04,     8,  9625,   423,  999.5, 300,24.8,27.4, 0.0,  0, 0.0000,     0,23.0,26.8,34.9, 20,     7,     2, 0.0000, 0.0000
M5,04/07/23,11:53:05,     8,  9626,   425,  999.5, 300,24.8,27.4, 0.0,  0, 0.0000,     0,23.0,26.8,34.9, 20,     9,     3, 0.0000, 0.0000
M5,04/07/23,11:53:06,     8,  9627,   427,  999.5, 300,24.8,27.4, 0.0,  0, 0.0000,     0,23.0,26.9,34.9, 20,    11,     4, 0.0000, 0.0000
M5,04/07/23,11:53:07,     8,  9628,   428,  999.5, 300,24.8,27.4, 0.0,  0, 0.0000,     0,23.0,26.9,34.9, 20,    12,     5, 0.0000, 0.0000
M5,04/07/23,11:53:08,     8,  9629,   430,  999.5, 299,24.8,27.4, 0.0,  0, 0.0000,     0,23.0,27.0,34.9, 20,    14,     6, 0.0000, 0.0000
M5,04/07/23,11:53:09,     8,  9630,   432,  999.5, 300,24.9,27.4, 0.0,  0, 0.0000,     0,23.0,27.0,34.9, 20,    16,     7, 0.0000, 0.0000
M5,04/07/23,11:53:10,     8,  9631,   434,  999.5, 300,24.9,27.4, 0.0,  0, 0.0000,     0,23.0,27.0,34.9, 20,    18,     8, 0.0000, 0.0000
M5,04/07/23,11:53:11,     8,  9632,   435,  999.5, 300,25.0,27.4, 0.0,  0, 0.0000,     0,23.0,27.1,34.9, 20,    19,     9, 0.0000, 0.0000
M5,04/07/23,11:53:12,     8,  9633,   436,  999.5, 300,25.0,27.4, 0.0,  0, 0.0000,     0,23.0,27.1,34.9, 25,    20,    10, 0.0000, 0.0000
M5,04/07/23,11:53:13,     8,  9634,   436,  999.5, 300,25.0,27.4, 0.0,  0, 0.0000,     0,23.0,27.2,34.9, 25,    20,    11, 0.0000, 0.0000
M5,04/07/23,11:53:14,     8,  9635,   437,  999.5, 300,25.1,27.4, 0.0,  0, 0.0000,     0,23.0,27.2,34.9, 25,    21,    12, 0.0000, 0.0000
M5,04/07/23,11:53:15,     8,  9636,   438,  999.5, 300,25.1,27.4, 0.0,  0, 0.0000,     0,23.0,27.2,34.9, 25,    22,    13, 0.7342, 0.7336
M5,04/07/23,11:53:16,     8,  9637,   438,  999.5, 300,25.3,27.4, 0.0,  0, 0.0000,     0,23.0,27.3,34.9, 25,    22,    14, 0.7675, 0.7100
M5,04/07/23,11:53:17,     8,  9638,   439,  999.5, 300,25.3,27.4, 0.0,  0, 0.0000,     0,23.0,27.3,34.9, 25,    23,    15, 0.7736, 0.7068
M5,04/07/23,11:53:19,     8,  9639,   439,  999.5, 300,25.4,27.4, 0.0,  0, 0.0000,     0,23.0,27.3,34.9, 25,    23,    16, 0.7684, 0.7714
M5,04/07/23,11:53:20,     8,  9640,   440,  999.5, 300,25.4,27.4, 0.0,  0, 0.0000,     0,23.0,27.3,34.9, 25,    24,    17, 0.7380, 0.8294
M5,04/07/23,11:53:21,     8,  9641,   440,  999.5, 300,25.5,27.4, 0.0,  0, 0.0000,     0,23.0,27.4,34.9, 25,    24,    18, 0.7231, 0.8509
M5,04/07/23,11:53:22,     8,  9642,   441,  999.5, 300,25.5,27.4, 0.0,  0, 0.0000,     0,23.0,27.4,34.9, 25,    25,    19, 0.7045, 0.8443
M5,04/07/23,11:53:23,     8,  9643,   441,  999.5, 300,25.5,27.4, 0.0,  0, 0.0000,     0,23.0,27.4,34.9, 25,    25,    20, 0.6990, 0.8046
M5,04/07/23,11:53:24,     8,  9644,   442,  999.5, 300,25.6,27.4, 0.0,  0, 0.0000,     0,23.0,27.5,34.9, 25,    26,    21, 0.7141, 0.7460
M5,04/07/23,11:53:25,     8,  9645,   443,  999.5, 300,25.6,27.4, 0.0,  0, 0.0000,     0,23.0,27.5,34.9, 25,    27,    22, 0.7219, 0.7037
M5,04/07/23,11:53:26,     8,  9646,   444,  999.5, 300,25.8,27.4, 0.0,  0, 0.0000,     0,23.0,27.5,34.9, 25,    28,    23, 0.7343, 0.6821
M5,04/07/23,11:53:27,     8,  9647,   444,  999.5, 300,25.8,27.4, 0.0,  0, 0.0000,     0,23.0,27.5,34.9, 25,    28,    24, 0.7409, 0.6648
M5,04/07/23,11:53:28,     8,  9648,   445,  999.5, 300,25.9,27.4, 0.0,  0, 0.0000,     0,23.0,27.5,34.9, 25,    29,    25, 0.7502, 0.6587
M5,04/07/23,11:53:29,     8,  9649,   445,  999.5, 300,25.9,27.4, 0.0,  0, 0.0000,     0,23.0,27.5,34.9, 25,    30,    26, 0.7513, 0.6668
M5,04/07/23,11:53:30,     8,  9650,   446,  999.5, 300,25.9,27.4, 0.0,  0, 0.0000,     0,23.0,27.6,34.9, 25,    30,    27, 0.7496, 0.6824
M5,04/07/23,11:53:31,     8,  9651,   447,  999.5, 300,26.0,27.4, 0.0,  0, 0.0000,     0,23.0,27.6,34.9, 25,    31,    28, 0.7531, 0.6938
M5,04/07/23,11:53:32,     8,  9652,   447,  999.5, 301,26.0,27.4, 0.0,  0, 0.0000,     0,23.0,27.6,34.9, 25,    31,    29, 0.7535, 0.6967
M5,04/07/23,11:53:33,     8,  9653,   448,  999.5, 300,26.1,27.4, 0.0,  0, 0.0000,     0,23.0,27.6,34.9, 25,    32,    30, 0.7572, 0.6999
M5,04/07/23,11:53:34,     8,  9654,   449,  999.5, 300,26.1,27.4, 0.0,  0, 0.0000,     0,23.0,27.6,34.9, 25,    33,    31, 0.7608, 0.6912
M5,04/07/23,11:53:35,     8,  9655,   450,  999.5, 300,26.2,27.5, 0.0,  0, 0.0000,     0,23.0,27.7,34.9, 25,    34,    32, 0.7670, 0.6885
M5,04/07/23,11:53:36,     8,  9656,   450,  999.5, 300,26.2,27.5, 0.0,  0, 0.0000,     0,23.0,27.7,34.9, 25,    34,    33, 0.7679, 0.6920
M5,04/07/23,11:53:37,     8,  9657,   451,  999.5, 300,26.2,27.5, 0.0,  0, 0.0000,     0,23.0,27.7,34.9, 25,    35,    34, 0.7671, 0.7008
M5,04/07/23,11:53:38,     8,  9658,   451,  999.5, 300,26.3,27.5, 0.0,  0, 0.0000,     0,23.0,27.7,34.9, 25,    35,    35, 0.7694, 0.7089
M5,04/07/23,11:53:39,     8,  9659,   452,  999.5, 300,26.3,27.5, 0.0,  0, 0.0000,     0,23.0,27.7,34.9, 25,    36,    36, 0.7695, 0.7122
M5,04/07/23,11:53:40,     8,  9660,   452,  999.5, 300,26.4,27.5, 0.0,  0, 0.0000,     0,23.0,27.7,34.9, 25,    36,    37, 0.7682, 0.7292
M5,04/07/23,11:53:41,     8,  9661,   453,  999.5, 300,26.4,27.5, 0.0,  0, 0.0000,     0,23.0,27.7,34.9, 25,    37,    38, 0.7644, 0.7433
M5,04/07/23,11:53:42,     8,  9662,   453,  999.5, 300,26.5,27.5, 0.0,  0, 0.0000,     0,23.0,27.7,34.9, 25,    37,    39, 0.7646, 0.7487
M5,04/07/23,11:53:43,     8,  9663,   454,  999.5, 301,26.5,27.5, 0.0,  0, 0.0000,     0,23.0,27.7,34.9, 25,    38,    40, 0.7636, 0.7499
M5,04/07/23,11:53:44,     8,  9664,   455,  999.5, 301,26.6,27.5, 0.0,  0, 0.0000,     0,23.0,27.7,34.9, 25,    39,    41, 0.7658, 0.7471
M5,04/07/23,11:53:45,     8,  9665,   456,  999.5, 300,26.6,27.5, 0.0,  0, 0.0000,     0,23.0,27.8,34.9, 25,    40,    42, 0.7676, 0.7389
M5,04/07/23,11:53:46,     8,  9666,   456,  999.5, 300,26.6,27.5, 0.0,  0, 0.0000,     0,23.0,27.8,34.9, 25,    40,    43, 0.7693, 0.7325
M5,04/07/23,11:53:47,     8,  9667,   457,  999.5, 300,26.7,27.5, 0.0,  0, 0.0000,     0,23.0,27.8,34.9, 25,    41,    44, 0.7719, 0.7282
M5,04/07/23,11:53:48,     8,  9668,   458,  999.5, 300,26.7,27.5, 0.0,  0, 0.0000,     0,23.0,27.8,34.9, 25,    42,    45, 0.7744, 0.7206
M5,04/07/23,11:53:49,     8,  9669,   459,  999.5, 300,26.7,27.5, 0.0,  0, 0.0000,     0,23.0,27.8,34.9, 25,    43,    46, 0.7777, 0.7158
M5,04/07/23,11:53:50,     8,  9670,   460,  999.5, 300,26.7,27.5, 0.0,  0, 0.0000,     0,23.0,27.8,34.9, 25,    44,    47, 0.7805, 0.7085
M5,04/07/23,11:53:51,     8,  9671,   460,  999.5, 300,26.8,27.5, 0.0,  0, 0.0000,     0,23.0,27.8,34.9, 25,    44,    48, 0.7835, 0.7072
M5,04/07/23,11:53:52,     8,  9672,   461,  999.5, 300,26.8,27.5, 0.0,  0, 0.0000,     0,23.0,27.8,34.9, 25,    45,    49, 0.7851, 0.7056
M5,04/07/23,11:53:53,     8,  9673,   461,  999.5, 300,26.8,27.5, 0.0,  0, 0.0000,     0,23.0,27.8,34.9, 25,    45,    50, 0.7859, 0.7072
M5,04/07/23,11:53:54,     8,  9674,   462,  999.5, 300,26.9,27.5, 0.0,  0, 0.0000,     0,23.0,27.8,34.9, 25,    46,    51, 0.7876, 0.7096
M5,04/07/23,11:53:55,     8,  9675,   463,  999.5, 300,26.9,27.5, 0.0,  0, 0.0000,     0,23.0,27.8,34.9, 25,    47,    52, 0.7891, 0.7086
M5,04/07/23,11:53:56,     8,  9676,   463,  999.5, 300,26.9,27.5, 0.0,  0, 0.0000,     0,23.0,27.8,34.9, 25,    47,    53, 0.7911, 0.7090
M5,04/07/23,11:53:57,     8,  9677,   464,  999.5, 300,26.9,27.5, 0.0,  0, 0.0000,     0,23.0,27.8,34.9, 25,    48,    54, 0.7911, 0.7134
M5,04/07/23,11:53:58,     8,  9678,   464,  999.5, 300,27.0,27.5, 0.0,  0, 0.0000,     0,23.0,27.8,34.9, 25,    48,    55, 0.7914, 0.7201
M5,04/07/23,11:53:59,     8,  9679,   465,  999.5, 300,27.0,27.5, 0.0,  0, 0.0000,     0,23.0,27.8,34.9, 25,    49,    56, 0.7921, 0.7209
M5,04/07/23,11:54:00,     8,  9680,   466,  999.5, 300,27.0,27.5, 0.0,  0, 0.0000,     0,23.0,27.8,34.9, 25,    50,    57, 0.7924, 0.7233
M5,04/07/23,11:54:01,     8,  9681,   467,  999.5, 300,27.0,27.5, 0.0,  0, 0.0000,     0,23.0,27.8,34.9, 25,    51,    58, 0.7933, 0.7261
R5,04/07/23,11:54:01,     8,  9681,   467,  999.5, 300,27.0,27.5, 0.0,  0, 0.0000,     0,23.0,27.8,34.9, 25,    51,    58, 0.7933, 0.7261
End
Zero
Start
M5,04/07/23,11:59:01,     9,  9979,   425,  999.6, 300,23.8,27.6, 0.0,  0, 0.0000,     0,23.0,26.2,42.1, 20,     1,     1, 0.0000, 0.0000
M5,04/07/23,11:59:02,     9,  9980,   426,  999.6, 300,23.8,27.6, 0.0,  0, 0.0000,     0,23.0,26.2,42.1, 20,     1,     2, 0.0000, 0.0000
M5,04/07/23,11:59:03,     9,  9981,   426,  999.6, 300,23.8,27.6, 0.0,  0, 0.0000,     0,23.0,26.2,42.1, 20,     2,     3, 0.0000, 0.0000
M5,04/07/23,11:59:04,     9,  9982,   427,  999.6, 300,23.8,27.6, 0.0,  0, 0.0000,     0,23.0,26.2,42.1, 20,     2,     4, 0.0000, 0.0000
M5,04/07/23,11:59:05,     9,  9983,   427,  999.6, 300,23.8,27.6, 0.0,  0, 0.0000,     0,23.0,26.3,42.1, 20,     3,     5, 0.0000, 0.0000
M5,04/07/23,11:59:06,     9,  9984,   428,  999.6, 300,23.8,27.6, 0.0,  0, 0.0000,     0,23.0,26.3,42.1, 20,     4,     6, 0.0000, 0.0000
M5,04/07/23,11:59:07,     9,  9985,   429,  999.6, 300,23.8,27.6, 0.0,  0, 0.0000,     0,23.0,26.3,42.1, 20,     4,     7, 0.0000, 0.0000
M5,04/07/23,11:59:08,     9,  9986,   429,  999.6, 300,23.8,27.6, 0.0,  0, 0.0000,     0,23.0,26.3,42.1, 20,     5,     8, 0.0000, 0.0000
M5,04/07/23,11:59:09,     9,  9987,   430,  999.6, 300,23.8,27.6, 0.0,  0, 0.0000,     0,23.0,26.3,42.1, 20,     5,     9, 0.0000, 0.0000
M5,04/07/23,11:59:10,     9,  9988,   430,  999.6, 300,23.8,27.6, 0.0,  0, 0.0000,     0,23.0,26.4,42.1, 25,     6,    10, 0.0000, 0.0000
M5,04/07/23,11:59:11,     9,  9989,   430,  999.6, 300,23.7,27.6, 0.0,  0, 0.0000,     0,23.0,26.4,42.1, 25,     6,    11, 0.0000, 0.0000
M5,04/07/23,11:59:12,     9,  9990,   431,  999.6, 300,23.7,27.6, 0.0,  0, 0.0000,     0,23.0,26.4,42.1, 25,     7,    12, 0.0000, 0.0000
M5,04/07/23,11:59:13,     9,  9991,   431,  999.6, 300,23.7,27.6, 0.0,  0, 0.0000,     0,23.0,26.4,42.1, 25,     7,    13, 0.5125, 0.3679
M5,04/07/23,11:59:14,     9,  9992,   432,  999.6, 300,23.7,27.6, 0.0, 21, 0.0000,     0,23.0,26.4,42.1, 25,     8,    14, 0.5725, 0.3518
M5,04/07/23,11:59:15,     9,  9993,   432,  999.6, 300,23.7,27.6, 0.0,  0, 0.0000,     0,23.0,26.4,42.1, 25,     8,    15, 0.5616, 0.4924
M5,04/07/23,11:59:16,     9,  9994,   433,  999.6, 300,23.7,27.6, 0.0,  0, 0.0000,     0,23.0,26.4,42.1, 25,     9,    16, 0.5807, 0.4836
M5,04/07/23,11:59:17,     9,  9995,   434,  999.6, 300,23.7,27.6, 0.0,  0, 0.0000,     0,23.0,26.4,42.1, 25,     9,    17, 0.6045, 0.4670
M5,04/07/23,11:59:18,     9,  9996,   434,  999.6, 300,23.7,27.6, 0.0,  0, 0.0000,     0,23.0,26.4,42.1, 25,    10,    18, 0.6260, 0.4612
M5,04/07/23,11:59:19,     9,  9997,   435,  999.6, 300,23.7,27.6, 0.0,  0, 0.0000,     0,23.0,26.4,42.1, 25,    11,    19, 0.6448, 0.4682
M5,04/07/23,11:59:20,     9,  9998,   435,  999.6, 300,23.7,27.6, 0.0,  0, 0.0000,     0,23.0,26.4,42.1, 25,    11,    20, 0.6507, 0.5037
M5,04/07/23,11:59:21,     9,  9999,   436,  999.6, 300,23.7,27.6, 0.0,  0, 0.0000,     0,23.0,26.4,42.1, 25,    12,    21, 0.6596, 0.5223
M5,04/07/23,11:59:22,     9, 10000,   437,  999.6, 300,23.7,27.6, 0.0,  0, 0.0000,     0,23.0,26.4,42.1, 25,    12,    22, 0.6638, 0.5486
M5,04/07/23,11:59:23,     9, 10001,   437,  999.6, 300,23.7,27.6, 0.0,  0, 0.0000,     0,22.8,26.4,42.1, 25,    13,    23, 0.6696, 0.5616
M5,04/07/23,11:59:24,     9, 10002,   438,  999.6, 300,23.7,27.6, 0.0,  0, 0.0000,     0,22.8,26.4,42.1, 25,    14,    24, 0.6759, 0.5687
M5,04/07/23,11:59:25,     9, 10003,   439,  999.6, 300,23.6,27.6, 0.0,  0, 0.0000,     0,22.8,26.5,42.1, 25,    14,    25, 0.6820, 0.5731
M5,04/07/23,11:59:26,     9, 10004,   439,  999.6, 300,23.6,27.6, 0.0,  0, 0.0000,     0,22.8,26.5,42.1, 25,    15,    26, 0.6806, 0.6017
M5,04/07/23,11:59:27,     9, 10005,   440,  999.6, 300,23.6,27.6, 0.0,  0, 0.0000,     0,22.8,26.5,42.1, 25,    15,    27, 0.6775, 0.6269
M5,04/07/23,11:59:28,     9, 10006,   440,  999.6, 300,23.6,27.6, 0.0,  0, 0.0000,     0,22.8,26.5,42.1, 25,    16,    28, 0.6741, 0.6487
M5,04/07/23,11:59:29,     9, 10007,   441,  999.6, 300,23.6,27.6, 0.0,  0, 0.0000,     0,22.8,26.5,42.1, 25,    16,    29, 0.6703, 0.6668
M5,04/07/23,11:59:30,     9, 10008,   441,  999.6, 300,23.6,27.6, 0.0,  0, 0.0000,     0,22.8,26.5,42.1, 25,    17,    30, 0.6663, 0.6814
M5,04/07/23,11:59:31,     9, 10009,   442,  999.6, 300,23.7,27.6, 0.0,  0, 0.0000,     0,22.8,26.5,42.1, 25,    17,    31, 0.6630, 0.6936
M5,04/07/23,11:59:32,     9, 10010,   442,  999.6, 300,23.7,27.6, 0.0,  0, 0.0000,     0,22.8,26.5,42.1, 25,    18,    32, 0.6591, 0.7025
M5,04/07/23,11:59:33,     9, 10011,   443,  999.6, 300,23.7,27.6, 0.0,  0, 0.0000,     0,22.8,26.5,42.1, 25,    18,    33, 0.6574, 0.7020
M5,04/07/23,11:59:34,     9, 10012,   443,  999.6, 300,23.6,27.6, 0.0,  0, 0.0000,     0,22.8,26.5,42.1, 25,    19,    34, 0.6565, 0.6958
M5,04/07/23,11:59:35,     9, 10013,   444,  999.6, 300,23.6,27.6, 0.0,  0, 0.0000,     0,22.8,26.5,42.1, 25,    20,    35, 0.6591, 0.6818
M5,04/07/23,11:59:36,     9, 10014,   445,  999.6, 300,23.6,27.6, 0.0,  0, 0.0000,     0,22.8,26.5,42.1, 25,    20,    36, 0.6608, 0.6743
M5,04/07/23,11:59:37,     9, 10015,   445,  999.6, 300,23.6,27.6, 0.0,  0, 0.0000,     0,22.8,26.5,42.1, 25,    21,    37, 0.6614, 0.6709
M5,04/07/23,11:59:38,     9, 10016,   446,  999.6, 300,23.6,27.6, 0.0,  0, 0.0000,     0,22.8,26.5,42.1, 25,    22,    38, 0.6622, 0.6650
M5,04/07/23,11:59:39,     9, 10017,   446,  999.6, 300,23.6,27.6, 0.0,  0, 0.0000,     0,22.8,26.4,42.1, 25,    22,    39, 0.6615, 0.6675
M5,04/07/23,11:59:40,     9, 10018,   447,  999.6, 300,23.6,27.6, 0.0,  0, 0.0000,     0,22.8,26.4,42.1, 25,    22,    40, 0.6604, 0.6708
M5,04/07/23,11:59:41,     9, 10019,   447,  999.6, 300,23.6,27.6, 0.0,  0, 0.0000,     0,22.8,26.4,42.1, 25,    23,    41, 0.6572, 0.6826
M5,04/07/23,11:59:42,     9, 10020,   447,  999.6, 300,23.6,27.6, 0.0,  0, 0.0000,     0,22.8,26.5,42.1, 25,    23,    42, 0.6518, 0.6991
M5,04/07/23,11:59:43,     9, 10021,   448,  999.6, 300,23.7,27.6, 0.0,  0, 0.0000,     0,22.8,26.5,42.1, 25,    23,    43, 0.6474, 0.7116
M5,04/07/23,11:59:44,     9, 10022,   448,  999.6, 300,23.7,27.6, 0.0,  0, 0.0000,     0,22.8,26.4,42.1, 25,    24,    44, 0.6450, 0.7137
M5,04/07/23,11:59:45,     9, 10023,   449,  999.6, 300,23.6,27.6, 0.0,  0, 0.0000,     0,22.8,26.5,42.1, 25,    25,    45, 0.6431, 0.7114
M5,04/07/23,11:59:46,     9, 10024,   450,  999.6, 300,23.6,27.6, 0.0,  0, 0.0000,     0,22.8,26.5,42.1, 25,    25,    46, 0.6424, 0.7070
M5,04/07/23,11:59:47,     9, 10025,   450,  999.6, 300,23.6,27.6, 0.0,  0, 0.0000,     0,22.8,26.5,42.1, 25,    26,    47, 0.6424, 0.7008
M5,04/07/23,11:59:48,     9, 10026,   451,  999.6, 300,23.6,27.6, 0.0,  0, 0.0000,     0,22.8,26.5,42.1, 25,    27,    48, 0.6429, 0.6933
M5,04/07/23,11:59:49,     9, 10027,   451,  999.6, 300,23.6,27.6, 0.0,  0, 0.0000,     0,22.8,26.5,42.1, 25,    27,    49, 0.6425, 0.6904
M5,04/07/23,11:59:50,     9, 10028,   452,  999.6, 300,23.7,27.6, 0.0,  0, 0.0000,     0,22.8,26.5,42.1, 25,    28,    50, 0.6422, 0.6884
M5,04/07/23,11:59:51,     9, 10029,   453,  999.6, 300,23.7,27.6, 0.0,  0, 0.0000,     0,22.8,26.5,42.1, 25,    28,    51, 0.6429, 0.6820
M5,04/07/23,11:59:52,     9, 10030,   453,  999.6, 300,23.7,27.6, 0.0,  0, 0.0000,     0,22.8,26.5,42.1, 25,    29,    52, 0.6439, 0.6749
M5,04/07/23,11:59:53,     9, 10031,   454,  999.6, 300,23.7,27.6, 0.0,  0, 0.0000,     0,22.8,26.4,42.1, 25,    30,    53, 0.6446, 0.6698
M5,04/07/23,11:59:54,     9, 10032,   454,  999.6, 300,23.6,27.6, 0.0,  0, 0.0000,     0,22.8,26.4,42.1, 25,    30,    54, 0.6449, 0.6659
M5,04/07/23,11:59:55,     9, 10033,   455,  999.6, 300,23.6,27.6, 0.0,  0, 0.0000,     0,22.8,26.4,42.1, 25,    31,    55, 0.6452, 0.6634
M5,04/07/23,11:59:56,     9, 10034,   455,  999.6, 300,23.6,27.6, 0.0,  0, 0.0000,     0,22.8,26.4,42.1, 25,    31,    56, 0.6453, 0.6618
M5,04/07/23,11:59:57,     9, 10035,   456,  999.6, 300,23.7,27.6, 0.0,  0, 0.0000,     0,22.8,26.4,42.1, 25,    32,    57, 0.6459, 0.6592
M5,04/07/23,11:59:58,     9, 10036,   457,  999.6, 300,23.7,27.6, 0.0,  0, 0.0000,     0,22.8,26.4,42.1, 25,    33,    58, 0.6471, 0.6538
M5,04/07/23,11:59:59,     9, 10037,   457,  999.6, 300,23.6,27.6, 0.0,  0, 0.0000,     0,22.8,26.4,42.1, 25,    33,    59, 0.6472, 0.6514
M5,04/07/23,12:00:00,     9, 10038,   458,  999.6, 300,23.6,27.6, 0.0,  0, 0.0000,     0,22.8,26.4,42.1, 25,    33,    60, 0.6471, 0.6518
R5,04/07/23,12:00:00,     9, 10038,   458,  999.6, 300,23.6,27.6, 0.0,  0, 0.0000,     0,22.8,26.4,42.1, 25,    33,    60, 0.6471, 0.6518
End
Start
M5,04/07/23,12:00:58,     9, 10096,   444,  999.6, 300,23.8,27.5, 0.0,  0, 0.0000,     0,22.6,25.9,42.1, 20,     1,     1, 0.0000, 0.0000
M5,04/07/23,12:00:59,     9, 10097,   445,  999.6, 300,23.8,27.5, 0.0,  0, 0.0000,     0,22.6,25.9,42.1, 20,     2,     2, 0.0000, 0.0000
M5,04/07/23,12:01:00,     9, 10098,   446,  999.6, 300,23.8,27.5, 0.0,  0, 0.0000,     0,22.6,25.9,42.1, 20,     3,     3, 0.0000, 0.0000
M5,04/07/23,12:01:01,     9, 10099,   447,  999.6, 300,23.8,27.5, 0.0,  0, 0.0000,     0,22.6,26.0,42.1, 20,     4,     4, 0.0000, 0.0000
M5,04/07/23,12:01:02,     9, 10100,   447,  999.6, 300,23.8,27.5, 0.0,  0, 0.0000,     0,22.6,26.0,42.1, 20,     4,     5, 0.0000, 0.0000
M5,04/07/23,12:01:03,     9, 10101,   448,  999.6, 300,23.8,27.5, 0.0,  0, 0.0000,     0,22.6,26.0,42.1, 20,     5,     6, 0.0000, 0.0000
M5,04/07/23,12:01:04,     9, 10102,   449,  999.6, 300,23.8,27.5, 0.0,  0, 0.0000,     0,22.6,26.0,42.1, 20,     6,     7, 0.0000, 0.0000
M5,04/07/23,12:01:05,     9, 10103,   450,  999.6, 300,23.8,27.5, 0.0,  0, 0.0000,     0,22.6,26.0,42.1, 20,     6,     8, 0.0000, 0.0000
M5,04/07/23,12:01:06,     9, 10104,   450,  999.6, 300,23.8,27.5, 0.0,  0, 0.0000,     0,22.6,26.0,42.1, 20,     7,     9, 0.0000, 0.0000
M5,04/07/23,12:01:07,     9, 10105,   451,  999.6, 300,23.8,27.5, 0.0,  0, 0.0000,     0,22.6,26.0,42.1, 25,     8,    10, 0.0000, 0.0000
M5,04/07/23,12:01:08,     9, 10106,   451,  999.6, 301,23.8,27.5, 0.0,  0, 0.0000,     0,22.6,26.1,42.1, 25,     8,    11, 0.0000, 0.0000
M5,04/07/23,12:01:09,     9, 10107,   452,  999.6, 300,23.8,27.5, 0.0,  0, 0.0000,     0,22.6,26.1,42.1, 25,     9,    12, 0.0000, 0.0000
M5,04/07/23,12:01:10,     9, 10108,   452,  999.6, 300,23.8,27.5, 0.0,  0, 0.0000,     0,22.4,26.1,42.1, 25,     9,    13, 0.5921, 0.5822
M5,04/07/23,12:01:11,     9, 10109,   453,  999.6, 300,23.8,27.5, 0.0,  0, 0.0000,     0,22.4,26.1,42.1, 25,    10,    14, 0.6316, 0.5153
M5,04/07/23,12:01:12,     9, 10110,   454,  999.6, 300,23.8,27.5, 0.0, 21, 0.0000,     0,22.4,26.1,42.1, 25,    11,    15, 0.6931, 0.4466
M5,04/07/23,12:01:13,     9, 10111,   455,  999.6, 300,23.8,27.5, 0.0, 21, 0.0000,     0,22.4,26.1,42.1, 25,    11,    16, 0.7241, 0.4861
M5,04/07/23,12:01:14,     9, 10112,   455,  999.6, 300,23.8,27.5, 0.0,  0, 0.0000,     0,22.4,26.1,42.1, 25,    12,    17, 0.7427, 0.5393
M5,04/07/23,12:01:15,     9, 10113,   456,  999.6, 300,23.8,27.5, 0.0,  0, 0.0000,     0,22.4,26.1,42.1, 25,    13,    18, 0.7542, 0.5855
M5,04/07/23,12:01:16,     9, 10114,   457,  999.6, 300,23.8,27.5, 0.0,  0, 0.0000,     0,22.4,26.1,42.1, 25,    13,    19, 0.7619, 0.6225
M5,04/07/23,12:01:17,     9, 10115,   457,  999.6, 300,23.8,27.5, 0.0,  0, 0.0000,     0,22.4,26.1,42.1, 25,    14,    20, 0.7673, 0.6516
M5,04/07/23,12:01:18,     9, 10116,   458,  999.6, 300,23.8,27.5, 0.0,  0, 0.0000,     0,22.4,26.2,42.1, 25,    15,    21, 0.7712, 0.6742
M5,04/07/23,12:01:19,     9, 10117,   459,  999.6, 300,23.8,27.5, 0.0,  0, 0.0000,     0,22.4,26.2,42.1, 25,    15,    22, 0.7742, 0.6920
M5,04/07/23,12:01:20,     9, 10118,   459,  999.6, 300,23.8,27.5, 0.0,  0, 0.0000,     0,22.4,26.2,42.1, 25,    16,    23, 0.7714, 0.7241
M5,04/07/23,12:01:21,     9, 10119,   459,  999.6, 300,23.8,27.5, 0.0,  0, 0.0000,     0,22.4,26.2,42.1, 25,    16,    24, 0.7598, 0.7717
M5,04/07/23,12:01:22,     9, 10120,   460,  999.6, 300,23.8,27.5, 0.0,  0, 0.0000,     0,22.4,26.2,42.1, 25,    17,    25, 0.7483, 0.8053
M5,04/07/23,12:01:23,     9, 10121,   461,  999.6, 300,23.8,27.5, 0.0,  0, 0.0000,     0,22.4,26.2,42.1, 25,    18,    26, 0.7413, 0.8157
M5,04/07/23,12:01:24,     9, 10122,   461,  999.6, 300,23.8,27.5, 0.0,  0, 0.0000,     0,22.4,26.2,42.1, 25,    18,    27, 0.7367, 0.8133
M5,04/07/23,12:01:25,     9, 10123,   462,  999.6, 300,23.8,27.5, 0.0,  0, 0.0000,     0,22.4,26.2,42.1, 25,    19,    28, 0.7378, 0.7951
M5,04/07/23,12:01:26,     9, 10124,   463,  999.6, 300,23.8,27.5, 0.0,  0, 0.0000,     0,22.4,26.2,42.1, 25,    20,    29, 0.7390, 0.7791
M5,04/07/23,12:01:27,     9, 10125,   463,  999.6, 300,23.8,27.5, 0.0,  0, 0.0000,     0,22.4,26.2,42.1, 25,    20,    30, 0.7382, 0.7746
M5,04/07/23,12:01:28,     9, 10126,   464,  999.6, 300,23.8,27.5, 0.0,  0, 0.0000,     0,22.4,26.2,42.1, 25,    21,    31, 0.7360, 0.7762
M5,04/07/23,12:01:29,     9, 10127,   464,  999.6, 299,23.8,27.5, 0.0,  0, 0.0000,     0,22.4,26.2,42.1, 25,    21,    32, 0.7327, 0.7808
M5,04/07/23,12:01:30,     9, 10128,   465,  999.6, 300,23.8,27.5, 0.0,  0, 0.0000,     0,22.4,26.2,42.1, 25,    22,    33, 0.7288, 0.7868
M5,04/07/23,12:01:31,     9, 10129,   465,  999.6, 300,23.7,27.4, 0.0,  0, 0.0000,     0,22.4,26.2,42.0, 25,    22,    34, 0.7242, 0.7926
M5,04/07/23,12:01:32,     9, 10130,   466,  999.6, 300,23.7,27.4, 0.0,  0, 0.0000,     0,22.4,26.2,42.0, 25,    23,    35, 0.7215, 0.7925
M5,04/07/23,12:01:33,     9, 10131,   467,  999.6, 300,23.8,27.5, 0.0,  0, 0.0000,     0,22.4,26.2,42.0, 25,    23,    36, 0.7188, 0.7944
M5,04/07/23,12:01:34,     9, 10132,   467,  999.6, 300,23.8,27.5, 0.0,  0, 0.0000,     0,22.4,26.2,42.0, 25,    24,    37, 0.7139, 0.8016
M5,04/07/23,12:01:35,     9, 10133,   467,  999.6, 300,23.8,27.5, 0.0,  0, 0.0000,     0,22.4,26.2,42.0, 25,    24,    38, 0.7091, 0.8072
M5,04/07/23,12:01:36,     9, 10134,   468,  999.6, 300,23.7,27.4, 0.0,  0, 0.0000,     0,22.4,26.2,42.0, 25,    25,    39, 0.7024, 0.8150
M5,04/07/23,12:01:37,     9, 10135,   468,  999.6, 300,23.7,27.4, 0.0,  0, 0.0000,     0,22.4,26.2,42.0, 25,    25,    40, 0.6981, 0.8165
M5,04/07/23,12:01:38,     9, 10136,   469,  999.6, 300,23.8,27.4, 0.0,  0, 0.0000,     0,22.4,26.2,42.0, 25,    26,    41, 0.6956, 0.8136
M5,04/07/23,12:01:39,     9, 10137,   470,  999.6, 300,23.8,27.4, 0.0,  0, 0.0000,     0,22.4,26.2,42.0, 25,    27,    42, 0.6937, 0.8070
M5,04/07/23,12:01:40,     9, 10138,   470,  999.6, 300,23.8,27.4, 0.0,  0, 0.0000,     0,22.4,26.2,42.0, 25,    27,    43, 0.6916, 0.8019
M5,04/07/23,12:01:41,     9, 10139,   471,  999.6, 300,23.8,27.4, 0.0,  0, 0.0000,     0,22.4,26.2,42.0, 25,    28,    44, 0.6903, 0.7945
M5,04/07/23,12:01:42,     9, 10140,   472,  999.6, 300,23.8,27.4, 0.0,  0, 0.0000,     0,22.4,26.2,42.0, 25,    28,    45, 0.6889, 0.7887
M5,04/07/23,12:01:43,     9, 10141,   472,  999.6, 300,23.8,27.4, 0.0,  0, 0.0000,     0,22.4,26.2,42.0, 25,    29,    46, 0.6877, 0.7847
M5,04/07/23,12:01:44,     9, 10142,   473,  999.6, 300,23.8,27.4, 0.0,  0, 0.0000,     0,22.4,26.2,42.0, 25,    30,    47, 0.6876, 0.7753
M5,04/07/23,12:01:45,     9, 10143,   473,  999.6, 299,23.8,27.4, 0.0,  0, 0.0000,     0,22.4,26.2,42.0, 25,    30,    48, 0.6871, 0.7683
M5,04/07/23,12:01:46,     9, 10144,   474,  999.6, 300,23.8,27.4, 0.0,  0, 0.0000,     0,22.4,26.2,42.0, 25,    31,    49, 0.6864, 0.7631
M5,04/07/23,12:01:47,     9, 10145,   474,  999.6, 300,23.8,27.4, 0.0,  0, 0.0000,     0,22.4,26.2,42.0, 25,    31,    50, 0.6857, 0.7594
M5,04/07/23,12:01:48,     9, 10146,   475,  999.6, 300,23.8,27.4, 0.0,  0, 0.0000,     0,22.4,26.2,42.0, 25,    32,    51, 0.6846, 0.7567
M5,04/07/23,12:01:49,     9, 10147,   476,  999.6, 300,23.8,27.4, 0.0,  0, 0.0000,     0,22.4,26.2,42.0, 25,    32,    52, 0.6832, 0.7544
M5,04/07/23,12:01:51,     9, 10148,   476,  999.6, 300,23.8,27.4, 0.0,  0, 0.0000,     0,22.4,26.2,42.0, 25,    33,    53, 0.6819, 0.7529
M5,04/07/23,12:01:52,     9, 10149,   477,  999.6, 300,23.8,27.4, 0.0,  0, 0.0000,     0,22.4,26.2,42.0, 25,    33,    54, 0.6806, 0.7519
M5,04/07/23,12:01:53,     9, 10150,   477,  999.6, 300,23.8,27.4, 0.0,  0, 0.0000,     0,22.4,26.2,42.0, 25,    34,    55, 0.6798, 0.7493
M5,04/07/23,12:01:54,     9, 10151,   478,  999.6, 300,23.8,27.4, 0.0,  0, 0.0000,     0,22.4,26.2,42.0, 25,    34,    56, 0.6783, 0.7491
M5,04/07/23,12:01:55,     9, 10152,   478,  999.6, 300,23.8,27.4, 0.0,  0, 0.0000,     0,22.4,26.2,42.0, 25,    35,    57, 0.6767, 0.7489
M5,04/07/23,12:01:56,     9, 10153,   479,  999.6, 300,23.8,27.4, 0.0,  0, 0.0000,     0,22.4,26.2,42.0, 25,    36,    58, 0.6756, 0.7472
M5,04/07/23,12:01:57,     9, 10154,   479,  999.6, 300,23.8,27.4, 0.0,  0, 0.0000,     0,22.4,26.2,42.0, 25,    36,    59, 0.6746, 0.7460
M5,04/07/23,12:01:58,     9, 10155,   480,  999.6, 300,23.8,27.4, 0.0,  0, 0.0000,     0,22.4,26.2,42.0, 25,    37,    60, 0.6740, 0.7432
R5,04/07/23,12:01:58,     9, 10155,   480,  999.6, 300,23.8,27.4, 0.0,  0, 0.0000,     0,22.4,26.2,42.0, 25,    37,    60, 0.6740, 0.7432
End
Start
M5,04/07/23,12:03:01,     9, 10218,   430,  999.6, 300,24.3,27.4, 0.0,  0, 0.0000,     0,22.1,26.1,42.0, 20,     2,     1, 0.0000, 0.0000
M5,04/07/23,12:03:02,     9, 10219,   432,  999.6, 300,24.3,27.3, 0.0,  0, 0.0000,     0,22.1,26.1,42.0, 20,     4,     2, 0.0000, 0.0000
M5,04/07/23,12:03:03,     9, 10220,   434,  999.6, 300,24.3,27.3, 0.0,  0, 0.0000,     0,22.1,26.1,42.0, 20,     6,     3, 0.0000, 0.0000
M5,04/07/23,12:03:04,     9, 10221,   436,  999.6, 300,24.3,27.3, 0.0,  0, 0.0000,     0,22.1,26.1,42.0, 20,     7,     4, 0.0000, 0.0000
M5,04/07/23,12:03:05,     9, 10222,   438,  999.6, 299,24.3,27.3, 0.0,  0, 0.0000,     0,22.1,26.2,42.0, 20,    10,     5, 0.0000, 0.0000
M5,04/07/23,12:03:06,     9, 10223,   441,  999.6, 300,24.3,27.4, 0.0,  0, 0.0000,     0,22.1,26.2,42.0, 20,    12,     6, 0.0000, 0.0000
M5,04/07/23,12:03:07,     9, 10224,   442,  999.6, 301,24.3,27.4, 0.0,  0, 0.0000,     0,22.1,26.2,42.0, 20,    14,     7, 0.0000, 0.0000
M5,04/07/23,12:03:08,     9, 10225,   444,  999.6, 300,24.3,27.4, 0.0,  0, 0.0000,     0,22.1,26.2,42.0, 20,    15,     8, 0.0000, 0.0000
M5,04/07/23,12:03:09,     9, 10226,   445,  999.6, 300,24.3,27.3, 0.0,  0, 0.0000,     0,22.1,26.2,42.0, 20,    17,     9, 0.0000, 0.0000
M5,04/07/23,12:03:10,     9, 10227,   446,  999.6, 300,24.3,27.3, 0.0,  0, 0.0000,     0,22.1,26.3,42.0, 25,    18,    10, 0.0000, 0.0000
M5,04/07/23,12:03:11,     9, 10228,   448,  999.6, 300,24.4,27.3, 0.0,  0, 0.0000,     0,22.1,26.3,42.0, 25,    19,    11, 0.0000, 0.0000
M5,04/07/23,12:03:12,     9, 10229,   448,  999.6, 300,24.4,27.3, 0.0,  0, 0.0000,     0,22.1,26.3,42.0, 25,    20,    12, 0.0000, 0.0000
M5,04/07/23,12:03:13,     9, 10230,   449,  999.6, 300,24.4,27.3, 0.0,  0, 0.0000,     0,22.1,26.3,42.0, 25,    20,    13, 0.8511, 1.5837
M5,04/07/23,12:03:14,     9, 10231,   449,  999.6, 300,24.4,27.3, 0.0,  0, 0.0000,     0,22.1,26.3,42.0, 25,    21,    14, 0.7507, 1.3125
M5,04/07/23,12:03:15,     9, 10232,   450,  999.6, 300,24.4,27.3, 0.0,  0, 0.0000,     0,22.1,26.3,42.0, 25,    21,    15, 0.6988, 1.1218
M5,04/07/23,12:03:16,     9, 10233,   450,  999.6, 300,24.4,27.3, 0.0,  0, 0.0000,     0,22.1,26.4,42.0, 25,    22,    16, 0.6695, 0.9943
M5,04/07/23,12:03:17,     9, 10234,   451,  999.6, 300,24.4,27.3, 0.0,  0, 0.0000,     0,22.1,26.4,42.0, 25,    22,    17, 0.6500, 0.9058
M5,04/07/23,12:03:18,     9, 10235,   451,  999.6, 300,24.4,27.3, 0.0,  0, 0.0000,     0,22.1,26.4,42.0, 25,    23,    18, 0.6383, 0.8441
M5,04/07/23,12:03:19,     9, 10236,   452,  999.6, 300,24.4,27.3, 0.0,  0, 0.0000,     0,22.1,26.4,42.0, 25,    24,    19, 0.6495, 0.7408
M5,04/07/23,12:03:20,     9, 10237,   452,  999.6, 300,24.4,27.3, 0.0,  0, 0.0000,     0,22.1,26.4,42.0, 25,    24,    20, 0.6521, 0.7000
M5,04/07/23,12:03:21,     9, 10238,   453,  999.6, 300,24.4,27.3, 0.0,  0, 0.0000,     0,22.1,26.4,42.0, 25,    25,    21, 0.6442, 0.7083
M5,04/07/23,12:03:22,     9, 10239,   453,  999.6, 300,24.4,27.3, 0.0,  0, 0.0000,     0,22.1,26.4,42.0, 25,    25,    22, 0.6316, 0.7297
M5,04/07/23,12:03:23,     9, 10240,   454,  999.6, 300,24.4,27.3, 0.0,  0, 0.0000,     0,22.1,26.4,42.0, 25,    25,    23, 0.6211, 0.7359
M5,04/07/23,12:03:24,     9, 10241,   454,  999.6, 300,24.4,27.3, 0.0,  0, 0.0000,     0,22.1,26.4,42.0, 25,    26,    24, 0.6184, 0.7159
M5,04/07/23,12:03:25,     9, 10242,   455,  999.6, 300,24.4,27.3, 0.0,  0, 0.0000,     0,22.1,26.4,42.0, 25,    27,    25, 0.6202, 0.6870
M5,04/07/23,12:03:26,     9, 10243,   455,  999.6, 300,24.4,27.3, 0.0,  0, 0.0000,     0,22.1,26.4,42.0, 25,    27,    26, 0.6209, 0.6698
M5,04/07/23,12:03:27,     9, 10244,   456,  999.6, 300,24.4,27.3, 0.0,  0, 0.0000,     0,22.1,26.5,42.0, 25,    28,    27, 0.6175, 0.6707
M5,04/07/23,12:03:28,     9, 10245,   456,  999.6, 300,24.4,27.3, 0.0,  0, 0.0000,     0,22.1,26.5,42.0, 25,    28,    28, 0.6146, 0.6695
M5,04/07/23,12:03:29,     9, 10246,   457,  999.6, 300,24.4,27.3, 0.0,  0, 0.0000,     0,22.1,26.5,42.0, 25,    29,    29, 0.6146, 0.6574
M5,04/07/23,12:03:30,     9, 10247,   458,  999.6, 300,24.4,27.3, 0.0,  0, 0.0000,     0,22.1,26.5,42.0, 25,    30,    30, 0.6171, 0.6411
M5,04/07/23,12:03:31,     9, 10248,   458,  999.6, 300,24.4,27.3, 0.0,  0, 0.0000,     0,22.1,26.5,42.0, 25,    30,    31, 0.6210, 0.6235
M5,04/07/23,12:03:32,     9, 10249,   459,  999.6, 300,24.4,27.3, 0.0,  0, 0.0000,     0,22.1,26.5,42.0, 25,    31,    32, 0.6255, 0.6061
M5,04/07/23,12:03:33,     9, 10250,   460,  999.6, 300,24.4,27.3, 0.0,  0, 0.0000,     0,22.1,26.5,42.0, 25,    32,    33, 0.6308, 0.5906
M5,04/07/23,12:03:34,     9, 10251,   460,  999.6, 300,24.4,27.3, 0.0,  0, 0.0000,     0,22.1,26.5,42.0, 25,    32,    34, 0.6344, 0.5831
M5,04/07/23,12:03:35,     9, 10252,   460,  999.6, 300,24.4,27.3, 0.0,  0, 0.0000,     0,22.1,26.5,42.0, 25,    32,    35, 0.6352, 0.5875
M5,04/07/23,12:03:36,     9, 10253,   461,  999.6, 300,24.4,27.3, 0.0,  0, 0.0000,     0,22.1,26.5,42.0, 25,    33,    36, 0.6356, 0.5929
M5,04/07/23,12:03:37,     9, 10254,   462,  999.6, 300,24.4,27.3, 0.0,  0, 0.0000,     0,22.1,26.5,42.0, 25,    33,    37, 0.6355, 0.5987
M5,04/07/23,12:03:38,     9, 10255,   462,  999.6, 300,24.4,27.3, 0.0,  0, 0.0000,     0,22.1,26.5,42.0, 25,    34,    38, 0.6351, 0.6046
M5,04/07/23,12:03:39,     9, 10256,   463,  999.6, 300,24.3,27.3, 0.0,  0, 0.0000,     0,22.1,26.5,42.0, 25,    35,    39, 0.6351, 0.6051
M5,04/07/23,12:03:40,     9, 10257,   463,  999.6, 300,24.3,27.3, 0.0,  0, 0.0000,     0,21.9,26.5,42.0, 25,    35,    40, 0.6343, 0.6117
M5,04/07/23,12:03:41,     9, 10258,   464,  999.6, 300,24.3,27.3, 0.0,  0, 0.0000,     0,21.9,26.5,42.0, 25,    35,    41, 0.6336, 0.6180
M5,04/07/23,12:03:42,     9, 10259,   464,  999.6, 300,24.3,27.3, 0.0,  0, 0.0000,     0,21.9,26.5,42.0, 25,    36,    42, 0.6317, 0.6268
M5,04/07/23,12:03:43,     9, 10260,   464,  999.6, 300,24.3,27.3, 0.0,  0, 0.0000,     0,21.9,26.5,42.0, 25,    36,    43, 0.6286, 0.6367
M5,04/07/23,12:03:44,     9, 10261,   465,  999.6, 300,24.3,27.3, 0.0,  0, 0.0000,     0,21.9,26.5,42.0, 25,    37,    44, 0.6262, 0.6446
M5,04/07/23,12:03:45,     9, 10262,   465,  999.6, 300,24.3,27.3, 0.0,  0, 0.0000,     0,21.9,26.5,42.0, 25,    37,    45, 0.6229, 0.6535
M5,04/07/23,12:03:46,     9, 10263,   466,  999.6, 300,24.3,27.3, 0.0,  0, 0.0000,     0,21.9,26.5,42.0, 25,    38,    46, 0.6201, 0.6603
M5,04/07/23,12:03:47,     9, 10264,   466,  999.6, 300,24.3,27.3, 0.0,  0, 0.0000,     0,21.9,26.5,42.0, 25,    38,    47, 0.6169, 0.6680
M5,04/07/23,12:03:48,     9, 10265,   466,  999.6, 300,24.3,27.3, 0.0,  0, 0.0000,     0,21.9,26.5,42.0, 25,    38,    48, 0.6141, 0.6734
M5,04/07/23,12:03:49,     9, 10266,   467,  999.6, 300,24.3,27.3, 0.0,  0, 0.0000,     0,21.9,26.5,42.0, 25,    39,    49, 0.6117, 0.6767
M5,04/07/23,12:03:50,     9, 10267,   468,  999.6, 300,24.3,27.3, 0.0,  0, 0.0000,     0,21.9,26.5,42.0, 25,    40,    50, 0.6100, 0.6759
M5,04/07/23,12:03:51,     9, 10268,   468,  999.6, 300,24.3,27.3, 0.0,  0, 0.0000,     0,21.9,26.5,42.0, 25,    40,    51, 0.6093, 0.6724
M5,04/07/23,12:03:52,     9, 10269,   469,  999.6, 300,24.3,27.3, 0.0,  0, 0.0000,     0,21.9,26.5,42.0, 25,    41,    52, 0.6083, 0.6687
M5,04/07/23,12:03:53,     9, 10270,   469,  999.6, 300,24.3,27.3, 0.0,  0, 0.0000,     0,21.9,26.5,42.0, 25,    41,    53, 0.6078, 0.6656
M5,04/07/23,12:03:54,     9, 10271,   470,  999.6, 300,24.3,27.3, 0.0,  0, 0.0000,     0,21.9,26.5,42.0, 25,    42,    54, 0.6067, 0.6649
M5,04/07/23,12:03:55,     9, 10272,   470,  999.6, 300,24.3,27.3, 0.0,  0, 0.0000,     0,21.9,26.5,42.0, 25,    42,    55, 0.6054, 0.6661
M5,04/07/23,12:03:56,     9, 10273,   471,  999.6, 300,24.3,27.3, 0.0,  0, 0.0000,     0,21.9,26.5,42.0, 25,    42,    56, 0.6040, 0.6663
M5,04/07/23,12:03:57,     9, 10274,   471,  999.6, 300,24.3,27.3, 0.0,  0, 0.0000,     0,21.9,26.5,42.0, 25,    43,    57, 0.6026, 0.6658
M5,04/07/23,12:03:58,     9, 10275,   471,  999.6, 300,24.3,27.3, 0.0,  0, 0.0000,     0,21.9,26.5,42.0, 25,    43,    58, 0.6010, 0.6668
M5,04/07/23,12:03:59,     9, 10276,   472,  999.6, 300,24.3,27.3, 0.0,  0, 0.0000,     0,21.9,26.5,42.0, 25,    44,    59, 0.5994, 0.6669
M5,04/07/23,12:04:00,     9, 10277,   472,  999.6, 300,24.3,27.3, 0.0,  0, 0.0000,     0,21.9,26.5,42.0, 25,    44,    60, 0.5982, 0.6665
R5,04/07/23,12:04:00,     9, 10277,   472,  999.6, 300,24.3,27.3, 0.0,  0, 0.0000,     0,21.9,26.5,42.0, 25,    44,    60, 0.5982, 0.6665
End
