Tag(M3),Date,Time,Plot_No,Rec_No,CO2,Pressure,Flow,H2O,Tsen,O2,Error,Aux_V,PAR,Tsoil,Tair,Msoil
R3,04/07/23,17:50:39,    18, 11360,   700, 1002.4, 297,22.1,28.8, 0.0,  0, 0.0000,     0,21.1,22.4,17.4
Start
M5,04/07/23,17:53:16,    19, 11516,   451, 1002.7, 300,20.9,28.1, 0.0,  0, 0.0000,     0,20.9,21.4,17.8, 20,     1,     1, 0.0000, 0.0000
M5,04/07/23,17:53:17,    19, 11517,   453, 1002.7, 299,20.9,28.1, 0.0,  0, 0.0000,     0,20.9,21.4,17.8, 20,     3,     2, 0.0000, 0.0000
M5,04/07/23,17:53:18,    19, 11518,   455, 1002.7, 299,20.9,28.1, 0.0,  0, 0.0000,     0,20.9,21.4,17.8, 20,     5,     3, 0.0000, 0.0000
M5,04/07/23,17:53:19,    19, 11519,   456, 1002.7, 300,20.9,28.1, 0.0,  0, 0.0000,     0,20.9,21.5,17.8, 20,     7,     4, 0.0000, 0.0000
M5,04/07/23,17:53:20,    19, 11520,   458, 1002.7, 300,20.9,28.1, 0.0,  0, 0.0000,     0,20.9,21.5,17.8, 20,     8,     5, 0.0000, 0.0000
M5,04/07/23,17:53:21,    19, 11521,   459, 1002.7, 300,20.9,28.1, 0.0,  0, 0.0000,     0,20.9,21.5,17.8, 20,     9,     6, 0.0000, 0.0000
M5,04/07/23,17:53:22,    19, 11522,   460, 1002.7, 300,20.9,28.1, 0.0,  0, 0.0000,     0,20.9,21.5,17.8, 20,    11,     7, 0.0000, 0.0000
M5,04/07/23,17:53:23,    19, 11523,   461, 1002.7, 300,20.9,28.1, 0.0,  0, 0.0000,     0,20.9,21.5,17.8, 20,    12,     8, 0.0000, 0.0000
M5,04/07/23,17:53:24,    19, 11524,   462, 1002.7, 300,20.9,28.1, 0.0,  0, 0.0000,     0,20.9,21.5,17.8, 20,    12,     9, 0.0000, 0.0000
M5,04/07/23,17:53:25,    19, 11525,   463, 1002.7, 300,20.9,28.1, 0.0,  0, 0.0000,     0,20.9,21.5,17.8, 25,    13,    10, 0.0000, 0.0000
M5,04/07/23,17:53:26,    19, 11526,   464, 1002.7, 299,21.0,28.1, 0.0,  0, 0.0000,     0,20.9,21.5,17.8, 25,    14,    11, 0.0000, 0.0000
M5,04/07/23,17:53:27,    19, 11527,   465, 1002.7, 299,21.0,28.1, 0.0,  0, 0.0000,     0,20.9,21.5,17.8, 25,    15,    12, 0.0000, 0.0000
M5,04/07/23,17:53:28,    19, 11528,   466, 1002.7, 300,21.0,28.1, 0.0,  0, 0.0000,     0,20.9,21.5,17.8, 25,    16,    13, 1.0794, 0.9108
M5,04/07/23,17:53:29,    19, 11529,   466, 1002.7, 300,21.0,28.1, 0.0,  0, 0.0000,     0,20.9,21.5,17.8, 25,    17,    14, 1.0780, 1.0129
M5,04/07/23,17:53:30,    19, 11530,   468, 1002.7, 300,21.0,28.0, 0.0,  0, 0.0000,     0,20.9,21.5,17.8, 25,    18,    15, 1.1379, 0.9300
M5,04/07/23,17:53:31,    19, 11531,   469, 1002.7, 300,21.0,28.0, 0.0,  0, 0.0000,     0,20.9,21.5,17.8, 25,    19,    16, 1.1708, 0.9455
M5,04/07/23,17:53:32,    19, 11532,   469, 1002.7, 300,21.0,28.0, 0.0,  0, 0.0000,     0,20.9,21.5,17.8, 25,    20,    17, 1.1748, 1.0261
M5,04/07/23,17:53:33,    19, 11533,   470, 1002.7, 300,21.0,28.0, 0.0,  0, 0.0000,     0,20.9,21.5,17.8, 25,    20,    18, 1.1562, 1.1345
M5,04/07/23,17:53:34,    19, 11534,   471, 1002.7, 300,21.0,28.0, 0.0,  0, 0.0000,     0,20.9,21.5,17.8, 25,    21,    19, 1.1402, 1.1830
M5,04/07/23,17:53:35,    19, 11535,   472, 1002.7, 300,21.1,28.0, 0.0,  0, 0.0000,     0,20.9,21.5,17.8, 25,    22,    20, 1.1305, 1.2058
M5,04/07/23,17:53:36,    19, 11536,   473, 1002.7, 300,21.1,28.0, 0.0,  0, 0.0000,     0,20.7,21.5,17.7, 25,    23,    21, 1.1283, 1.1871
M5,04/07/23,17:53:37,    19, 11537,   474, 1002.7, 301,21.1,28.0, 0.0,  0, 0.0000,     0,20.7,21.5,17.7, 25,    24,    22, 1.1346, 1.1616
M5,04/07/23,17:53:38,    19, 11538,   475, 1002.7, 300,21.1,28.0, 0.0,  0, 0.0000,     0,20.7,21.6,17.7, 25,    25,    23, 1.1403, 1.1339
M5,04/07/23,17:53:39,    19, 11539,   476, 1002.7, 300,21.1,28.0, 0.0,  0, 0.0000,     0,20.7,21.6,17.7, 25,    26,    24, 1.1368, 1.1439
M5,04/07/23,17:53:40,    19, 11540,   476, 1002.7, 300,21.2,28.0, 0.0,  0, 0.0000,     0,20.7,21.6,17.7, 25,    26,    25, 1.1271, 1.1742
M5,04/07/23,17:53:41,    19, 11541,   477, 1002.7, 300,21.2,28.0, 0.0,  0, 0.0000,     0,20.7,21.6,17.7, 25,    27,    26, 1.1227, 1.1761
M5,04/07/23,17:53:42,    19, 11542,   478, 1002.7, 300,21.2,28.0, 0.0,  0, 0.0000,     0,20.7,21.6,17.7, 25,    29,    27, 1.1234, 1.1660
M5,04/07/23,17:53:43,    19, 11543,   479, 1002.7, 300,21.2,28.0, 0.0,  0, 0.0000,     0,20.7,21.6,17.7, 25,    29,    28, 1.1220, 1.1601
M5,04/07/23,17:53:44,    19, 11544,   480, 1002.7, 300,21.2,28.0, 0.0,  0, 0.0000,     0,20.7,21.6,17.7, 25,    30,    29, 1.1243, 1.1483
M5,04/07/23,17:53:45,    19, 11545,   481, 1002.7, 300,21.2,28.0, 0.0,  0, 0.0000,     0,20.7,21.6,17.7, 25,    31,    30, 1.1189, 1.1604
M5,04/07/23,17:53:46,    19, 11546,   481, 1002.7, 300,21.2,28.0, 0.0,  0, 0.0000,     0,20.7,21.6,17.7, 25,    31,    31, 1.1092, 1.1841
M5,04/07/23,17:53:47,    19, 11547,   482, 1002.7, 299,21.3,28.0, 0.0,  0, 0.0000,     0,20.7,21.6,17.7, 25,    32,    32, 1.1030, 1.1985
M5,04/07/23,17:53:48,    19, 11548,   483, 1002.7, 300,21.3,28.0, 0.0,  0, 0.0000,     0,20.7,21.6,17.7, 25,    33,    33, 1.0966, 1.2039
M5,04/07/23,17:53:49,    19, 11549,   484, 1002.7, 300,21.3,28.0, 0.0,  0, 0.0000,     0,20.7,21.6,17.7, 25,    34,    34, 1.0896, 1.2114
M5,04/07/23,17:53:50,    19, 11550,   485, 1002.7, 300,21.3,28.0, 0.0,  0, 0.0000,     0,20.7,21.6,17.7, 25,    35,    35, 1.0855, 1.2065
M5,04/07/23,17:53:51,    19, 11551,   486, 1002.7, 301,21.3,28.0, 0.0,  0, 0.0000,     0,20.7,21.6,17.7, 25,    36,    36, 1.0863, 1.1890
M5,04/07/23,17:53:52,    19, 11552,   487, 1002.7, 300,21.3,28.0, 0.0,  0, 0.0000,     0,20.7,21.6,17.8, 25,    37,    37, 1.0878, 1.1688
M5,04/07/23,17:53:53,    19, 11553,   488, 1002.7, 300,21.4,28.0, 0.0,  0, 0.0000,     0,20.7,21.6,17.8, 25,    38,    38, 1.0898, 1.1544
M5,04/07/23,17:53:54,    19, 11554,   489, 1002.7, 299,21.4,28.0, 0.0,  0, 0.0000,     0,20.7,21.6,17.8, 25,    39,    39, 1.0905, 1.1424
M5,04/07/23,17:53:55,    19, 11555,   489, 1002.7, 300,21.4,28.0, 0.0,  0, 0.0000,     0,20.7,21.6,17.8, 25,    40,    40, 1.0909, 1.1332
M5,04/07/23,17:53:56,    19, 11556,   490, 1002.7, 301,21.4,27.9, 0.0,  0, 0.0000,     0,20.7,21.6,17.8, 25,    41,    41, 1.0915, 1.1268
M5,04/07/23,17:53:57,    19, 11557,   491, 1002.7, 300,21.4,27.9, 0.0,  0, 0.0000,     0,20.7,21.6,17.8, 25,    42,    42, 1.0927, 1.1174
M5,04/07/23,17:53:58,    19, 11558,   492, 1002.7, 300,21.4,27.9, 0.0,  0, 0.0000,     0,20.7,21.6,17.7, 25,    43,    43, 1.0953, 1.1071
M5,04/07/23,17:53:59,    19, 11559,   493, 1002.7, 300,21.4,27.9, 0.0,  0, 0.0000,     0,20.7,21.6,17.7, 25,    44,    44, 1.0978, 1.0955
M5,04/07/23,17:54:00,    19, 11560,   494, 1002.7, 300,21.5,27.9, 0.0,  0, 0.0000,     0,20.7,21.6,17.7, 25,    44,    45, 1.0999, 1.0892
M5,04/07/23,17:54:01,    19, 11561,   495, 1002.7, 299,21.5,27.9, 0.0,  0, 0.0000,     0,20.7,21.6,17.7, 25,    46,    46, 1.1020, 1.0813
M5,04/07/23,17:54:02,    19, 11562,   496, 1002.7, 299,21.5,27.9, 0.0,  0, 0.0000,     0,20.7,21.6,17.7, 25,    46,    47, 1.1038, 1.0760
M5,04/07/23,17:54:03,    19, 11563,   497, 1002.7, 300,21.5,27.9, 0.0,  0, 0.0000,     0,20.7,21.6,17.7, 25,    47,    48, 1.1051, 1.0727
M5,04/07/23,17:54:04,    19, 11564,   498, 1002.7, 300,21.5,27.9, 0.0,  0, 0.0000,     0,20.7,21.6,17.7, 25,    48,    49, 1.1054, 1.0737
M5,04/07/23,17:54:05,    19, 11565,   499, 1002.7, 300,21.5,27.9, 0.0,  0, 0.0000,     0,20.7,21.6,17.7, 25,    49,    50, 1.1062, 1.0755
M5,04/07/23,17:54:06,    19, 11566,   499, 1002.7, 300,21.5,27.9, 0.0,  0, 0.0000,     0,20.7,21.6,17.7, 25,    50,    51, 1.1062, 1.0771
M5,04/07/23,17:54:07,    19, 11567,   500, 1002.7, 300,21.5,27.9, 0.0,  0, 0.0000,     0,20.7,21.6,17.7, 25,    51,    52, 1.1073, 1.0767
R5,04/07/23,17:54:07,    19, 11567,   500, 1002.7, 300,21.5,27.9, 0.0,  0, 0.0000,     0,20.7,21.6,17.7, 25,    51,    52, 1.1073, 1.0767
End
Start
M5,04/07/23,17:54:55,    19, 11614,   426, 1002.7, 299,20.8,27.7, 0.0,  0, 0.0000,     0,20.7,21.3,17.7, 20,     1,     1, 0.0000, 0.0000
M5,04/07/23,17:54:56,    19, 11615,   428, 1002.7, 299,20.8,27.7, 0.0,  0, 0.0000,     0,20.7,21.3,17.7, 20,     3,     2, 0.0000, 0.0000
M5,04/07/23,17:54:57,    19, 11616,   429, 1002.7, 299,20.8,27.7, 0.0,  0, 0.0000,     0,20.7,21.3,17.7, 20,     5,     3, 0.0000, 0.0000
M5,04/07/23,17:54:58,    19, 11617,   431, 1002.7, 300,20.8,27.7, 0.0,  0, 0.0000,     0,20.7,21.3,17.7, 20,     7,     4, 0.0000, 0.0000
M5,04/07/23,17:54:59,    19, 11618,   433, 1002.7, 301,20.7,27.7, 0.0,  0, 0.0000,     0,20.7,21.3,17.7, 20,     8,     5, 0.0000, 0.0000
M5,04/07/23,17:55:00,    19, 11619,   434, 1002.7, 300,20.7,27.7, 0.0,  0, 0.0000,     0,20.7,21.4,17.7, 20,     9,     6, 0.0000, 0.0000
M5,04/07/23,17:55:01,    19, 11620,   435, 1002.7, 300,20.7,27.7, 0.0,  0, 0.0000,     0,20.7,21.4,17.7, 20,    11,     7, 0.0000, 0.0000
M5,04/07/23,17:55:02,    19, 11621,   436, 1002.7, 300,20.7,27.7, 0.0,  0, 0.0000,     0,20.7,21.4,17.7, 20,    12,     8, 0.0000, 0.0000
M5,04/07/23,17:55:03,    19, 11622,   437, 1002.7, 301,20.7,27.7, 0.0,  0, 0.0000,     0,20.7,21.4,17.7, 20,    13,     9, 0.0000, 0.0000
M5,04/07/23,17:55:04,    19, 11623,   438, 1002.7, 300,20.7,27.7, 0.0,  0, 0.0000,     0,20.7,21.4,17.7, 25,    13,    10, 0.0000, 0.0000
M5,04/07/23,17:55:05,    19, 11624,   439, 1002.7, 300,20.7,27.7, 0.0,  0, 0.0000,     0,20.7,21.4,17.7, 25,    14,    11, 0.0000, 0.0000
M5,04/07/23,17:55:06,    19, 11625,   440, 1002.7, 299,20.8,27.6, 0.0,  0, 0.0000,     0,20.7,21.4,17.7, 25,    15,    12, 0.0000, 0.0000
M5,04/07/23,17:55:07,    19, 11626,   441, 1002.7, 299,20.8,27.6, 0.0,  0, 0.0000,     0,20.7,21.4,17.7, 25,    16,    13, 1.0089, 1.1615
M5,04/07/23,17:55:08,    19, 11627,   441, 1002.7, 300,20.8,27.6, 0.0,  0, 0.0000,     0,20.7,21.4,17.8, 25,    17,    14, 0.9724, 1.1471
M5,04/07/23,17:55:09,    19, 11628,   442, 1002.7, 300,20.8,27.6, 0.0,  0, 0.0000,     0,20.7,21.4,17.8, 25,    17,    15, 0.9684, 1.0587
M5,04/07/23,17:55:10,    19, 11629,   443, 1002.7, 300,20.8,27.6, 0.0,  0, 0.0000,     0,20.7,21.4,17.8, 25,    18,    16, 0.9748, 1.0023
M5,04/07/23,17:55:11,    19, 11630,   444, 1002.7, 300,20.8,27.6, 0.0,  0, 0.0000,     0,20.7,21.4,17.8, 25,    19,    17, 0.9988, 0.9280
M5,04/07/23,17:55:12,    19, 11631,   445, 1002.7, 301,20.8,27.6, 0.0,  0, 0.0000,     0,20.7,21.5,17.8, 25,    20,    18, 1.0261, 0.8808
M5,04/07/23,17:55:13,    19, 11632,   446, 1002.7, 300,20.8,27.6, 0.0,  0, 0.0000,     0,20.7,21.5,17.7, 25,    21,    19, 1.0657, 0.8307
M5,04/07/23,17:55:14,    19, 11633,   447, 1002.7, 300,20.8,27.6, 0.0,  0, 0.0000,     0,20.7,21.5,17.7, 25,    23,    20, 1.1030, 0.7964
M5,04/07/23,17:55:15,    19, 11634,   448, 1002.7, 300,20.9,27.6, 0.0, 21, 0.0000,     0,20.7,21.5,17.7, 25,    24,    21, 1.1311, 0.8066
M5,04/07/23,17:55:16,    19, 11635,   449, 1002.7, 299,20.9,27.6, 0.0,  0, 0.0000,     0,20.7,21.5,17.7, 25,    25,    22, 1.1510, 0.8333
M5,04/07/23,17:55:17,    19, 11636,   450, 1002.7, 300,20.9,27.6, 0.0,  0, 0.0000,     0,20.7,21.5,17.7, 25,    26,    23, 1.1622, 0.8862
M5,04/07/23,17:55:18,    19, 11637,   451, 1002.7, 300,20.9,27.6, 0.0,  0, 0.0000,     0,20.7,21.5,17.7, 25,    26,    24, 1.1651, 0.9414
M5,04/07/23,17:55:19,    19, 11638,   452, 1002.7, 301,20.9,27.6, 0.0,  0, 0.0000,     0,20.7,21.5,17.7, 25,    27,    25, 1.1688, 0.9784
M5,04/07/23,17:55:20,    19, 11639,   453, 1002.7, 300,20.9,27.6, 0.0,  0, 0.0000,     0,20.7,21.5,17.7, 25,    28,    26, 1.1695, 1.0181
M5,04/07/23,17:55:21,    19, 11640,   454, 1002.7, 300,20.9,27.6, 0.0,  0, 0.0000,     0,20.7,21.5,17.7, 25,    29,    27, 1.1662, 1.0582
M5,04/07/23,17:55:22,    19, 11641,   454, 1002.7, 300,21.0,27.6, 0.0,  0, 0.0000,     0,20.7,21.5,17.7, 25,    30,    28, 1.1598, 1.1049
M5,04/07/23,17:55:23,    19, 11642,   455, 1002.7, 300,21.0,27.6, 0.0,  0, 0.0000,     0,20.7,21.5,17.7, 25,    30,    29, 1.1523, 1.1382
M5,04/07/23,17:55:24,    19, 11643,   456, 1002.7, 299,21.0,27.6, 0.0,  0, 0.0000,     0,20.7,21.5,17.7, 25,    31,    30, 1.1463, 1.1635
M5,04/07/23,17:55:25,    19, 11644,   457, 1002.7, 300,21.0,27.6, 0.0,  0, 0.0000,     0,20.7,21.5,17.7, 25,    32,    31, 1.1424, 1.1720
M5,04/07/23,17:55:26,    19, 11645,   458, 1002.7, 300,21.1,27.6, 0.0,  0, 0.0000,     0,20.7,21.5,17.7, 25,    33,    32, 1.1399, 1.1808
M5,04/07/23,17:55:27,    19, 11646,   458, 1002.7, 300,21.1,27.6, 0.0,  0, 0.0000,     0,20.7,21.5,17.7, 25,    34,    33, 1.1337, 1.1939
M5,04/07/23,17:55:28,    19, 11647,   459, 1002.7, 299,21.1,27.6, 0.0,  0, 0.0000,     0,20.7,21.5,17.7, 25,    35,    34, 1.1281, 1.2027
M5,04/07/23,17:55:29,    19, 11648,   460, 1002.7, 300,21.1,27.6, 0.0,  0, 0.0000,     0,20.7,21.5,17.7, 25,    35,    35, 1.1218, 1.2149
M5,04/07/23,17:55:30,    19, 11649,   461, 1002.7, 300,21.1,27.6, 0.0,  0, 0.0000,     0,20.7,21.5,17.7, 25,    36,    36, 1.1174, 1.2160
M5,04/07/23,17:55:31,    19, 11650,   462, 1002.7, 300,21.1,27.5, 0.0,  0, 0.0000,     0,20.7,21.5,17.7, 25,    37,    37, 1.1125, 1.2218
M5,04/07/23,17:55:32,    19, 11651,   462, 1002.7, 300,21.1,27.5, 0.0,  0, 0.0000,     0,20.7,21.5,17.7, 25,    38,    38, 1.1075, 1.2238
M5,04/07/23,17:55:33,    19, 11652,   463, 1002.7, 300,21.2,27.5, 0.0,  0, 0.0000,     0,20.7,21.5,17.7, 25,    39,    39, 1.1035, 1.2240
M5,04/07/23,17:55:34,    19, 11653,   464, 1002.7, 300,21.2,27.5, 0.0,  0, 0.0000,     0,20.7,21.5,17.7, 25,    40,    40, 1.0996, 1.2220
M5,04/07/23,17:55:35,    19, 11654,   465, 1002.7, 300,21.2,27.5, 0.0,  0, 0.0000,     0,20.7,21.5,17.7, 25,    41,    41, 1.0984, 1.2105
M5,04/07/23,17:55:36,    19, 11655,   466, 1002.7, 300,21.2,27.5, 0.0,  0, 0.0000,     0,20.7,21.5,17.7, 25,    42,    42, 1.0990, 1.1975
M5,04/07/23,17:55:37,    19, 11656,   467, 1002.7, 300,21.2,27.5, 0.0,  0, 0.0000,     0,20.7,21.5,17.7, 25,    43,    43, 1.0986, 1.1865
M5,04/07/23,17:55:38,    19, 11657,   468, 1002.7, 300,21.2,27.5, 0.0,  0, 0.0000,     0,20.7,21.5,17.7, 25,    43,    44, 1.0975, 1.1816
M5,04/07/23,17:55:39,    19, 11658,   469, 1002.7, 301,21.2,27.5, 0.0,  0, 0.0000,     0,20.7,21.5,17.7, 25,    44,    45, 1.0951, 1.1804
M5,04/07/23,17:55:40,    19, 11659,   469, 1002.7, 300,21.2,27.5, 0.0,  0, 0.0000,     0,20.7,21.5,17.7, 25,    45,    46, 1.0933, 1.1790
M5,04/07/23,17:55:41,    19, 11660,   470, 1002.7, 300,21.2,27.5, 0.0,  0, 0.0000,     0,20.7,21.5,17.7, 25,    46,    47, 1.0909, 1.1782
M5,04/07/23,17:55:42,    19, 11661,   471, 1002.7, 299,21.2,27.5, 0.0,  0, 0.0000,     0,20.7,21.5,17.7, 25,    47,    48, 1.0886, 1.1769
M5,04/07/23,17:55:43,    19, 11662,   472, 1002.7, 300,21.3,27.5, 0.0,  0, 0.0000,     0,20.7,21.5,17.7, 25,    47,    49, 1.0871, 1.1756
M5,04/07/23,17:55:44,    19, 11663,   473, 1002.7, 300,21.3,27.5, 0.0,  0, 0.0000,     0,20.7,21.5,17.7, 25,    48,    50, 1.0860, 1.1706
M5,04/07/23,17:55:45,    19, 11664,   474, 1002.7, 300,21.3,27.5, 0.0,  0, 0.0000,     0,20.7,21.5,17.7, 25,    49,    51, 1.0847, 1.1691
M5,04/07/23,17:55:46,    19, 11665,   475, 1002.7, 300,21.3,27.5, 0.0,  0, 0.0000,     0,20.7,21.5,17.7, 25,    50,    52, 1.0837, 1.1642
R5,04/07/23,17:55:46,    19, 11665,   475, 1002.7, 300,21.3,27.5, 0.0,  0, 0.0000,     0,20.7,21.5,17.7, 25,    50,    52, 1.0837, 1.1642
End
Start
M5,04/07/23,17:56:32,    19, 11711,   435, 1002.7, 300,20.6,27.3, 0.0,  0, 0.0000,     0,20.5,21.0,17.7, 20,     3,     1, 0.0000, 0.0000
M5,04/07/23,17:56:33,    19, 11712,   438, 1002.7, 300,20.5,27.3, 0.0,  0, 0.0000,     0,20.5,21.0,17.7, 20,     6,     2, 0.0000, 0.0000
M5,04/07/23,17:56:34,    19, 11713,   439, 1002.7, 299,20.5,27.3, 0.0,  0, 0.0000,     0,20.5,21.0,17.7, 20,     8,     3, 0.0000, 0.0000
M5,04/07/23,17:56:35,    19, 11714,   441, 1002.7, 300,20.5,27.3, 0.0,  0, 0.0000,     0,20.5,21.0,17.7, 20,     9,     4, 0.0000, 0.0000
M5,04/07/23,17:56:36,    19, 11715,   442, 1002.7, 300,20.5,27.3, 0.0,  0, 0.0000,     0,20.5,21.0,17.7, 20,    10,     5, 0.0000, 0.0000
M5,04/07/23,17:56:37,    19, 11716,   443, 1002.7, 300,20.5,27.3, 0.0,  0, 0.0000,     0,20.5,21.0,17.7, 20,    11,     6, 0.0000, 0.0000
M5,04/07/23,17:56:38,    19, 11717,   444, 1002.7, 300,20.5,27.2, 0.0,  0, 0.0000,     0,20.5,21.1,17.7, 20,    12,     7, 0.0000, 0.0000
M5,04/07/23,17:56:39,    19, 11718,   444, 1002.7, 300,20.5,27.2, 0.0,  0, 0.0000,     0,20.5,21.1,17.7, 20,    13,     8, 0.0000, 0.0000
M5,04/07/23,17:56:40,    19, 11719,   445, 1002.7, 299,20.5,27.2, 0.0,  0, 0.0000,     0,20.5,21.1,17.7, 20,    14,     9, 0.0000, 0.0000
M5,04/07/23,17:56:41,    19, 11720,   446, 1002.7, 300,20.5,27.2, 0.0,  0, 0.0000,     0,20.5,21.1,17.7, 25,    15,    10, 0.0000, 0.0000
M5,04/07/23,17:56:42,    19, 11721,   447, 1002.7, 301,20.6,27.2, 0.0,  0, 0.0000,     0,20.5,21.1,17.7, 25,    16,    11, 0.0000, 0.0000
M5,04/07/23,17:56:43,    19, 11722,   448, 1002.7, 300,20.6,27.2, 0.0,  0, 0.0000,     0,20.5,21.1,17.7, 25,    17,    12, 0.0000, 0.0000
M5,04/07/23,17:56:44,    19, 11723,   449, 1002.7, 300,20.6,27.2, 0.0,  0, 0.0000,     0,20.5,21.1,17.7, 25,    17,    13, 1.0418, 1.0408
M5,04/07/23,17:56:45,    19, 11724,   450, 1002.7, 300,20.6,27.2, 0.0,  0, 0.0000,     0,20.5,21.1,17.7, 25,    18,    14, 1.0437, 1.0421
M5,04/07/23,17:56:46,    19, 11725,   450, 1002.7, 300,20.6,27.2, 0.0,  0, 0.0000,     0,20.5,21.1,17.7, 25,    19,    15, 1.0127, 1.1038
M5,04/07/23,17:56:47,    19, 11726,   451, 1002.7, 300,20.6,27.2, 0.0,  0, 0.0000,     0,20.5,21.1,17.7, 25,    20,    16, 1.0065, 1.0787
M5,04/07/23,17:56:48,    19, 11727,   452, 1002.7, 300,20.6,27.2, 0.0,  0, 0.0000,     0,20.5,21.2,17.7, 25,    20,    17, 0.9885, 1.0900
M5,04/07/23,17:56:49,    19, 11728,   453, 1002.7, 300,20.7,27.2, 0.0,  0, 0.0000,     0,20.5,21.2,17.7, 25,    21,    18, 0.9738, 1.0993
M5,04/07/23,17:56:50,    19, 11729,   453, 1002.7, 300,20.7,27.2, 0.0,  0, 0.0000,     0,20.5,21.2,17.7, 25,    22,    19, 0.9682, 1.0680
M5,04/07/23,17:56:51,    19, 11730,   454, 1002.7, 300,20.7,27.2, 0.0,  0, 0.0000,     0,20.5,21.2,17.7, 25,    23,    20, 0.9780, 1.0056
M5,04/07/23,17:56:52,    19, 11731,   456, 1002.7, 300,20.7,27.2, 0.0,  0, 0.0000,     0,20.5,21.2,17.7, 25,    24,    21, 0.9959, 0.9494
M5,04/07/23,17:56:53,    19, 11732,   456, 1002.7, 300,20.7,27.2, 0.0,  0, 0.0000,     0,20.5,21.2,17.7, 25,    25,    22, 1.0072, 0.9256
M5,04/07/23,17:56:54,    19, 11733,   457, 1002.7, 300,20.7,27.2, 0.0,  0, 0.0000,     0,20.5,21.2,17.7, 25,    26,    23, 1.0173, 0.9211
M5,04/07/23,17:56:55,    19, 11734,   458, 1002.7, 301,20.7,27.2, 0.0,  0, 0.0000,     0,20.5,21.2,17.7, 25,    26,    24, 1.0232, 0.9231
M5,04/07/23,17:56:56,    19, 11735,   459, 1002.7, 300,20.8,27.2, 0.0,  0, 0.0000,     0,20.5,21.2,17.7, 25,    27,    25, 1.0290, 0.9306
M5,04/07/23,17:56:57,    19, 11736,   460, 1002.7, 300,20.8,27.2, 0.0,  0, 0.0000,     0,20.5,21.2,17.7, 25,    28,    26, 1.0365, 0.9253
M5,04/07/23,17:56:58,    19, 11737,   461, 1002.7, 300,20.8,27.2, 0.0,  0, 0.0000,     0,20.5,21.2,17.7, 25,    29,    27, 1.0430, 0.9292
M5,04/07/23,17:56:59,    19, 11738,   461, 1002.7, 300,20.8,27.2, 0.0,  0, 0.0000,     0,20.5,21.2,17.7, 25,    30,    28, 1.0434, 0.9476
M5,04/07/23,17:57:00,    19, 11739,   462, 1002.7, 300,20.8,27.2, 0.0,  0, 0.0000,     0,20.5,21.2,17.7, 25,    31,    29, 1.0408, 0.9720
M5,04/07/23,17:57:01,    19, 11740,   463, 1002.7, 299,20.9,27.2, 0.0,  0, 0.0000,     0,20.5,21.2,17.7, 25,    31,    30, 1.0418, 0.9848
M5,04/07/23,17:57:02,    19, 11741,   464, 1002.7, 299,20.9,27.2, 0.0,  0, 0.0000,     0,20.5,21.2,17.7, 25,    32,    31, 1.0416, 0.9932
M5,04/07/23,17:57:03,    19, 11742,   465, 1002.7, 300,20.9,27.2, 0.0,  0, 0.0000,     0,20.5,21.2,17.7, 25,    33,    32, 1.0444, 0.9923
M5,04/07/23,17:57:04,    19, 11743,   466, 1002.7, 300,20.9,27.2, 0.0,  0, 0.0000,     0,20.5,21.2,17.7, 25,    34,    33, 1.0483, 0.9854
M5,04/07/23,17:57:05,    19, 11744,   467, 1002.7, 300,20.9,27.2, 0.0,  0, 0.0000,     0,20.5,21.2,17.7, 25,    35,    34, 1.0544, 0.9772
M5,04/07/23,17:57:06,    19, 11745,   468, 1002.7, 300,20.9,27.2, 0.0,  0, 0.0000,     0,20.5,21.2,17.7, 25,    36,    35, 1.0602, 0.9670
M5,04/07/23,17:57:07,    19, 11746,   469, 1002.7, 300,20.9,27.2, 0.0,  0, 0.0000,     0,20.5,21.2,17.7, 25,    37,    36, 1.0630, 0.9687
M5,04/07/23,17:57:08,    19, 11747,   469, 1002.7, 300,20.9,27.1, 0.0,  0, 0.0000,     0,20.5,21.2,17.7, 25,    38,    37, 1.0641, 0.9782
M5,04/07/23,17:57:09,    19, 11748,   470, 1002.7, 300,20.9,27.1, 0.0,  0, 0.0000,     0,20.5,21.2,17.7, 25,    38,    38, 1.0631, 0.9916
M5,04/07/23,17:57:10,    19, 11749,   471, 1002.7, 300,21.0,27.1, 0.0,  0, 0.0000,     0,20.5,21.2,17.7, 25,    39,    39, 1.0618, 1.0081
M5,04/07/23,17:57:11,    19, 11750,   471, 1002.7, 300,21.0,27.1, 0.0,  0, 0.0000,     0,20.5,21.2,17.7, 25,    40,    40, 1.0586, 1.0245
M5,04/07/23,17:57:12,    19, 11751,   472, 1002.7, 300,21.0,27.1, 0.0,  0, 0.0000,     0,20.5,21.2,17.7, 25,    41,    41, 1.0567, 1.0372
M5,04/07/23,17:57:13,    19, 11752,   473, 1002.7, 300,21.0,27.1, 0.0,  0, 0.0000,     0,20.5,21.2,17.7, 25,    41,    42, 1.0534, 1.0499
M5,04/07/23,17:57:14,    19, 11753,   474, 1002.7, 300,21.0,27.1, 0.0,  0, 0.0000,     0,20.5,21.2,17.7, 25,    42,    43, 1.0507, 1.0586
M5,04/07/23,17:57:15,    19, 11754,   475, 1002.7, 300,21.1,27.1, 0.0,  0, 0.0000,     0,20.5,21.2,17.7, 25,    43,    44, 1.0501, 1.0614
M5,04/07/23,17:57:16,    19, 11755,   476, 1002.7, 300,21.1,27.1, 0.0,  0, 0.0000,     0,20.5,21.2,17.7, 25,    45,    45, 1.0530, 1.0487
M5,04/07/23,17:57:17,    19, 11756,   478, 1002.7, 300,21.1,27.1, 0.0,  0, 0.0000,     0,20.5,21.2,17.7, 25,    46,    46, 1.0586, 1.0298
M5,04/07/23,17:57:18,    19, 11757,   479, 1002.7, 300,21.1,27.1, 0.0,  0, 0.0000,     0,20.5,21.2,17.7, 25,    47,    47, 1.0630, 1.0156
M5,04/07/23,17:57:19,    19, 11758,   480, 1002.7, 300,21.1,27.1, 0.0,  0, 0.0000,     0,20.5,21.2,17.7, 25,    48,    48, 1.0679, 1.0029
M5,04/07/23,17:57:20,    19, 11759,   480, 1002.7, 300,21.1,27.1, 0.0,  0, 0.0000,     0,20.5,21.2,17.7, 25,    49,    49, 1.0718, 0.9939
M5,04/07/23,17:57:21,    19, 11760,   481, 1002.7, 300,21.1,27.1, 0.0,  0, 0.0000,     0,20.5,21.2,17.7, 25,    49,    50, 1.0741, 0.9951
M5,04/07/23,17:57:22,    19, 11761,   482, 1002.7, 300,21.1,27.1, 0.0,  0, 0.0000,     0,20.5,21.2,17.7, 25,    50,    51, 1.0747, 0.9990
R5,04/07/23,17:57:22,    19, 11761,   482, 1002.7, 300,21.1,27.1, 0.0,  0, 0.0000,     0,20.5,21.2,17.7, 25,    50,    51, 1.0747, 0.9990
End
Start
M5,04/07/23,18:00:25,    20, 11943,   429, 1002.7, 300,20.2,26.5, 0.0,  0, 0.0000,     0,19.9,20.6, 7.3, 20,     2,     1, 0.0000, 0.0000
M5,04/07/23,18:00:26,    20, 11944,   430, 1002.7, 300,20.2,26.4, 0.0,  0, 0.0000,     0,19.9,20.6, 7.3, 20,     4,     2, 0.0000, 0.0000
M5,04/07/23,18:00:27,    20, 11945,   432, 1002.7, 300,20.2,26.4, 0.0,  0, 0.0000,     0,19.9,20.6, 7.3, 20,     5,     3, 0.0000, 0.0000
M5,04/07/23,18:00:28,    20, 11946,   432, 1002.7, 300,20.2,26.4, 0.0,  0, 0.0000,     0,19.9,20.6, 7.3, 20,     6,     4, 0.0000, 0.0000
M5,04/07/23,18:00:29,    20, 11947,   433, 1002.7, 300,20.2,26.4, 0.0,  0, 0.0000,     0,19.9,20.6, 7.1, 20,     6,     5, 0.0000, 0.0000
M5,04/07/23,18:00:30,    20, 11948,   433, 1002.7, 300,20.2,26.4, 0.0,  0, 0.0000,     0,19.9,20.6, 7.1, 20,     6,     6, 0.0000, 0.0000
M5,04/07/23,18:00:31,    20, 11949,   433, 1002.7, 300,20.2,26.4, 0.0,  0, 0.0000,     0,19.9,20.6, 7.1, 20,     7,     7, 0.0000, 0.0000
M5,04/07/23,18:00:32,    20, 11950,   434, 1002.7, 300,20.2,26.4, 0.0,  0, 0.0000,     0,19.9,20.6, 7.1, 20,     7,     8, 0.0000, 0.0000
M5,04/07/23,18:00:34,    20, 11951,   434, 1002.7, 300,20.2,26.4, 0.0,  0, 0.0000,     0,19.9,20.6, 7.1, 20,     8,     9, 0.0000, 0.0000
M5,04/07/23,18:00:35,    20, 11952,   435, 1002.7, 300,20.2,26.4, 0.0,  0, 0.0000,     0,19.9,20.6, 7.1, 25,     8,    10, 0.0000, 0.0000
M5,04/07/23,18:00:36,    20, 11953,   435, 1002.7, 300,20.2,26.4, 0.0,  0, 0.0000,     0,19.9,20.6, 7.1, 25,     8,    11, 0.0000, 0.0000
M5,04/07/23,18:00:37,    20, 11954,   435, 1002.7, 300,20.2,26.4, 0.0,  0, 0.0000,     0,19.9,20.6, 7.1, 25,     9,    12, 0.0000, 0.0000
M5,04/07/23,18:00:38,    20, 11955,   436, 1002.7, 300,20.2,26.4, 0.0,  0, 0.0000,     0,19.9,20.6, 7.1, 25,     9,    13, 0.4163, 0.5641
M5,04/07/23,18:00:39,    20, 11956,   436, 1002.7, 300,20.3,26.4, 0.0,  0, 0.0000,     0,19.9,20.6, 7.1, 25,     9,    14, 0.4033, 0.5084
M5,04/07/23,18:00:40,    20, 11957,   436, 1002.7, 300,20.3,26.4, 0.0,  0, 0.0000,     0,19.9,20.7, 7.1, 25,    10,    15, 0.4252, 0.4025
M5,04/07/23,18:00:41,    20, 11958,   437, 1002.7, 300,20.3,26.4, 0.0,  0, 0.0000,     0,19.9,20.7, 7.1, 25,    10,    16, 0.4510, 0.3498
M5,04/07/23,18:00:42,    20, 11959,   437, 1002.7, 300,20.3,26.4, 0.0,  0, 0.0000,     0,19.9,20.7, 7.1, 25,    11,    17, 0.4573, 0.3745
M5,04/07/23,18:00:43,    20, 11960,   437, 1002.7, 300,20.3,26.4, 0.0,  0, 0.0000,     0,19.9,20.7, 7.1, 25,    11,    18, 0.4553, 0.4094
M5,04/07/23,18:00:44,    20, 11961,   438, 1002.7, 300,20.3,26.4, 0.0,  0, 0.0000,     0,19.9,20.7, 7.1, 25,    12,    19, 0.4638, 0.4078
M5,04/07/23,18:00:45,    20, 11962,   439, 1002.7, 300,20.3,26.4, 0.0,  0, 0.0000,     0,19.9,20.7, 7.1, 25,    12,    20, 0.4823, 0.3713
M5,04/07/23,18:00:46,    20, 11963,   439, 1002.7, 300,20.3,26.4, 0.0,  0, 0.0000,     0,19.9,20.7, 7.1, 25,    13,    21, 0.4988, 0.3601
M5,04/07/23,18:00:47,    20, 11964,   440, 1002.7, 300,20.3,26.4, 0.0, 21, 0.0000,     0,19.9,20.7, 7.1, 25,    13,    22, 0.5176, 0.3400
M5,04/07/23,18:00:48,    20, 11965,   440, 1002.7, 300,20.3,26.4, 0.0, 21, 0.0000,     0,19.9,20.7, 7.1, 25,    14,    23, 0.5382, 0.3245
M5,04/07/23,18:00:49,    20, 11966,   441, 1002.7, 300,20.3,26.4, 0.0, 21, 0.0000,     0,19.9,20.7, 7.1, 25,    14,    24, 0.5474, 0.3453
M5,04/07/23,18:00:50,    20, 11967,   441, 1002.7, 300,20.4,26.4, 0.0,  0, 0.0000,     0,19.9,20.7, 7.1, 25,    14,    25, 0.5419, 0.4085
M5,04/07/23,18:00:51,    20, 11968,   441, 1002.7, 300,20.4,26.4, 0.0,  0, 0.0000,     0,19.9,20.7, 7.6, 25,    15,    26, 0.5311, 0.4703
M5,04/07/23,18:00:52,    20, 11969,   441, 1002.7, 300,20.4,26.4, 0.0,  0, 0.0000,     0,19.9,20.7, 7.6, 25,    15,    27, 0.5143, 0.5362
M5,04/07/23,18:00:53,    20, 11970,   441, 1002.7, 300,20.4,26.4, 0.0,  0, 0.0000,     0,19.9,20.7, 7.6, 25,    15,    28, 0.5007, 0.5768
M5,04/07/23,18:00:54,    20, 11971,   442, 1002.7, 300,20.4,26.4, 0.0,  0, 0.0000,     0,19.9,20.7, 7.6, 25,    16,    29, 0.4948, 0.5814
M5,04/07/23,18:00:55,    20, 11972,   443, 1002.7, 300,20.4,26.3, 0.0,  0, 0.0000,     0,19.9,20.7, 7.6, 25,    16,    30, 0.4971, 0.5584
M5,04/07/23,18:00:56,    20, 11973,   443, 1002.7, 300,20.4,26.3, 0.0,  0, 0.0000,     0,19.9,20.7, 7.6, 25,    17,    31, 0.4999, 0.5378
M5,04/07/23,18:00:57,    20, 11974,   444, 1002.7, 300,20.4,26.3, 0.0,  0, 0.0000,     0,19.9,20.7, 7.6, 25,    17,    32, 0.5042, 0.5212
M5,04/07/23,18:00:58,    20, 11975,   444, 1002.7, 300,20.4,26.3, 0.0,  0, 0.0000,     0,19.9,20.7, 7.6, 25,    18,    33, 0.5056, 0.5130
M5,04/07/23,18:00:59,    20, 11976,   445, 1002.7, 300,20.4,26.3, 0.0,  0, 0.0000,     0,19.9,20.7, 7.6, 25,    18,    34, 0.5075, 0.5044
M5,04/07/23,18:01:00,    20, 11977,   445, 1002.7, 300,20.4,26.3, 0.0,  0, 0.0000,     0,19.9,20.7, 7.6, 25,    19,    35, 0.5080, 0.5020
M5,04/07/23,18:01:01,    20, 11978,   445, 1002.7, 300,20.4,26.3, 0.0,  0, 0.0000,     0,19.9,20.7, 7.6, 25,    19,    36, 0.5092, 0.4980
M5,04/07/23,18:01:02,    20, 11979,   446, 1002.7, 300,20.4,26.3, 0.0,  0, 0.0000,     0,19.9,20.7, 7.6, 25,    20,    37, 0.5115, 0.4938
M5,04/07/23,18:01:03,    20, 11980,   446, 1002.7, 300,20.4,26.3, 0.0,  0, 0.0000,     0,19.9,20.7, 7.6, 25,    20,    38, 0.5116, 0.4949
M5,04/07/23,18:01:04,    20, 11981,   447, 1002.7, 300,20.5,26.3, 0.0,  0, 0.0000,     0,19.9,20.7, 7.6, 25,    20,    39, 0.5112, 0.4986
M5,04/07/23,18:01:05,    20, 11982,   447, 1002.7, 300,20.5,26.3, 0.0,  0, 0.0000,     0,19.9,20.7, 7.6, 25,    21,    40, 0.5100, 0.5036
M5,04/07/23,18:01:06,    20, 11983,   447, 1002.7, 300,20.5,26.3, 0.0,  0, 0.0000,     0,19.9,20.7, 7.6, 25,    21,    41, 0.5096, 0.5054
M5,04/07/23,18:01:07,    20, 11984,   448, 1002.7, 300,20.5,26.3, 0.0,  0, 0.0000,     0,19.9,20.7, 7.6, 25,    22,    42, 0.5098, 0.5050
M5,04/07/23,18:01:08,    20, 11985,   448, 1002.7, 300,20.5,26.3, 0.0,  0, 0.0000,     0,19.9,20.7, 7.6, 25,    22,    43, 0.5084, 0.5103
M5,04/07/23,18:01:09,    20, 11986,   448, 1002.7, 300,20.5,26.3, 0.0,  0, 0.0000,     0,19.9,20.7, 7.6, 25,    22,    44, 0.5074, 0.5166
M5,04/07/23,18:01:10,    20, 11987,   449, 1002.7, 300,20.5,26.3, 0.0,  0, 0.0000,     0,19.9,20.7, 7.6, 25,    23,    45, 0.5063, 0.5188
M5,04/07/23,18:01:11,    20, 11988,   450, 1002.7, 300,20.5,26.3, 0.0,  0, 0.0000,     0,19.9,20.7, 7.6, 25,    23,    46, 0.5064, 0.5155
M5,04/07/23,18:01:12,    20, 11989,   450, 1002.7, 300,20.5,26.3, 0.0,  0, 0.0000,     0,19.9,20.7, 7.6, 25,    24,    47, 0.5071, 0.5115
M5,04/07/23,18:01:13,    20, 11990,   450, 1002.7, 300,20.5,26.3, 0.0,  0, 0.0000,     0,19.9,20.7, 7.6, 25,    24,    48, 0.5079, 0.5106
M5,04/07/23,18:01:14,    20, 11991,   451, 1002.7, 300,20.5,26.3, 0.0,  0, 0.0000,     0,19.9,20.7, 7.6, 25,    24,    49, 0.5077, 0.5107
M5,04/07/23,18:01:15,    20, 11992,   451, 1002.7, 300,20.5,26.3, 0.0,  0, 0.0000,     0,19.9,20.7, 7.6, 25,    25,    50, 0.5078, 0.5095
M5,04/07/23,18:01:16,    20, 11993,   452, 1002.7, 300,20.5,26.3, 0.0,  0, 0.0000,     0,19.9,20.7, 7.6, 25,    26,    51, 0.5088, 0.5049
M5,04/07/23,18:01:17,    20, 11994,   452, 1002.7, 300,20.5,26.3, 0.0,  0, 0.0000,     0,19.9,20.7, 7.6, 25,    26,    52, 0.5100, 0.5004
M5,04/07/23,18:01:18,    20, 11995,   453, 1002.7, 300,20.6,26.3, 0.0,  0, 0.0000,     0,19.9,20.7, 7.6, 25,    27,    53, 0.5122, 0.4941
M5,04/07/23,18:01:19,    20, 11996,   453, 1002.7, 300,20.6,26.3, 0.0,  0, 0.0000,     0,19.9,20.7, 7.6, 25,    27,    54, 0.5135, 0.4902
M5,04/07/23,18:01:20,    20, 11997,   454, 1002.7, 300,20.6,26.3, 0.0,  0, 0.0000,     0,19.9,20.7, 7.6, 25,    28,    55, 0.5154, 0.4868
M5,04/07/23,18:01:21,    20, 11998,   455, 1002.7, 300,20.6,26.3, 0.0,  0, 0.0000,     0,19.9,20.7, 7.6, 25,    28,    56, 0.5169, 0.4831
M5,04/07/23,18:01:22,    20, 11999,   455, 1002.7, 300,20.6,26.3, 0.0,  0, 0.0000,     0,19.9,20.7, 7.6, 25,    28,    57, 0.5174, 0.4834
M5,04/07/23,18:01:23,    20, 12000,   455, 1002.7, 300,20.6,26.3, 0.0,  0, 0.0000,     0,19.9,20.7, 7.6, 25,    29,    58, 0.5172, 0.4850
M5,04/07/23,18:01:24,    20, 12001,   455, 1002.7, 300,20.6,26.3, 0.0,  0, 0.0000,     0,19.9,20.7, 7.6, 25,    29,    59, 0.5170, 0.4878
M5,04/07/23,18:01:25,    20, 12002,   456, 1002.7, 300,20.6,26.3, 0.0,  0, 0.0000,     0,19.9,20.7, 7.6, 25,    29,    60, 0.5170, 0.4915
R5,04/07/23,18:01:25,    20, 12002,   456, 1002.7, 300,20.6,26.3, 0.0,  0, 0.0000,     0,19.9,20.7, 7.6, 25,    29,    60, 0.5170, 0.4915
End
Start
M5,04/07/23,18:02:20,    20, 12057,   430, 1002.7, 300,20.2,26.1, 0.0,  0, 0.0000,     0,19.7,20.6, 7.3, 20,     2,     1, 0.0000, 0.0000
M5,04/07/23,18:02:21,    20, 12058,   431, 1002.7, 300,20.2,26.1, 0.0,  0, 0.0000,     0,19.7,20.6, 7.3, 20,     4,     2, 0.0000, 0.0000
M5,04/07/23,18:02:22,    20, 12059,   432, 1002.7, 300,20.2,26.1, 0.0,  0, 0.0000,     0,19.7,20.6, 7.3, 20,     5,     3, 0.0000, 0.0000
M5,04/07/23,18:02:23,    20, 12060,   433, 1002.7, 300,20.2,26.1, 0.0,  0, 0.0000,     0,19.7,20.6, 7.3, 20,     5,     4, 0.0000, 0.0000
M5,04/07/23,18:02:24,    20, 12061,   434, 1002.7, 300,20.2,26.1, 0.0,  0, 0.0000,     0,19.7,20.6, 7.3, 20,     6,     5, 0.0000, 0.0000
M5,04/07/23,18:02:25,    20, 12062,   434, 1002.7, 300,20.2,26.1, 0.0,  0, 0.0000,     0,19.7,20.6, 7.3, 20,     6,     6, 0.0000, 0.0000
M5,04/07/23,18:02:26,    20, 12063,   434, 1002.7, 300,20.2,26.1, 0.0,  0, 0.0000,     0,19.7,20.6, 7.3, 20,     7,     7, 0.0000, 0.0000
M5,04/07/23,18:02:27,    20, 12064,   435, 1002.7, 300,20.2,26.1, 0.0,  0, 0.0000,     0,19.7,20.6, 7.3, 20,     7,     8, 0.0000, 0.0000
M5,04/07/23,18:02:28,    20, 12065,   435, 1002.7, 300,20.2,26.1, 0.0,  0, 0.0000,     0,19.7,20.6, 7.3, 20,     8,     9, 0.0000, 0.0000
M5,04/07/23,18:02:29,    20, 12066,   436, 1002.7, 300,20.3,26.1, 0.0,  0, 0.0000,     0,19.7,20.6, 7.3, 25,     8,    10, 0.0000, 0.0000
M5,04/07/23,18:02:30,    20, 12067,   436, 1002.7, 300,20.3,26.1, 0.0,  0, 0.0000,     0,19.7,20.7, 7.3, 25,     9,    11, 0.0000, 0.0000
M5,04/07/23,18:02:31,    20, 12068,   436, 1002.7, 300,20.3,26.1, 0.0,  0, 0.0000,     0,19.7,20.7, 7.3, 25,     9,    12, 0.0000, 0.0000
M5,04/07/23,18:02:32,    20, 12069,   436, 1002.7, 300,20.3,26.0, 0.0,  0, 0.0000,     0,19.7,20.7, 7.3, 25,     9,    13, 0.2418, 0.2411
M5,04/07/23,18:02:33,    20, 12070,   437, 1002.7, 300,20.3,26.0, 0.0, 21, 0.0000,     0,19.7,20.7, 7.3, 25,    10,    14, 0.3989,-0.0500
M5,04/07/23,18:02:34,    20, 12071,   438, 1002.7, 300,20.3,26.1, 0.0, 21, 0.0000,     0,19.7,20.7, 7.3, 25,    10,    15, 0.4751, 0.0377
M5,04/07/23,18:02:35,    20, 12072,   438, 1002.7, 300,20.3,26.1, 0.0, 21, 0.0000,     0,19.7,20.7, 7.3, 25,    11,    16, 0.4925, 0.1996
M5,04/07/23,18:02:36,    20, 12073,   438, 1002.7, 300,20.3,26.0, 0.0,  0, 0.0000,     0,19.7,20.7, 7.3, 25,    11,    17, 0.4740, 0.3624
M5,04/07/23,18:02:37,    20, 12074,   439, 1002.7, 300,20.3,26.0, 0.0,  0, 0.0000,     0,19.7,20.7, 7.3, 25,    11,    18, 0.4609, 0.4385
M5,04/07/23,18:02:38,    20, 12075,   439, 1002.7, 300,20.3,26.0, 0.0,  0, 0.0000,     0,19.7,20.7, 7.3, 25,    11,    19, 0.4507, 0.4738
M5,04/07/23,18:02:39,    20, 12076,   439, 1002.7, 300,20.3,26.0, 0.0,  0, 0.0000,     0,19.7,20.7, 7.3, 25,    12,    20, 0.4545, 0.4661
M5,04/07/23,18:02:40,    20, 12077,   440, 1002.7, 300,20.3,26.0, 0.0,  0, 0.0000,     0,19.7,20.7, 7.3, 25,    12,    21, 0.4532, 0.4653
M5,04/07/23,18:02:41,    20, 12078,   440, 1002.7, 300,20.3,26.0, 0.0,  0, 0.0000,     0,19.7,20.7, 7.3, 25,    13,    22, 0.4510, 0.4692
M5,04/07/23,18:02:42,    20, 12079,   441, 1002.7, 300,20.3,26.0, 0.0,  0, 0.0000,     0,19.7,20.7, 7.3, 25,    13,    23, 0.4535, 0.4558
M5,04/07/23,18:02:43,    20, 12080,   441, 1002.7, 300,20.3,26.0, 0.0,  0, 0.0000,     0,19.7,20.7, 7.3, 25,    14,    24, 0.4581, 0.4413
M5,04/07/23,18:02:44,    20, 12081,   442, 1002.7, 300,20.3,26.0, 0.0,  0, 0.0000,     0,19.7,20.7, 7.3, 25,    14,    25, 0.4640, 0.4255
M5,04/07/23,18:02:45,    20, 12082,   442, 1002.7, 300,20.4,26.0, 0.0,  0, 0.0000,     0,19.7,20.7, 7.3, 25,    15,    26, 0.4716, 0.4126
M5,04/07/23,18:02:46,    20, 12083,   442, 1002.7, 300,20.4,26.0, 0.0,  0, 0.0000,     0,19.7,20.7, 7.3, 25,    15,    27, 0.4750, 0.4128
M5,04/07/23,18:02:47,    20, 12084,   443, 1002.7, 300,20.4,26.0, 0.0,  0, 0.0000,     0,19.7,20.7, 7.3, 25,    15,    28, 0.4793, 0.4097
M5,04/07/23,18:02:48,    20, 12085,   443, 1002.7, 300,20.4,26.0, 0.0,  0, 0.0000,     0,19.7,20.8, 7.3, 25,    16,    29, 0.4819, 0.4157
M5,04/07/23,18:02:49,    20, 12086,   443, 1002.7, 300,20.4,26.0, 0.0,  0, 0.0000,     0,19.7,20.8, 7.3, 25,    16,    30, 0.4797, 0.4339
M5,04/07/23,18:02:50,    20, 12087,   444, 1002.7, 300,20.4,26.0, 0.0,  0, 0.0000,     0,19.7,20.8, 7.3, 25,    16,    31, 0.4778, 0.4505
M5,04/07/23,18:02:51,    20, 12088,   444, 1002.7, 300,20.4,26.0, 0.0,  0, 0.0000,     0,19.7,20.8, 7.3, 25,    17,    32, 0.4750, 0.4638
M5,04/07/23,18:02:52,    20, 12089,   444, 1002.7, 300,20.4,26.0, 0.0,  0, 0.0000,     0,19.7,20.8, 7.3, 25,    17,    33, 0.4722, 0.4751
M5,04/07/23,18:02:53,    20, 12090,   445, 1002.7, 300,20.4,26.0, 0.0,  0, 0.0000,     0,19.7,20.8, 7.3, 25,    17,    34, 0.4692, 0.4842
M5,04/07/23,18:02:54,    20, 12091,   445, 1002.7, 300,20.4,26.0, 0.0,  0, 0.0000,     0,19.7,20.8, 7.3, 25,    18,    35, 0.4663, 0.4916
M5,04/07/23,18:02:55,    20, 12092,   445, 1002.7, 300,20.5,26.0, 0.0,  0, 0.0000,     0,19.7,20.8, 7.3, 25,    18,    36, 0.4640, 0.4980
M5,04/07/23,18:02:56,    20, 12093,   446, 1002.7, 300,20.5,26.0, 0.0,  0, 0.0000,     0,19.7,20.8, 7.3, 25,    18,    37, 0.4627, 0.4973
M5,04/07/23,18:02:57,    20, 12094,   446, 1002.7, 300,20.4,26.0, 0.0,  0, 0.0000,     0,19.7,20.8, 7.3, 25,    19,    38, 0.4623, 0.4923
M5,04/07/23,18:02:58,    20, 12095,   447, 1002.7, 300,20.4,26.0, 0.0,  0, 0.0000,     0,19.7,20.8, 7.3, 25,    19,    39, 0.4618, 0.4897
M5,04/07/23,18:02:59,    20, 12096,   447, 1002.7, 300,20.5,26.0, 0.0,  0, 0.0000,     0,19.7,20.8, 7.3, 25,    20,    40, 0.4618, 0.4893
M5,04/07/23,18:03:00,    20, 12097,   447, 1002.7, 300,20.5,26.0, 0.0,  0, 0.0000,     0,19.7,20.8, 7.3, 25,    20,    41, 0.4597, 0.4930
M5,04/07/23,18:03:01,    20, 12098,   448, 1002.7, 300,20.5,26.0, 0.0,  0, 0.0000,     0,19.7,20.8, 7.3, 25,    20,    42, 0.4576, 0.4961
M5,04/07/23,18:03:02,    20, 12099,   448, 1002.7, 300,20.5,26.0, 0.0,  0, 0.0000,     0,19.7,20.8, 7.3, 25,    20,    43, 0.4559, 0.4989
M5,04/07/23,18:03:03,    20, 12100,   448, 1002.7, 300,20.5,26.0, 0.0,  0, 0.0000,     0,19.7,20.8, 7.3, 25,    21,    44, 0.4527, 0.5050
M5,04/07/23,18:03:04,    20, 12101,   449, 1002.7, 300,20.5,26.0, 0.0,  0, 0.0000,     0,19.7,20.8, 7.3, 25,    21,    45, 0.4508, 0.5063
M5,04/07/23,18:03:05,    20, 12102,   449, 1002.7, 300,20.5,26.0, 0.0,  0, 0.0000,     0,19.7,20.8, 7.3, 25,    22,    46, 0.4498, 0.5039
M5,04/07/23,18:03:06,    20, 12103,   450, 1002.7, 300,20.5,25.9, 0.0,  0, 0.0000,     0,19.7,20.8, 7.3, 25,    22,    47, 0.4498, 0.4992
M5,04/07/23,18:03:07,    20, 12104,   450, 1002.7, 300,20.5,25.9, 0.0,  0, 0.0000,     0,19.7,20.8, 7.3, 25,    23,    48, 0.4501, 0.4927
M5,04/07/23,18:03:08,    20, 12105,   450, 1002.7, 300,20.5,25.9, 0.0,  0, 0.0000,     0,19.7,20.8, 7.3, 25,    23,    49, 0.4504, 0.4877
M5,04/07/23,18:03:09,    20, 12106,   451, 1002.7, 299,20.5,25.9, 0.0,  0, 0.0000,     0,19.7,20.8, 7.3, 25,    23,    50, 0.4503, 0.4839
M5,04/07/23,18:03:10,    20, 12107,   451, 1002.7, 300,20.5,25.9, 0.0,  0, 0.0000,     0,19.7,20.8, 7.3, 25,    24,    51, 0.4501, 0.4811
M5,04/07/23,18:03:11,    20, 12108,   452, 1002.7, 300,20.6,25.9, 0.0,  0, 0.0000,     0,19.7,20.8, 7.3, 25,    24,    52, 0.4507, 0.4771
M5,04/07/23,18:03:12,    20, 12109,   452, 1002.7, 300,20.6,25.9, 0.0,  0, 0.0000,     0,19.7,20.8, 7.3, 25,    24,    53, 0.4508, 0.4739
M5,04/07/23,18:03:13,    20, 12110,   452, 1002.7, 300,20.6,25.9, 0.0,  0, 0.0000,     0,19.7,20.8, 7.3, 25,    25,    54, 0.4501, 0.4739
M5,04/07/23,18:03:14,    20, 12111,   453, 1002.7, 300,20.6,25.9, 0.0,  0, 0.0000,     0,19.7,20.8, 7.3, 25,    25,    55, 0.4500, 0.4721
M5,04/07/23,18:03:15,    20, 12112,   453, 1002.7, 300,20.6,25.9, 0.0,  0, 0.0000,     0,19.7,20.8, 7.3, 25,    25,    56, 0.4498, 0.4710
M5,04/07/23,18:03:16,    20, 12113,   453, 1002.7, 300,20.6,25.9, 0.0,  0, 0.0000,     0,19.7,20.8, 7.3, 25,    26,    57, 0.4499, 0.4684
M5,04/07/23,18:03:17,    20, 12114,   454, 1002.7, 299,20.6,25.9, 0.0,  0, 0.0000,     0,19.7,20.8, 7.3, 25,    26,    58, 0.4504, 0.4647
M5,04/07/23,18:03:18,    20, 12115,   454, 1002.7, 300,20.6,25.9, 0.0,  0, 0.0000,     0,19.7,20.8, 7.3, 25,    27,    59, 0.4510, 0.4622
M5,04/07/23,18:03:19,    20, 12116,   455, 1002.7, 300,20.6,25.9, 0.0,  0, 0.0000,     0,19.7,20.8, 7.3, 25,    27,    60, 0.4512, 0.4603
R5,04/07/23,18:03:19,    20, 12116,   455, 1002.7, 300,20.6,25.9, 0.0,  0, 0.0000,     0,19.7,20.8, 7.3, 25,    27,    60, 0.4512, 0.4603
End
Start
M5,04/07/23,18:04:07,    20, 12163,   422, 1002.7, 300,20.4,25.8, 0.0,  0, 0.0000,     0,19.5,20.6, 7.8, 20,     2,     1, 0.0000, 0.0000
M5,04/07/23,18:04:08,    20, 12164,   423, 1002.7, 300,20.4,25.8, 0.0,  0, 0.0000,     0,19.5,20.6, 7.8, 20,     3,     2, 0.0000, 0.0000
M5,04/07/23,18:04:09,    20, 12165,   424, 1002.7, 300,20.4,25.8, 0.0,  0, 0.0000,     0,19.5,20.6, 7.8, 20,     4,     3, 0.0000, 0.0000
M5,04/07/23,18:04:10,    20, 12166,   425, 1002.7, 300,20.4,25.8, 0.0,  0, 0.0000,     0,19.5,20.6, 7.8, 20,     5,     4, 0.0000, 0.0000
M5,04/07/23,18:04:11,    20, 12167,   425, 1002.7, 300,20.4,25.8, 0.0,  0, 0.0000,     0,19.5,20.6, 7.8, 20,     5,     5, 0.0000, 0.0000
M5,04/07/23,18:04:12,    20, 12168,   426, 1002.7, 300,20.4,25.8, 0.0,  0, 0.0000,     0,19.5,20.6, 7.8, 20,     6,     6, 0.0000, 0.0000
M5,04/07/23,18:04:13,    20, 12169,   426, 1002.7, 300,20.4,25.8, 0.0,  0, 0.0000,     0,19.5,20.6, 7.8, 20,     6,     7, 0.0000, 0.0000
M5,04/07/23,18:04:14,    20, 12170,   426, 1002.7, 300,20.3,25.8, 0.0,  0, 0.0000,     0,19.5,20.6, 7.8, 20,     7,     8, 0.0000, 0.0000
M5,04/07/23,18:04:15,    20, 12171,   427, 1002.7, 300,20.3,25.8, 0.0,  0, 0.0000,     0,19.5,20.6, 7.8, 20,     7,     9, 0.0000, 0.0000
M5,04/07/23,18:04:16,    20, 12172,   427, 1002.7, 300,20.3,25.8, 0.0,  0, 0.0000,     0,19.5,20.6, 7.8, 25,     7,    10, 0.0000, 0.0000
M5,04/07/23,18:04:17,    20, 12173,   428, 1002.7, 299,20.3,25.8, 0.0,  0, 0.0000,     0,19.5,20.6, 7.8, 25,     8,    11, 0.0000, 0.0000
M5,04/07/23,18:04:18,    20, 12174,   428, 1002.7, 300,20.3,25.8, 0.0,  0, 0.0000,     0,19.5,20.6, 7.8, 25,     8,    12, 0.0000, 0.0000
M5,04/07/23,18:04:19,    20, 12175,   428, 1002.7, 299,20.3,25.8, 0.0,  0, 0.0000,     0,19.5,20.6, 7.8, 25,     9,    13, 0.4498, 0.5972
M5,04/07/23,18:04:20,    20, 12176,   429, 1002.7, 299,20.3,25.8, 0.0,  0, 0.0000,     0,19.5,20.6, 7.6, 25,     9,    14, 0.4307, 0.5429
M5,04/07/23,18:04:21,    20, 12177,   429, 1002.7, 300,20.4,25.8, 0.0,  0, 0.0000,     0,19.5,20.6, 7.6, 25,     9,    15, 0.4237, 0.5057
M5,04/07/23,18:04:22,    20, 12178,   429, 1002.7, 300,20.4,25.8, 0.0,  0, 0.0000,     0,19.5,20.6, 7.6, 25,    10,    16, 0.4381, 0.4333
M5,04/07/23,18:04:23,    20, 12179,   430, 1002.7, 300,20.4,25.8, 0.0,  0, 0.0000,     0,19.5,20.6, 7.6, 25,    10,    17, 0.4576, 0.3890
M5,04/07/23,18:04:24,    20, 12180,   430, 1002.7, 301,20.4,25.8, 0.0,  0, 0.0000,     0,19.5,20.6, 7.6, 25,    11,    18, 0.4771, 0.3628
M5,04/07/23,18:04:25,    20, 12181,   431, 1002.7, 301,20.4,25.8, 0.0,  0, 0.0000,     0,19.5,20.6, 7.6, 25,    11,    19, 0.4944, 0.3583
M5,04/07/23,18:04:26,    20, 12182,   431, 1002.7, 300,20.4,25.8, 0.0, 21, 0.0000,     0,19.5,20.6, 7.6, 25,    12,    20, 0.5076, 0.3630
M5,04/07/23,18:04:27,    20, 12183,   432, 1002.7, 300,20.4,25.8, 0.0,  0, 0.0000,     0,19.5,20.6, 7.6, 25,    12,    21, 0.5108, 0.3951
M5,04/07/23,18:04:28,    20, 12184,   432, 1002.7, 300,20.4,25.7, 0.0,  0, 0.0000,     0,19.5,20.6, 7.6, 25,    13,    22, 0.5158, 0.4125
M5,04/07/23,18:04:29,    20, 12185,   433, 1002.7, 300,20.4,25.7, 0.0,  0, 0.0000,     0,19.5,20.6, 7.6, 25,    13,    23, 0.5209, 0.4226
M5,04/07/23,18:04:30,    20, 12186,   433, 1002.7, 300,20.4,25.7, 0.0,  0, 0.0000,     0,19.5,20.6, 7.6, 25,    14,    24, 0.5263, 0.4301
M5,04/07/23,18:04:31,    20, 12187,   434, 1002.7, 300,20.4,25.7, 0.0,  0, 0.0000,     0,19.5,20.6, 7.6, 25,    14,    25, 0.5312, 0.4359
M5,04/07/23,18:04:32,    20, 12188,   434, 1002.7, 300,20.4,25.7, 0.0,  0, 0.0000,     0,19.5,20.6, 7.6, 25,    15,    26, 0.5362, 0.4427
M5,04/07/23,18:04:33,    20, 12189,   435, 1002.7, 300,20.4,25.7, 0.0,  0, 0.0000,     0,19.5,20.6, 7.6, 25,    15,    27, 0.5402, 0.4481
M5,04/07/23,18:04:34,    20, 12190,   435, 1002.7, 300,20.4,25.7, 0.0,  0, 0.0000,     0,19.5,20.6, 7.6, 25,    15,    28, 0.5407, 0.4634
M5,04/07/23,18:04:35,    20, 12191,   436, 1002.7, 300,20.4,25.7, 0.0,  0, 0.0000,     0,19.5,20.6, 7.6, 25,    16,    29, 0.5421, 0.4734
M5,04/07/23,18:04:36,    20, 12192,   436, 1002.7, 300,20.4,25.7, 0.0,  0, 0.0000,     0,19.5,20.6, 7.6, 25,    16,    30, 0.5436, 0.4798
M5,04/07/23,18:04:37,    20, 12193,   436, 1002.7, 300,20.5,25.7, 0.0,  0, 0.0000,     0,19.5,20.7, 7.6, 25,    17,    31, 0.5413, 0.5001
M5,04/07/23,18:04:38,    20, 12194,   436, 1002.7, 300,20.5,25.7, 0.0,  0, 0.0000,     0,19.5,20.7, 7.6, 25,    17,    32, 0.5355, 0.5261
M5,04/07/23,18:04:39,    20, 12195,   437, 1002.7, 300,20.5,25.7, 0.0,  0, 0.0000,     0,19.5,20.7, 7.6, 25,    17,    33, 0.5317, 0.5407
M5,04/07/23,18:04:40,    20, 12196,   438, 1002.7, 300,20.5,25.7, 0.0,  0, 0.0000,     0,19.5,20.6, 7.6, 25,    18,    34, 0.5347, 0.5286
M5,04/07/23,18:04:41,    20, 12197,   439, 1002.7, 300,20.5,25.7, 0.0,  0, 0.0000,     0,19.5,20.6, 7.6, 25,    19,    35, 0.5410, 0.5073
M5,04/07/23,18:04:42,    20, 12198,   439, 1002.7, 300,20.5,25.7, 0.0,  0, 0.0000,     0,19.5,20.6, 7.8, 25,    19,    36, 0.5448, 0.4983
M5,04/07/23,18:04:43,    20, 12199,   439, 1002.7, 300,20.5,25.7, 0.0,  0, 0.0000,     0,19.5,20.6, 7.8, 25,    19,    37, 0.5453, 0.5024
M5,04/07/23,18:04:44,    20, 12200,   439, 1002.7, 300,20.5,25.7, 0.0,  0, 0.0000,     0,19.5,20.6, 7.8, 25,    20,    38, 0.5437, 0.5160
M5,04/07/23,18:04:45,    20, 12201,   440, 1002.7, 300,20.5,25.7, 0.0,  0, 0.0000,     0,19.5,20.6, 7.8, 25,    20,    39, 0.5396, 0.5334
M5,04/07/23,18:04:46,    20, 12202,   440, 1002.7, 300,20.5,25.7, 0.0,  0, 0.0000,     0,19.5,20.6, 7.8, 25,    20,    40, 0.5354, 0.5484
M5,04/07/23,18:04:47,    20, 12203,   440, 1002.7, 300,20.5,25.7, 0.0,  0, 0.0000,     0,19.5,20.6, 7.6, 25,    20,    41, 0.5312, 0.5616
M5,04/07/23,18:04:48,    20, 12204,   441, 1002.7, 300,20.5,25.7, 0.0,  0, 0.0000,     0,19.5,20.6, 7.6, 25,    21,    42, 0.5295, 0.5655
M5,04/07/23,18:04:49,    20, 12205,   441, 1002.7, 300,20.5,25.7, 0.0,  0, 0.0000,     0,19.5,20.6, 7.6, 25,    22,    43, 0.5281, 0.5662
M5,04/07/23,18:04:50,    20, 12206,   442, 1002.7, 300,20.5,25.7, 0.0,  0, 0.0000,     0,19.5,20.6, 7.6, 25,    22,    44, 0.5263, 0.5682
M5,04/07/23,18:04:51,    20, 12207,   442, 1002.7, 300,20.5,25.7, 0.0,  0, 0.0000,     0,19.5,20.6, 7.6, 25,    22,    45, 0.5255, 0.5682
M5,04/07/23,18:04:52,    20, 12208,   443, 1002.7, 300,20.5,25.7, 0.0,  0, 0.0000,     0,19.5,20.6, 7.6, 25,    23,    46, 0.5248, 0.5660
M5,04/07/23,18:04:53,    20, 12209,   443, 1002.7, 300,20.5,25.7, 0.0,  0, 0.0000,     0,19.5,20.6, 7.6, 25,    23,    47, 0.5236, 0.5655
M5,04/07/23,18:04:54,    20, 12210,   444, 1002.7, 300,20.5,25.7, 0.0,  0, 0.0000,     0,19.5,20.6, 7.6, 25,    24,    48, 0.5230, 0.5635
M5,04/07/23,18:04:55,    20, 12211,   444, 1002.7, 300,20.5,25.7, 0.0,  0, 0.0000,     0,19.5,20.6, 7.6, 25,    24,    49, 0.5221, 0.5632
M5,04/07/23,18:04:56,    20, 12212,   444, 1002.7, 300,20.5,25.7, 0.0,  0, 0.0000,     0,19.5,20.6, 7.6, 25,    24,    50, 0.5201, 0.5664
M5,04/07/23,18:04:57,    20, 12213,   444, 1002.7, 300,20.5,25.7, 0.0,  0, 0.0000,     0,19.5,20.6, 7.6, 25,    25,    51, 0.5179, 0.5697
M5,04/07/23,18:04:58,    20, 12214,   445, 1002.7, 300,20.6,25.7, 0.0,  0, 0.0000,     0,19.5,20.6, 7.6, 25,    25,    52, 0.5160, 0.5733
M5,04/07/23,18:04:59,    20, 12215,   445, 1002.7, 300,20.6,25.7, 0.0,  0, 0.0000,     0,19.5,20.6, 7.6, 25,    25,    53, 0.5142, 0.5742
M5,04/07/23,18:05:00,    20, 12216,   445, 1002.7, 300,20.6,25.6, 0.0,  0, 0.0000,     0,19.5,20.6, 7.6, 25,    26,    54, 0.5119, 0.5776
M5,04/07/23,18:05:01,    20, 12217,   446, 1002.7, 300,20.6,25.6, 0.0,  0, 0.0000,     0,19.5,20.6, 7.6, 25,    26,    55, 0.5090, 0.5828
M5,04/07/23,18:05:02,    20, 12218,   446, 1002.7, 300,20.6,25.7, 0.0,  0, 0.0000,     0,19.5,20.6, 7.6, 25,    26,    56, 0.5069, 0.5854
M5,04/07/23,18:05:03,    20, 12219,   446, 1002.7, 300,20.6,25.7, 0.0,  0, 0.0000,     0,19.5,20.6, 7.4, 25,    27,    57, 0.5045, 0.5875
M5,04/07/23,18:05:04,    20, 12220,   447, 1002.7, 300,20.6,25.6, 0.0,  0, 0.0000,     0,19.5,20.6, 7.4, 25,    27,    58, 0.5027, 0.5879
M5,04/07/23,18:05:05,    20, 12221,   447, 1002.7, 300,20.6,25.6, 0.0,  0, 0.0000,     0,19.5,20.6, 7.4, 25,    27,    59, 0.5007, 0.5882
M5,04/07/23,18:05:06,    20, 12222,   448, 1002.7, 300,20.6,25.6, 0.0,  0, 0.0000,     0,19.5,20.6, 7.4, 25,    28,    60, 0.4988, 0.5886
R5,04/07/23,18:05:06,    20, 12222,   448, 1002.7, 300,20.6,25.6, 0.0,  0, 0.0000,     0,19.5,20.6, 7.4, 25,    28,    60, 0.4988, 0.5886
End
Start
M5,04/07/23,18:07:51,    21, 12386,   551, 1002.8, 300,20.4,25.3, 0.0,  0, 0.0000,     0,19.3,20.6,10.2, 20,    -1,     1, 0.0000, 0.0000
M5,04/07/23,18:07:52,    21, 12387,   543, 1002.7, 300,20.4,25.3, 0.0,  0, 0.0000,     0,19.3,20.6,10.2, 20,    -9,     2, 0.0000, 0.0000
M5,04/07/23,18:07:53,    21, 12388,   537, 1002.7, 300,20.4,25.3, 0.0,  0, 0.0000,     0,19.3,20.6,10.2, 20,   -16,     3, 0.0000, 0.0000
M5,04/07/23,18:07:54,    21, 12389,   533, 1002.7, 299,20.4,25.3, 0.0,  0, 0.0000,     0,19.3,20.6,10.2, 20,   -19,     4, 0.0000, 0.0000
M5,04/07/23,18:07:55,    21, 12390,   533, 1002.7, 299,20.4,25.3, 0.0,  0, 0.0000,     0,19.3,20.7,10.2, 20,   -20,     5, 0.0000, 0.0000
M5,04/07/23,18:07:56,    21, 12391,   533, 1002.7, 299,20.4,25.3, 0.0,  0, 0.0000,     0,19.3,20.7,10.2, 20,   -19,     6, 0.0000, 0.0000
M5,04/07/23,18:07:57,    21, 12392,   535, 1002.7, 300,20.4,25.3, 0.0,  0, 0.0000,     0,19.3,20.7,10.2, 20,   -17,     7, 0.0000, 0.0000
M5,04/07/23,18:07:58,    21, 12393,   537, 1002.7, 299,20.4,25.3, 0.0,  0, 0.0000,     0,19.3,20.7,10.2, 20,   -15,     8, 0.0000, 0.0000
M5,04/07/23,18:07:59,    21, 12394,   539, 1002.7, 299,20.4,25.3, 0.0,  0, 0.0000,     0,19.3,20.7,10.2, 20,   -14,     9, 0.0000, 0.0000
M5,04/07/23,18:08:00,    21, 12395,   540, 1002.7, 300,20.4,25.2, 0.0,  0, 0.0000,     0,19.3,20.7,10.2, 25,   -12,    10, 0.0000, 0.0000
M5,04/07/23,18:08:01,    21, 12396,   542, 1002.7, 300,20.4,25.2, 0.0,  0, 0.0000,     0,19.3,20.7,10.2, 25,   -10,    11, 0.0000, 0.0000
M5,04/07/23,18:08:02,    21, 12397,   544, 1002.7, 300,20.4,25.2, 0.0,  0, 0.0000,     0,19.3,20.7,10.2, 25,    -8,    12, 0.0000, 0.0000
M5,04/07/23,18:08:03,    21, 12398,   546, 1002.7, 300,20.4,25.2, 0.0,  0, 0.0000,     0,19.3,20.7,10.2, 25,    -6,    13, 2.1436, 2.1508
M5,04/07/23,18:08:04,    21, 12399,   547, 1002.7, 300,20.4,25.2, 0.0,  0, 0.0000,     0,19.3,20.7,10.2, 25,    -5,    14, 2.1013, 2.2231
M5,04/07/23,18:08:05,    21, 12400,   549, 1002.7, 300,20.4,25.2, 0.0,  0, 0.0000,     0,19.5,20.7,10.2, 25,    -3,    15, 2.0683, 2.2295
M5,04/07/23,18:08:06,    21, 12401,   551, 1002.7, 300,20.4,25.2, 0.0,  0, 0.0000,     0,19.5,20.7,10.2, 25,    -2,    16, 2.0195, 2.2669
M5,04/07/23,18:08:07,    21, 12402,   552, 1002.7, 300,20.4,25.2, 0.0,  0, 0.0000,     0,19.5,20.7,10.2, 25,    -0,    17, 1.9937, 2.2306
M5,04/07/23,18:08:08,    21, 12403,   554, 1002.7, 300,20.4,25.2, 0.0,  0, 0.0000,     0,19.5,20.7,10.2, 25,     1,    18, 1.9780, 2.1816
M5,04/07/23,18:08:09,    21, 12404,   556, 1002.7, 300,20.5,25.2, 0.0,  0, 0.0000,     0,19.5,20.7,10.2, 25,     3,    19, 1.9823, 2.1069
M5,04/07/23,18:08:10,    21, 12405,   557, 1002.7, 300,20.5,25.2, 0.0,  0, 0.0000,     0,19.5,20.7,10.2, 25,     5,    20, 1.9918, 2.0390
M5,04/07/23,18:08:11,    21, 12406,   559, 1002.7, 300,20.5,25.2, 0.0,  0, 0.0000,     0,19.3,20.7,10.2, 25,     7,    21, 1.9957, 2.0120
M5,04/07/23,18:08:12,    21, 12407,   560, 1002.7, 300,20.5,25.2, 0.0,  0, 0.0000,     0,19.3,20.7,10.2, 25,     8,    22, 1.9901, 2.0251
M5,04/07/23,18:08:13,    21, 12408,   562, 1002.7, 300,20.5,25.2, 0.0,  0, 0.0000,     0,19.3,20.7,10.2, 25,    10,    23, 1.9792, 2.0487
M5,04/07/23,18:08:14,    21, 12409,   564, 1002.7, 300,20.5,25.2, 0.0,  0, 0.0000,     0,19.3,20.7,10.2, 25,    11,    24, 1.9730, 2.0562
M5,04/07/23,18:08:15,    21, 12410,   565, 1002.7, 300,20.5,25.2, 0.0,  0, 0.0000,     0,19.3,20.7,10.2, 25,    13,    25, 1.9675, 2.0532
M5,04/07/23,18:08:16,    21, 12411,   567, 1002.8, 300,20.5,25.2, 0.0,  0, 0.0000,     0,19.3,20.8,10.2, 25,    14,    26, 1.9599, 2.0614
M5,04/07/23,18:08:17,    21, 12412,   569, 1002.8, 300,20.5,25.2, 0.0,  0, 0.0000,     0,19.3,20.8,10.2, 25,    16,    27, 1.9580, 2.0460
M5,04/07/23,18:08:18,    21, 12413,   570, 1002.8, 300,20.5,25.2, 0.0,  0, 0.0000,     0,19.3,20.8,10.2, 25,    18,    28, 1.9602, 2.0205
M5,04/07/23,18:08:19,    21, 12414,   572, 1002.8, 300,20.5,25.2, 0.0,  0, 0.0000,     0,19.3,20.7,10.2, 25,    20,    29, 1.9592, 2.0132
M5,04/07/23,18:08:20,    21, 12415,   573, 1002.8, 300,20.5,25.2, 0.0,  0, 0.0000,     0,19.3,20.7,10.2, 25,    21,    30, 1.9556, 2.0150
M5,04/07/23,18:08:21,    21, 12416,   575, 1002.8, 300,20.5,25.2, 0.0,  0, 0.0000,     0,19.3,20.8,10.2, 25,    23,    31, 1.9540, 2.0135
M5,04/07/23,18:08:22,    21, 12417,   577, 1002.8, 300,20.5,25.2, 0.0,  0, 0.0000,     0,19.3,20.8,10.2, 25,    25,    32, 1.9547, 2.0005
M5,04/07/23,18:08:23,    21, 12418,   578, 1002.8, 300,20.6,25.2, 0.0,  0, 0.0000,     0,19.3,20.8,10.2, 25,    26,    33, 1.9564, 1.9906
M5,04/07/23,18:08:24,    21, 12419,   580, 1002.8, 300,20.6,25.2, 0.0,  0, 0.0000,     0,19.3,20.8,10.2, 25,    28,    34, 1.9573, 1.9815
M5,04/07/23,18:08:25,    21, 12420,   582, 1002.8, 300,20.6,25.2, 0.0,  0, 0.0000,     0,19.3,20.8,10.2, 25,    29,    35, 1.9577, 1.9756
M5,04/07/23,18:08:26,    21, 12421,   583, 1002.8, 300,20.6,25.2, 0.0,  0, 0.0000,     0,19.3,20.8,10.2, 25,    31,    36, 1.9567, 1.9765
M5,04/07/23,18:08:27,    21, 12422,   585, 1002.7, 300,20.6,25.2, 0.0,  0, 0.0000,     0,19.3,20.8,10.2, 25,    33,    37, 1.9561, 1.9750
M5,04/07/23,18:08:28,    21, 12423,   587, 1002.7, 299,20.6,25.2, 0.0,  0, 0.0000,     0,19.3,20.8,10.2, 25,    34,    38, 1.9560, 1.9726
M5,04/07/23,18:08:29,    21, 12424,   588, 1002.7, 300,20.6,25.2, 0.0,  0, 0.0000,     0,19.3,20.8,10.2, 25,    36,    39, 1.9576, 1.9645
M5,04/07/23,18:08:30,    21, 12425,   590, 1002.8, 300,20.6,25.2, 0.0,  0, 0.0000,     0,19.3,20.8,10.2, 25,    38,    40, 1.9601, 1.9588
M5,04/07/23,18:08:31,    21, 12426,   592, 1002.8, 301,20.6,25.2, 0.0,  0, 0.0000,     0,19.3,20.8,10.2, 25,    39,    41, 1.9602, 1.9580
M5,04/07/23,18:08:32,    21, 12427,   593, 1002.8, 301,20.6,25.2, 0.0,  0, 0.0000,     0,19.3,20.8,10.2, 25,    41,    42, 1.9597, 1.9612
M5,04/07/23,18:08:33,    21, 12428,   594, 1002.8, 300,20.6,25.2, 0.0,  0, 0.0000,     0,19.3,20.8,10.2, 25,    42,    43, 1.9558, 1.9744
M5,04/07/23,18:08:34,    21, 12429,   596, 1002.8, 300,20.6,25.2, 0.0,  0, 0.0000,     0,19.3,20.8,10.2, 25,    43,    44, 1.9517, 1.9864
M5,04/07/23,18:08:35,    21, 12430,   597, 1002.8, 300,20.7,25.2, 0.0,  0, 0.0000,     0,19.3,20.8,10.2, 25,    45,    45, 1.9478, 1.9979
M5,04/07/23,18:08:36,    21, 12431,   599, 1002.8, 300,20.7,25.2, 0.0,  0, 0.0000,     0,19.3,20.8,10.2, 25,    47,    46, 1.9444, 2.0043
M5,04/07/23,18:08:37,    21, 12432,   600, 1002.8, 300,20.7,25.2, 0.0,  0, 0.0000,     0,19.3,20.8,10.2, 25,    48,    47, 1.9404, 2.0139
M5,04/07/23,18:08:38,    21, 12433,   601, 1002.8, 300,20.7,25.2, 0.0,  0, 0.0000,     0,19.3,20.8,10.2, 25,    49,    48, 1.9352, 2.0249
M5,04/07/23,18:08:39,    21, 12434,   603, 1002.8, 300,20.7,25.2, 0.0,  0, 0.0000,     0,19.3,20.8,10.2, 25,    51,    49, 1.9307, 2.0344
R5,04/07/23,18:08:39,    21, 12434,   603, 1002.8, 300,20.7,25.2, 0.0,  0, 0.0000,     0,19.3,20.8,10.2, 25,    51,    49, 1.9307, 2.0344
End
Start
M5,04/07/23,18:09:24,    21, 12478,   439, 1002.8, 300,20.4,25.1, 0.0,  0, 0.0000,     0,19.3,20.5,10.4, 20,     7,     1, 0.0000, 0.0000
M5,04/07/23,18:09:25,    21, 12479,   445, 1002.8, 299,20.4,25.1, 0.0,  0, 0.0000,     0,19.3,20.5,10.4, 20,    12,     2, 0.0000, 0.0000
M5,04/07/23,18:09:26,    21, 12480,   449, 1002.8, 300,20.4,25.1, 0.0,  0, 0.0000,     0,19.5,20.5,10.0, 20,    16,     3, 0.0000, 0.0000
M5,04/07/23,18:09:27,    21, 12481,   452, 1002.8, 300,20.4,25.1, 0.0,  0, 0.0000,     0,19.5,20.6,10.0, 20,    19,     4, 0.0000, 0.0000
M5,04/07/23,18:09:28,    21, 12482,   454, 1002.8, 300,20.4,25.1, 0.0,  0, 0.0000,     0,19.5,20.6,10.0, 20,    22,     5, 0.0000, 0.0000
M5,04/07/23,18:09:29,    21, 12483,   456, 1002.8, 300,20.4,25.1, 0.0,  0, 0.0000,     0,19.5,20.6,10.0, 20,    24,     6, 0.0000, 0.0000
M5,04/07/23,18:09:30,    21, 12484,   458, 1002.8, 300,20.4,25.1, 0.0,  0, 0.0000,     0,19.5,20.6,10.0, 20,    25,     7, 0.0000, 0.0000
M5,04/07/23,18:09:31,    21, 12485,   460, 1002.8, 300,20.4,25.1, 0.0,  0, 0.0000,     0,19.3,20.6,10.2, 20,    27,     8, 0.0000, 0.0000
M5,04/07/23,18:09:32,    21, 12486,   462, 1002.8, 300,20.4,25.1, 0.0,  0, 0.0000,     0,19.3,20.6,10.2, 20,    29,     9, 0.0000, 0.0000
M5,04/07/23,18:09:33,    21, 12487,   464, 1002.8, 300,20.4,25.1, 0.0,  0, 0.0000,     0,19.3,20.7,10.2, 25,    31,    10, 0.0000, 0.0000
M5,04/07/23,18:09:34,    21, 12488,   465, 1002.8, 300,20.4,25.1, 0.0,  0, 0.0000,     0,19.3,20.7,10.2, 25,    33,    11, 0.0000, 0.0000
M5,04/07/23,18:09:35,    21, 12489,   467, 1002.8, 300,20.4,25.1, 0.0,  0, 0.0000,     0,19.3,20.7,10.2, 25,    35,    12, 0.0000, 0.0000
M5,04/07/23,18:09:36,    21, 12490,   469, 1002.8, 300,20.4,25.1, 0.0,  0, 0.0000,     0,19.3,20.7,10.2, 25,    36,    13, 2.1119, 2.4118
M5,04/07/23,18:09:37,    21, 12491,   471, 1002.8, 300,20.4,25.1, 0.0,  0, 0.0000,     0,19.3,20.7,10.4, 25,    38,    14, 2.0713, 2.2971
M5,04/07/23,18:09:38,    21, 12492,   472, 1002.8, 300,20.4,25.1, 0.0,  0, 0.0000,     0,19.3,20.7,10.4, 25,    40,    15, 2.0857, 2.1506
M5,04/07/23,18:09:39,    21, 12493,   474, 1002.8, 301,20.4,25.1, 0.0,  0, 0.0000,     0,19.3,20.7,10.4, 25,    42,    16, 2.1064, 2.0684
M5,04/07/23,18:09:40,    21, 12494,   476, 1002.8, 300,20.4,25.1, 0.0,  0, 0.0000,     0,19.3,20.7,10.4, 25,    43,    17, 2.1101, 2.0744
M5,04/07/23,18:09:41,    21, 12495,   478, 1002.8, 300,20.4,25.1, 0.0,  0, 0.0000,     0,19.3,20.7,10.4, 25,    45,    18, 2.1207, 2.0578
M5,04/07/23,18:09:42,    21, 12496,   480, 1002.8, 300,20.4,25.0, 0.0,  0, 0.0000,     0,19.3,20.8,10.2, 25,    47,    19, 2.1223, 2.0745
M5,04/07/23,18:09:43,    21, 12497,   481, 1002.8, 300,20.4,25.0, 0.0,  0, 0.0000,     0,19.3,20.8,10.2, 25,    48,    20, 2.1004, 2.1505
M5,04/07/23,18:09:44,    21, 12498,   483, 1002.8, 300,20.4,25.0, 0.0,  0, 0.0000,     0,19.3,20.8,10.2, 25,    50,    21, 2.0778, 2.2002
R5,04/07/23,18:09:44,    21, 12498,   483, 1002.8, 300,20.4,25.0, 0.0,  0, 0.0000,     0,19.3,20.8,10.2, 25,    50,    21, 2.0778, 2.2002
End
Start
M5,04/07/23,18:10:59,    21, 12573,   489, 1002.8, 300,20.5,24.9, 0.0,  0, 0.0000,     0,19.3,20.7,10.1, 20,     7,     1, 0.0000, 0.0000
M5,04/07/23,18:11:00,    21, 12574,   494, 1002.8, 300,20.5,24.9, 0.0,  0, 0.0000,     0,19.3,20.7,10.1, 20,    12,     2, 0.0000, 0.0000
M5,04/07/23,18:11:01,    21, 12575,   499, 1002.8, 300,20.5,24.9, 0.0,  0, 0.0000,     0,19.3,20.7,10.1, 20,    16,     3, 0.0000, 0.0000
M5,04/07/23,18:11:02,    21, 12576,   502, 1002.9, 300,20.5,24.9, 0.0,  0, 0.0000,     0,19.3,20.7,10.4, 20,    19,     4, 0.0000, 0.0000
M5,04/07/23,18:11:03,    21, 12577,   504, 1002.9, 299,20.6,24.9, 0.0,  0, 0.0000,     0,19.3,20.7,10.4, 20,    21,     5, 0.0000, 0.0000
M5,04/07/23,18:11:04,    21, 12578,   506, 1002.9, 300,20.6,24.9, 0.0,  0, 0.0000,     0,19.3,20.8,10.4, 20,    24,     6, 0.0000, 0.0000
M5,04/07/23,18:11:05,    21, 12579,   508, 1002.9, 300,20.6,24.9, 0.0,  0, 0.0000,     0,19.3,20.8,10.4, 20,    26,     7, 0.0000, 0.0000
M5,04/07/23,18:11:06,    21, 12580,   510, 1002.9, 300,20.6,24.9, 0.0,  0, 0.0000,     0,19.3,20.8,10.4, 20,    28,     8, 0.0000, 0.0000
M5,04/07/23,18:11:07,    21, 12581,   512, 1002.9, 300,20.6,24.9, 0.0,  0, 0.0000,     0,19.3,20.8,10.4, 20,    30,     9, 0.0000, 0.0000
M5,04/07/23,18:11:08,    21, 12582,   514, 1002.9, 300,20.6,24.9, 0.0,  0, 0.0000,     0,19.3,20.8,10.4, 25,    32,    10, 0.0000, 0.0000
M5,04/07/23,18:11:09,    21, 12583,   516, 1002.9, 300,20.6,24.9, 0.0,  0, 0.0000,     0,19.3,20.8,10.4, 25,    33,    11, 0.0000, 0.0000
M5,04/07/23,18:11:10,    21, 12584,   518, 1002.9, 300,20.6,24.9, 0.0,  0, 0.0000,     0,19.3,20.8,10.4, 25,    35,    12, 0.0000, 0.0000
M5,04/07/23,18:11:11,    21, 12585,   519, 1002.9, 301,20.6,24.9, 0.0,  0, 0.0000,     0,19.3,20.9,10.4, 25,    37,    13, 1.9815, 1.9779
M5,04/07/23,18:11:12,    21, 12586,   521, 1002.9, 301,20.7,24.9, 0.0,  0, 0.0000,     0,19.3,20.9,10.4, 25,    39,    14, 2.0053, 1.9404
M5,04/07/23,18:11:13,    21, 12587,   523, 1002.9, 300,20.7,24.9, 0.0,  0, 0.0000,     0,19.5,20.9,10.0, 25,    40,    15, 2.0567, 1.8620
M5,04/07/23,18:11:14,    21, 12588,   525, 1002.9, 300,20.7,24.9, 0.0,  0, 0.0000,     0,19.5,20.9,10.0, 25,    42,    16, 2.0831, 1.8942
M5,04/07/23,18:11:15,    21, 12589,   527, 1002.9, 300,20.7,24.9, 0.0,  0, 0.0000,     0,19.5,20.9,10.0, 25,    44,    17, 2.0962, 1.9372
M5,04/07/23,18:11:16,    21, 12590,   528, 1002.9, 300,20.7,24.9, 0.0,  0, 0.0000,     0,19.5,20.9,10.0, 25,    46,    18, 2.1039, 1.9742
M5,04/07/23,18:11:17,    21, 12591,   530, 1002.9, 300,20.7,24.9, 0.0,  0, 0.0000,     0,19.5,20.9,10.0, 25,    47,    19, 2.0987, 2.0363
M5,04/07/23,18:11:18,    21, 12592,   532, 1002.8, 299,20.7,24.9, 0.0,  0, 0.0000,     0,19.3,21.0,10.0, 25,    49,    20, 2.0872, 2.0862
M5,04/07/23,18:11:19,    21, 12593,   533, 1002.8, 300,20.7,24.9, 0.0,  0, 0.0000,     0,19.3,21.0,10.0, 25,    51,    21, 2.0846, 2.1017
R5,04/07/23,18:11:19,    21, 12593,   533, 1002.8, 300,20.7,24.9, 0.0,  0, 0.0000,     0,19.3,21.0,10.0, 25,    51,    21, 2.0846, 2.1017
End
Start
M5,04/07/23,18:12:06,    21, 12639,   466, 1002.9, 300,20.6,24.8, 0.0,  0, 0.0000,     0,19.3,20.9,10.4, 20,    11,     1, 0.0000, 0.0000
M5,04/07/23,18:12:07,    21, 12640,   474, 1002.9, 300,20.6,24.8, 0.0,  0, 0.0000,     0,19.3,21.0,10.4, 20,    19,     2, 0.0000, 0.0000
M5,04/07/23,18:12:08,    21, 12641,   480, 1002.9, 300,20.6,24.8, 0.0,  0, 0.0000,     0,19.3,21.0,10.4, 20,    25,     3, 0.0000, 0.0000
M5,04/07/23,18:12:09,    21, 12642,   485, 1002.9, 299,20.6,24.8, 0.0,  0, 0.0000,     0,19.3,21.0,10.4, 20,    30,     4, 0.0000, 0.0000
M5,04/07/23,18:12:10,    21, 12643,   488, 1002.9, 300,20.6,24.8, 0.0,  0, 0.0000,     0,19.3,21.0,10.4, 20,    33,     5, 0.0000, 0.0000
M5,04/07/23,18:12:11,    21, 12644,   491, 1002.8, 300,20.5,24.8, 0.0,  0, 0.0000,     0,19.3,21.0,10.4, 20,    36,     6, 0.0000, 0.0000
M5,04/07/23,18:12:12,    21, 12645,   493, 1002.8, 300,20.5,24.8, 0.0,  0, 0.0000,     0,19.5,21.0,10.4, 20,    38,     7, 0.0000, 0.0000
M5,04/07/23,18:12:13,    21, 12646,   495, 1002.8, 300,20.5,24.8, 0.0,  0, 0.0000,     0,19.5,21.1,10.4, 20,    40,     8, 0.0000, 0.0000
M5,04/07/23,18:12:14,    21, 12647,   497, 1002.8, 300,20.5,24.8, 0.0,  0, 0.0000,     0,19.5,21.1,10.4, 20,    42,     9, 0.0000, 0.0000
M5,04/07/23,18:12:15,    21, 12648,   499, 1002.8, 300,20.6,24.8, 0.0,  0, 0.0000,     0,19.5,21.1,10.4, 25,    44,    10, 0.0000, 0.0000
M5,04/07/23,18:12:16,    21, 12649,   501, 1002.8, 300,20.6,24.8, 0.0,  0, 0.0000,     0,19.5,21.1,10.4, 25,    47,    11, 0.0000, 0.0000
M5,04/07/23,18:12:17,    21, 12650,   503, 1002.8, 300,20.6,24.8, 0.0,  0, 0.0000,     0,19.5,21.1,10.4, 25,    48,    12, 0.0000, 0.0000
M5,04/07/23,18:12:18,    21, 12651,   505, 1002.9, 300,20.6,24.8, 0.0,  0, 0.0000,     0,19.3,21.1,10.4, 25,    50,    13, 2.3415, 2.5025
R5,04/07/23,18:12:18,    21, 12651,   505, 1002.9, 300,20.6,24.8, 0.0,  0, 0.0000,     0,19.3,21.1,10.4, 25,    50,    13, 2.3415, 2.5025
End
