Tag(M3),Date,Time,Plot_No,Rec_No,CO2,Pressure,Flow,H2O,Tsen,O2,Error,Aux_V,PAR,Tsoil,Tair,Msoil
Zero
Start
M5,01/07/23,18:17:39,    10,  8079,   413, 1008.8, 300,21.0,27.3, 0.0,  0, 0.0000,     0,24.7,26.4,12.0, 20,     1,     1, 0.0000, 0.0000
M5,01/07/23,18:17:40,    10,  8080,   414, 1008.8, 299,20.9,27.3, 0.0,  0, 0.0000,     0,24.7,26.5,12.0, 20,     2,     2, 0.0000, 0.0000
M5,01/07/23,18:17:41,    10,  8081,   414, 1008.8, 300,20.9,27.3, 0.0,  0, 0.0000,     0,24.7,26.5,12.2, 20,     2,     3, 0.0000, 0.0000
M5,01/07/23,18:17:42,    10,  8082,   414, 1008.8, 300,20.9,27.3, 0.0,  0, 0.0000,     0,24.7,26.5,12.2, 20,     2,     4, 0.0000, 0.0000
M5,01/07/23,18:17:43,    10,  8083,   415, 1008.8, 300,20.9,27.3, 0.0,  0, 0.0000,     0,24.7,26.5,12.2, 20,     3,     5, 0.0000, 0.0000
M5,01/07/23,18:17:44,    10,  8084,   415, 1008.8, 300,20.8,27.3, 0.0,  0, 0.0000,     0,24.7,26.5,12.2, 20,     3,     6, 0.0000, 0.0000
M5,01/07/23,18:17:45,    10,  8085,   416, 1008.8, 300,20.8,27.3, 0.0,  0, 0.0000,     0,24.7,26.6,12.2, 20,     3,     7, 0.0000, 0.0000
M5,01/07/23,18:17:46,    10,  8086,   416, 1008.8, 301,20.8,27.3, 0.0,  0, 0.0000,     0,24.7,26.6,12.2, 20,     4,     8, 0.0000, 0.0000
M5,01/07/23,18:17:47,    10,  8087,   416, 1008.8, 300,20.8,27.3, 0.0,  0, 0.0000,     0,24.7,26.6,12.2, 20,     4,     9, 0.0000, 0.0000
M5,01/07/23,18:17:48,    10,  8088,   416, 1008.8, 300,20.8,27.3, 0.0,  0, 0.0000,     0,24.7,26.6,12.2, 25,     4,    10, 0.0000, 0.0000
M5,01/07/23,18:17:49,    10,  8089,   416, 1008.8, 300,20.8,27.3, 0.0,  0, 0.0000,     0,24.7,26.6,12.2, 25,     4,    11, 0.0000, 0.0000
M5,01/07/23,18:17:50,    10,  8090,   417, 1008.8, 300,20.8,27.3, 0.0,  0, 0.0000,     0,24.7,26.6,12.2, 25,     5,    12, 0.0000, 0.0000
M5,01/07/23,18:17:51,    10,  8091,   417, 1008.8, 300,20.8,27.3, 0.0,  0, 0.0000,     0,24.7,26.7,12.2, 25,     5,    13, 0.5552, 0.3995
M5,01/07/23,18:17:52,    10,  8092,   418, 1008.8, 300,20.8,27.3, 0.0,  0, 0.0000,     0,24.7,26.7,12.2, 25,     5,    14, 0.4947, 0.6110
M5,01/07/23,18:17:53,    10,  8093,   418, 1008.8, 300,20.8,27.3, 0.0,  0, 0.0000,     0,24.7,26.7,12.2, 25,     6,    15, 0.4662, 0.6117
M5,01/07/23,18:17:54,    10,  8094,   418, 1008.8, 300,20.8,27.3, 0.0,  0, 0.0000,     0,24.7,26.7,12.2, 25,     6,    16, 0.4534, 0.5789
M5,01/07/23,18:17:55,    10,  8095,   419, 1008.8, 300,20.8,27.3, 0.0,  0, 0.0000,     0,24.7,26.7,12.2, 25,     7,    17, 0.4619, 0.5055
M5,01/07/23,18:17:56,    10,  8096,   419, 1008.8, 300,20.8,27.3, 0.0,  0, 0.0000,     0,24.7,26.7,12.2, 25,     7,    18, 0.4769, 0.4498
M5,01/07/23,18:17:57,    10,  8097,   419, 1008.8, 300,20.8,27.3, 0.0,  0, 0.0000,     0,24.7,26.7,12.2, 25,     7,    19, 0.4814, 0.4471
M5,01/07/23,18:17:58,    10,  8098,   420, 1008.8, 300,20.8,27.3, 0.0,  0, 0.0000,     0,24.7,26.7,12.2, 25,     8,    20, 0.4809, 0.4594
M5,01/07/23,18:17:59,    10,  8099,   420, 1008.8, 300,20.8,27.3, 0.0,  0, 0.0000,     0,24.7,26.7,12.2, 25,     8,    21, 0.4943, 0.4266
M5,01/07/23,18:18:00,    10,  8100,   421, 1008.8, 300,20.8,27.3, 0.0, 21, 0.0000,     0,24.7,26.7,12.2, 25,     9,    22, 0.5290, 0.3412
M5,01/07/23,18:18:01,    10,  8101,   422, 1008.8, 300,20.8,27.3, 0.0, 21, 0.0000,     0,24.7,26.8,12.2, 25,    10,    23, 0.5656, 0.2771
M5,01/07/23,18:18:02,    10,  8102,   423, 1008.8, 300,20.8,27.3, 0.0, 21, 0.0000,     0,24.7,26.8,11.8, 25,    11,    24, 0.6014, 0.2345
M5,01/07/23,18:18:03,    10,  8103,   424, 1008.8, 300,20.8,27.3, 0.0, 21, 0.0000,     0,24.7,26.8,11.8, 25,    12,    25, 0.6362, 0.2112
M5,01/07/23,18:18:04,    10,  8104,   425, 1008.8, 300,20.8,27.3, 0.0, 21, 0.0000,     0,24.7,26.8,11.8, 25,    12,    26, 0.6634, 0.2146
M5,01/07/23,18:18:05,    10,  8105,   425, 1008.8, 299,20.8,27.3, 0.0, 21, 0.0000,     0,24.7,26.8,11.8, 25,    13,    27, 0.6813, 0.2458
M5,01/07/23,18:18:06,    10,  8106,   425, 1008.8, 300,20.8,27.3, 0.0, 21, 0.0000,     0,24.7,26.8,11.8, 25,    13,    28, 0.6903, 0.3004
M5,01/07/23,18:18:07,    10,  8107,   426, 1008.8, 300,20.8,27.4, 0.0, 21, 0.0000,     0,24.7,26.8,11.8, 25,    14,    29, 0.6936, 0.3640
M5,01/07/23,18:18:08,    10,  8108,   426, 1008.8, 300,20.8,27.4, 0.0, 21, 0.0000,     0,24.7,26.8,12.2, 25,    14,    30, 0.6948, 0.4181
M5,01/07/23,18:18:09,    10,  8109,   427, 1008.8, 300,20.8,27.4, 0.0, 21, 0.0000,     0,24.7,26.8,12.2, 25,    14,    31, 0.6924, 0.4726
M5,01/07/23,18:18:10,    10,  8110,   427, 1008.8, 300,20.8,27.4, 0.0,  0, 0.0000,     0,24.7,26.8,12.2, 25,    15,    32, 0.6902, 0.5168
M5,01/07/23,18:18:11,    10,  8111,   427, 1008.8, 300,20.8,27.4, 0.0,  0, 0.0000,     0,24.7,26.8,12.2, 25,    15,    33, 0.6856, 0.5593
M5,01/07/23,18:18:12,    10,  8112,   428, 1008.8, 299,20.8,27.4, 0.0,  0, 0.0000,     0,24.7,26.8,12.2, 25,    16,    34, 0.6795, 0.5988
M5,01/07/23,18:18:13,    10,  8113,   428, 1008.8, 300,20.8,27.4, 0.0,  0, 0.0000,     0,24.9,26.8,11.8, 25,    16,    35, 0.6708, 0.6406
M5,01/07/23,18:18:14,    10,  8114,   428, 1008.8, 300,20.9,27.4, 0.0,  0, 0.0000,     0,24.9,26.9,11.8, 25,    16,    36, 0.6604, 0.6817
M5,01/07/23,18:18:15,    10,  8115,   428, 1008.8, 300,20.9,27.4, 0.0,  0, 0.0000,     0,24.9,26.9,11.8, 25,    16,    37, 0.6487, 0.7196
M5,01/07/23,18:18:16,    10,  8116,   429, 1008.8, 300,20.9,27.4, 0.0,  0, 0.0000,     0,24.9,26.9,11.8, 25,    16,    38, 0.6376, 0.7489
M5,01/07/23,18:18:17,    10,  8117,   429, 1008.8, 300,20.9,27.4, 0.0,  0, 0.0000,     0,24.9,26.9,11.8, 25,    17,    39, 0.6273, 0.7712
M5,01/07/23,18:18:18,    10,  8118,   429, 1008.8, 300,20.9,27.4, 0.0,  0, 0.0000,     0,24.9,26.9,11.8, 25,    17,    40, 0.6176, 0.7879
M5,01/07/23,18:18:19,    10,  8119,   429, 1008.8, 300,20.9,27.4, 0.0,  0, 0.0000,     0,24.9,26.9,11.8, 25,    17,    41, 0.6084, 0.7999
M5,01/07/23,18:18:20,    10,  8120,   430, 1008.8, 300,20.9,27.4, 0.0,  0, 0.0000,     0,24.9,26.9,11.8, 25,    18,    42, 0.5998, 0.8086
M5,01/07/23,18:18:21,    10,  8121,   430, 1008.8, 300,20.9,27.4, 0.0,  0, 0.0000,     0,24.9,26.9,11.8, 25,    18,    43, 0.5919, 0.8143
M5,01/07/23,18:18:22,    10,  8122,   430, 1008.8, 300,20.9,27.4, 0.0,  0, 0.0000,     0,24.9,26.9,11.8, 25,    18,    44, 0.5843, 0.8173
M5,01/07/23,18:18:23,    10,  8123,   431, 1008.8, 300,20.9,27.4, 0.0,  0, 0.0000,     0,24.9,26.9,11.8, 25,    19,    45, 0.5773, 0.8183
M5,01/07/23,18:18:24,    10,  8124,   431, 1008.8, 300,20.9,27.4, 0.0,  0, 0.0000,     0,24.9,26.9,12.2, 25,    19,    46, 0.5705, 0.8177
M5,01/07/23,18:18:25,    10,  8125,   431, 1008.8, 300,20.9,27.4, 0.0,  0, 0.0000,     0,24.9,26.9,12.2, 25,    19,    47, 0.5642, 0.8157
M5,01/07/23,18:18:26,    10,  8126,   432, 1008.8, 300,20.9,27.4, 0.0,  0, 0.0000,     0,24.9,26.9,12.2, 25,    20,    48, 0.5579, 0.8122
M5,01/07/23,18:18:27,    10,  8127,   432, 1008.8, 300,20.9,27.4, 0.0,  0, 0.0000,     0,24.9,26.9,12.2, 25,    20,    49, 0.5515, 0.8109
M5,01/07/23,18:18:28,    10,  8128,   432, 1008.8, 300,20.9,27.4, 0.0,  0, 0.0000,     0,24.9,26.9,12.2, 25,    20,    50, 0.5455, 0.8082
M5,01/07/23,18:18:29,    10,  8129,   433, 1008.8, 300,20.9,27.4, 0.0,  0, 0.0000,     0,24.9,26.9,12.2, 25,    21,    51, 0.5407, 0.8017
M5,01/07/23,18:18:30,    10,  8130,   433, 1008.8, 300,20.9,27.4, 0.0,  0, 0.0000,     0,24.9,26.9,12.2, 25,    21,    52, 0.5358, 0.7976
M5,01/07/23,18:18:31,    10,  8131,   433, 1008.8, 300,20.9,27.4, 0.0,  0, 0.0000,     0,24.9,27.0,12.2, 25,    21,    53, 0.5309, 0.7925
M5,01/07/23,18:18:32,    10,  8132,   434, 1008.8, 300,20.9,27.4, 0.0,  0, 0.0000,     0,24.9,27.0,12.2, 25,    21,    54, 0.5264, 0.7867
M5,01/07/23,18:18:33,    10,  8133,   434, 1008.8, 300,20.9,27.4, 0.0,  0, 0.0000,     0,24.9,27.0,12.2, 25,    22,    55, 0.5227, 0.7784
M5,01/07/23,18:18:34,    10,  8134,   435, 1008.8, 300,20.9,27.4, 0.0,  0, 0.0000,     0,24.9,27.0,11.8, 25,    22,    56, 0.5197, 0.7681
M5,01/07/23,18:18:35,    10,  8135,   435, 1008.8, 300,20.9,27.4, 0.0,  0, 0.0000,     0,24.9,27.0,11.8, 25,    23,    57, 0.5169, 0.7587
M5,01/07/23,18:18:36,    10,  8136,   435, 1008.8, 300,20.9,27.4, 0.0,  0, 0.0000,     0,24.9,27.0,11.8, 25,    23,    58, 0.5141, 0.7497
M5,01/07/23,18:18:37,    10,  8137,   435, 1008.8, 300,20.9,27.4, 0.0,  0, 0.0000,     0,24.9,27.0,11.8, 25,    23,    59, 0.5108, 0.7430
M5,01/07/23,18:18:38,    10,  8138,   436, 1008.8, 300,20.9,27.4, 0.0,  0, 0.0000,     0,24.9,27.0,11.8, 25,    24,    60, 0.5078, 0.7364
R5,01/07/23,18:18:38,    10,  8138,   436, 1008.8, 300,20.9,27.4, 0.0,  0, 0.0000,     0,24.9,27.0,11.8, 25,    24,    60, 0.5078, 0.7364
End
Start
M5,01/07/23,18:19:30,    10,  8189,   420, 1008.9, 300,20.7,27.5, 0.0,  0, 0.0000,     0,24.9,26.7,11.8, 20,     1,     1, 0.0000, 0.0000
M5,01/07/23,18:19:31,    10,  8190,   420, 1008.8, 300,20.7,27.5, 0.0,  0, 0.0000,     0,24.9,26.8,11.8, 20,     1,     2, 0.0000, 0.0000
M5,01/07/23,18:19:32,    10,  8191,   421, 1008.8, 300,20.7,27.5, 0.0,  0, 0.0000,     0,24.9,26.8,11.8, 20,     2,     3, 0.0000, 0.0000
M5,01/07/23,18:19:33,    10,  8192,   421, 1008.8, 300,20.7,27.5, 0.0,  0, 0.0000,     0,24.9,26.8,11.8, 20,     3,     4, 0.0000, 0.0000
M5,01/07/23,18:19:34,    10,  8193,   422, 1008.8, 300,20.7,27.5, 0.0,  0, 0.0000,     0,24.9,26.8,11.8, 20,     3,     5, 0.0000, 0.0000
M5,01/07/23,18:19:35,    10,  8194,   423, 1008.8, 300,20.7,27.5, 0.0,  0, 0.0000,     0,24.9,26.9,11.8, 20,     4,     6, 0.0000, 0.0000
M5,01/07/23,18:19:36,    10,  8195,   423, 1008.8, 300,20.7,27.5, 0.0,  0, 0.0000,     0,24.9,26.9,11.8, 20,     4,     7, 0.0000, 0.0000
M5,01/07/23,18:19:37,    10,  8196,   423, 1008.8, 300,20.7,27.5, 0.0,  0, 0.0000,     0,24.9,26.9,11.8, 20,     4,     8, 0.0000, 0.0000
M5,01/07/23,18:19:38,    10,  8197,   424, 1008.8, 300,20.7,27.5, 0.0,  0, 0.0000,     0,24.9,26.9,11.8, 20,     5,     9, 0.0000, 0.0000
M5,01/07/23,18:19:39,    10,  8198,   424, 1008.8, 300,20.7,27.5, 0.0,  0, 0.0000,     0,24.9,26.9,11.8, 25,     5,    10, 0.0000, 0.0000
M5,01/07/23,18:19:40,    10,  8199,   425, 1008.8, 300,20.7,27.5, 0.0,  0, 0.0000,     0,24.9,27.0,11.8, 25,     6,    11, 0.0000, 0.0000
M5,01/07/23,18:19:41,    10,  8200,   425, 1008.8, 300,20.7,27.5, 0.0,  0, 0.0000,     0,24.9,27.0,11.8, 25,     6,    12, 0.0000, 0.0000
M5,01/07/23,18:19:42,    10,  8201,   425, 1008.8, 300,20.7,27.5, 0.0,  0, 0.0000,     0,24.9,27.0,11.8, 25,     7,    13, 0.5482, 0.5480
M5,01/07/23,18:19:43,    10,  8202,   426, 1008.8, 300,20.8,27.5, 0.0,  0, 0.0000,     0,24.9,27.0,11.8, 25,     7,    14, 0.5306, 0.5853
M5,01/07/23,18:19:44,    10,  8203,   426, 1008.8, 300,20.8,27.5, 0.0,  0, 0.0000,     0,24.9,27.0,11.8, 25,     7,    15, 0.5093, 0.6005
M5,01/07/23,18:19:45,    10,  8204,   426, 1008.8, 300,20.8,27.5, 0.0,  0, 0.0000,     0,24.9,27.0,11.8, 25,     8,    16, 0.4933, 0.5981
M5,01/07/23,18:19:46,    10,  8205,   427, 1008.8, 300,20.8,27.5, 0.0,  0, 0.0000,     0,24.9,27.1,11.8, 25,     8,    17, 0.4800, 0.5867
M5,01/07/23,18:19:47,    10,  8206,   427, 1008.8, 300,20.8,27.5, 0.0,  0, 0.0000,     0,24.9,27.1,11.8, 25,     8,    18, 0.4707, 0.5732
M5,01/07/23,18:19:48,    10,  8207,   428, 1008.8, 300,20.8,27.5, 0.0,  0, 0.0000,     0,24.9,27.1,11.8, 25,     9,    19, 0.4743, 0.5270
M5,01/07/23,18:19:49,    10,  8208,   428, 1008.8, 300,20.8,27.5, 0.0,  0, 0.0000,     0,24.9,27.1,11.8, 25,     9,    20, 0.4834, 0.4836
M5,01/07/23,18:19:50,    10,  8209,   429, 1008.8, 300,20.8,27.5, 0.0,  0, 0.0000,     0,24.9,27.1,11.8, 25,    10,    21, 0.4955, 0.4519
M5,01/07/23,18:19:51,    10,  8210,   429, 1008.8, 300,20.8,27.5, 0.0,  0, 0.0000,     0,24.9,27.1,11.8, 25,    10,    22, 0.4992, 0.4516
M5,01/07/23,18:19:52,    10,  8211,   429, 1008.8, 300,20.8,27.5, 0.0,  0, 0.0000,     0,24.9,27.1,11.8, 25,    10,    23, 0.5059, 0.4446
M5,01/07/23,18:19:53,    10,  8212,   429, 1008.8, 300,20.8,27.5, 0.0,  0, 0.0000,     0,24.9,27.1,11.8, 25,    11,    24, 0.5025, 0.4689
M5,01/07/23,18:19:54,    10,  8213,   430, 1008.8, 300,20.8,27.5, 0.0,  0, 0.0000,     0,24.9,27.1,11.8, 25,    11,    25, 0.5035, 0.4743
M5,01/07/23,18:19:55,    10,  8214,   430, 1008.8, 300,20.8,27.5, 0.0,  0, 0.0000,     0,24.9,27.1,12.2, 25,    12,    26, 0.5065, 0.4704
M5,01/07/23,18:19:56,    10,  8215,   431, 1008.8, 300,20.8,27.5, 0.0,  0, 0.0000,     0,24.9,27.2,12.2, 25,    12,    27, 0.5111, 0.4635
M5,01/07/23,18:19:57,    10,  8216,   431, 1008.8, 300,20.8,27.5, 0.0,  0, 0.0000,     0,24.9,27.2,12.2, 25,    13,    28, 0.5160, 0.4556
M5,01/07/23,18:19:58,    10,  8217,   432, 1008.8, 300,20.8,27.5, 0.0,  0, 0.0000,     0,24.9,27.2,12.2, 25,    13,    29, 0.5185, 0.4578
M5,01/07/23,18:19:59,    10,  8218,   432, 1008.8, 300,20.9,27.5, 0.0,  0, 0.0000,     0,24.9,27.2,12.2, 25,    13,    30, 0.5198, 0.4665
M5,01/07/23,18:20:00,    10,  8219,   432, 1008.8, 300,20.9,27.5, 0.0,  0, 0.0000,     0,24.9,27.2,12.2, 25,    13,    31, 0.5141, 0.4941
M5,01/07/23,18:20:01,    10,  8220,   432, 1008.8, 300,20.9,27.5, 0.0,  0, 0.0000,     0,24.9,27.2,12.2, 25,    13,    32, 0.5060, 0.5240
M5,01/07/23,18:20:02,    10,  8221,   433, 1008.8, 300,20.9,27.5, 0.0,  0, 0.0000,     0,24.9,27.2,12.2, 25,    14,    33, 0.4990, 0.5446
M5,01/07/23,18:20:03,    10,  8222,   433, 1008.8, 300,20.9,27.6, 0.0,  0, 0.0000,     0,24.9,27.2,12.2, 25,    14,    34, 0.4970, 0.5453
M5,01/07/23,18:20:04,    10,  8223,   434, 1008.8, 300,20.9,27.6, 0.0,  0, 0.0000,     0,24.9,27.2,12.2, 25,    15,    35, 0.4946, 0.5462
M5,01/07/23,18:20:05,    10,  8224,   434, 1008.8, 300,20.9,27.6, 0.0,  0, 0.0000,     0,24.9,27.2,12.2, 25,    15,    36, 0.4921, 0.5471
M5,01/07/23,18:20:06,    10,  8225,   434, 1008.8, 300,20.9,27.6, 0.0,  0, 0.0000,     0,24.9,27.2,11.8, 25,    15,    37, 0.4899, 0.5482
M5,01/07/23,18:20:07,    10,  8226,   435, 1008.8, 300,20.9,27.6, 0.0,  0, 0.0000,     0,24.9,27.2,11.8, 25,    16,    38, 0.4874, 0.5489
M5,01/07/23,18:20:08,    10,  8227,   435, 1008.8, 301,20.9,27.6, 0.0,  0, 0.0000,     0,24.9,27.2,11.8, 25,    16,    39, 0.4863, 0.5444
M5,01/07/23,18:20:09,    10,  8228,   435, 1008.8, 300,20.9,27.6, 0.0,  0, 0.0000,     0,24.9,27.2,11.8, 25,    16,    40, 0.4838, 0.5458
M5,01/07/23,18:20:10,    10,  8229,   436, 1008.8, 300,20.9,27.6, 0.0,  0, 0.0000,     0,24.9,27.2,11.8, 25,    17,    41, 0.4814, 0.5466
M5,01/07/23,18:20:11,    10,  8230,   436, 1008.8, 300,20.9,27.6, 0.0,  0, 0.0000,     0,25.1,27.2,11.9, 25,    17,    42, 0.4791, 0.5470
M5,01/07/23,18:20:12,    10,  8231,   436, 1008.8, 300,20.9,27.6, 0.0,  0, 0.0000,     0,25.1,27.2,11.9, 25,    18,    43, 0.4779, 0.5431
M5,01/07/23,18:20:13,    10,  8232,   437, 1008.8, 300,20.9,27.6, 0.0,  0, 0.0000,     0,25.1,27.2,11.9, 25,    18,    44, 0.4769, 0.5402
M5,01/07/23,18:20:14,    10,  8233,   437, 1008.8, 300,20.9,27.6, 0.0,  0, 0.0000,     0,25.1,27.2,11.9, 25,    18,    45, 0.4766, 0.5345
M5,01/07/23,18:20:15,    10,  8234,   438, 1008.8, 300,20.9,27.6, 0.0,  0, 0.0000,     0,25.1,27.2,11.9, 25,    19,    46, 0.4764, 0.5305
M5,01/07/23,18:20:16,    10,  8235,   438, 1008.8, 300,20.9,27.6, 0.0,  0, 0.0000,     0,25.1,27.2,11.9, 25,    19,    47, 0.4757, 0.5271
M5,01/07/23,18:20:17,    10,  8236,   438, 1008.8, 300,20.9,27.6, 0.0,  0, 0.0000,     0,25.1,27.3,11.8, 25,    19,    48, 0.4746, 0.5242
M5,01/07/23,18:20:18,    10,  8237,   438, 1008.8, 300,20.9,27.6, 0.0,  0, 0.0000,     0,25.1,27.3,11.8, 25,    19,    49, 0.4730, 0.5250
M5,01/07/23,18:20:19,    10,  8238,   439, 1008.8, 300,20.9,27.6, 0.0,  0, 0.0000,     0,25.1,27.3,11.8, 25,    20,    50, 0.4710, 0.5285
M5,01/07/23,18:20:20,    10,  8239,   439, 1008.8, 300,20.9,27.6, 0.0,  0, 0.0000,     0,25.1,27.3,11.8, 25,    20,    51, 0.4682, 0.5334
M5,01/07/23,18:20:21,    10,  8240,   439, 1008.8, 300,20.9,27.6, 0.0,  0, 0.0000,     0,25.1,27.3,11.8, 25,    20,    52, 0.4656, 0.5369
M5,01/07/23,18:20:22,    10,  8241,   439, 1008.8, 300,20.9,27.6, 0.0,  0, 0.0000,     0,25.1,27.3,11.8, 25,    20,    53, 0.4632, 0.5392
M5,01/07/23,18:20:23,    10,  8242,   440, 1008.8, 300,20.9,27.6, 0.0,  0, 0.0000,     0,25.1,27.3,11.8, 25,    21,    54, 0.4610, 0.5405
M5,01/07/23,18:20:24,    10,  8243,   440, 1008.8, 300,20.9,27.6, 0.0,  0, 0.0000,     0,25.1,27.3,11.8, 25,    21,    55, 0.4591, 0.5412
M5,01/07/23,18:20:25,    10,  8244,   440, 1008.8, 300,20.9,27.6, 0.0,  0, 0.0000,     0,25.1,27.3,11.8, 25,    21,    56, 0.4567, 0.5432
M5,01/07/23,18:20:26,    10,  8245,   440, 1008.8, 300,20.9,27.6, 0.0,  0, 0.0000,     0,25.1,27.3,11.8, 25,    22,    57, 0.4543, 0.5441
M5,01/07/23,18:20:27,    10,  8246,   441, 1008.8, 300,20.9,27.6, 0.0,  0, 0.0000,     0,24.9,27.3,11.8, 25,    22,    58, 0.4523, 0.5444
M5,01/07/23,18:20:28,    10,  8247,   441, 1008.8, 300,20.9,27.6, 0.0,  0, 0.0000,     0,24.9,27.3,11.8, 25,    22,    59, 0.4509, 0.5421
M5,01/07/23,18:20:29,    10,  8248,   442, 1008.8, 300,20.9,27.6, 0.0,  0, 0.0000,     0,24.9,27.3,11.8, 25,    23,    60, 0.4499, 0.5399
R5,01/07/23,18:20:29,    10,  8248,   442, 1008.8, 300,20.9,27.6, 0.0,  0, 0.0000,     0,24.9,27.3,11.8, 25,    23,    60, 0.4499, 0.5399
End
Start
M5,01/07/23,18:21:15,    10,  8294,   414, 1008.8, 300,20.5,27.7, 0.0,  0, 0.0000,     0,25.1,26.9,11.9, 20,     0,     1, 0.0000, 0.0000
M5,01/07/23,18:21:16,    10,  8295,   415, 1008.8, 300,20.5,27.7, 0.0,  0, 0.0000,     0,25.1,27.0,11.9, 20,     0,     2, 0.0000, 0.0000
M5,01/07/23,18:21:17,    10,  8296,   415, 1008.8, 300,20.5,27.7, 0.0,  0, 0.0000,     0,25.1,27.0,11.9, 20,     1,     3, 0.0000, 0.0000
M5,01/07/23,18:21:18,    10,  8297,   415, 1008.8, 300,20.5,27.7, 0.0,  0, 0.0000,     0,25.1,27.0,11.9, 20,     1,     4, 0.0000, 0.0000
M5,01/07/23,18:21:19,    10,  8298,   416, 1008.8, 300,20.5,27.7, 0.0,  0, 0.0000,     0,25.1,27.0,11.9, 20,     2,     5, 0.0000, 0.0000
M5,01/07/23,18:21:20,    10,  8299,   416, 1008.8, 300,20.5,27.7, 0.0,  0, 0.0000,     0,25.1,27.0,11.9, 20,     2,     6, 0.0000, 0.0000
M5,01/07/23,18:21:21,    10,  8300,   416, 1008.8, 299,20.5,27.7, 0.0,  0, 0.0000,     0,25.1,27.1,11.9, 20,     2,     7, 0.0000, 0.0000
M5,01/07/23,18:21:22,    10,  8301,   417, 1008.8, 299,20.6,27.7, 0.0,  0, 0.0000,     0,25.1,27.1,11.9, 20,     3,     8, 0.0000, 0.0000
M5,01/07/23,18:21:23,    10,  8302,   417, 1008.8, 300,20.6,27.7, 0.0,  0, 0.0000,     0,25.1,27.1,11.9, 20,     3,     9, 0.0000, 0.0000
M5,01/07/23,18:21:24,    10,  8303,   417, 1008.8, 300,20.6,27.7, 0.0,  0, 0.0000,     0,25.1,27.1,11.9, 25,     3,    10, 0.0000, 0.0000
M5,01/07/23,18:21:25,    10,  8304,   418, 1008.8, 300,20.6,27.7, 0.0,  0, 0.0000,     0,25.1,27.1,11.9, 25,     4,    11, 0.0000, 0.0000
M5,01/07/23,18:21:26,    10,  8305,   418, 1008.8, 300,20.6,27.7, 0.0,  0, 0.0000,     0,25.1,27.1,11.9, 25,     4,    12, 0.0000, 0.0000
M5,01/07/23,18:21:27,    10,  8306,   419, 1008.8, 300,20.6,27.7, 0.0,  0, 0.0000,     0,25.1,27.1,11.9, 25,     4,    13, 0.5048, 0.5141
M5,01/07/23,18:21:28,    10,  8307,   419, 1008.8, 300,20.6,27.7, 0.0,  0, 0.0000,     0,25.1,27.2,11.9, 25,     5,    14, 0.4846, 0.5506
M5,01/07/23,18:21:29,    10,  8308,   419, 1008.8, 300,20.6,27.7, 0.0,  0, 0.0000,     0,25.1,27.2,11.9, 25,     5,    15, 0.4686, 0.5483
M5,01/07/23,18:21:30,    10,  8309,   420, 1008.8, 300,20.6,27.7, 0.0,  0, 0.0000,     0,25.1,27.2,11.9, 25,     5,    16, 0.4577, 0.5360
M5,01/07/23,18:21:31,    10,  8310,   420, 1008.8, 300,20.6,27.7, 0.0,  0, 0.0000,     0,25.1,27.2,11.9, 25,     6,    17, 0.4515, 0.5245
M5,01/07/23,18:21:32,    10,  8311,   420, 1008.8, 300,20.6,27.7, 0.0,  0, 0.0000,     0,25.1,27.2,11.9, 25,     6,    18, 0.4594, 0.4751
M5,01/07/23,18:21:33,    10,  8312,   421, 1008.8, 300,20.6,27.7, 0.0,  0, 0.0000,     0,25.1,27.2,11.9, 25,     7,    19, 0.4733, 0.4331
M5,01/07/23,18:21:34,    10,  8313,   421, 1008.8, 300,20.6,27.7, 0.0,  0, 0.0000,     0,25.1,27.2,11.9, 25,     7,    20, 0.4875, 0.4042
M5,01/07/23,18:21:35,    10,  8314,   422, 1008.8, 300,20.6,27.7, 0.0,  0, 0.0000,     0,25.1,27.2,11.9, 25,     8,    21, 0.5010, 0.3879
M5,01/07/23,18:21:36,    10,  8315,   422, 1008.8, 300,20.6,27.7, 0.0,  0, 0.0000,     0,25.1,27.2,11.9, 25,     8,    22, 0.4997, 0.4220
M5,01/07/23,18:21:37,    10,  8316,   422, 1008.8, 300,20.6,27.7, 0.0,  0, 0.0000,     0,25.1,27.2,11.9, 25,     8,    23, 0.4905, 0.4691
M5,01/07/23,18:21:38,    10,  8317,   422, 1008.8, 300,20.6,27.7, 0.0,  0, 0.0000,     0,25.1,27.2,11.9, 25,     8,    24, 0.4781, 0.5145
M5,01/07/23,18:21:39,    10,  8318,   423, 1008.8, 300,20.6,27.7, 0.0,  0, 0.0000,     0,25.1,27.3,11.9, 25,     9,    25, 0.4724, 0.5235
M5,01/07/23,18:21:40,    10,  8319,   423, 1008.8, 300,20.7,27.7, 0.0,  0, 0.0000,     0,25.1,27.3,11.9, 25,     9,    26, 0.4638, 0.5413
M5,01/07/23,18:21:41,    10,  8320,   423, 1008.8, 300,20.7,27.7, 0.0,  0, 0.0000,     0,25.1,27.3,11.9, 25,     9,    27, 0.4524, 0.5618
M5,01/07/23,18:21:42,    10,  8321,   423, 1008.8, 300,20.7,27.7, 0.0,  0, 0.0000,     0,25.1,27.3,11.9, 25,     9,    28, 0.4408, 0.5798
M5,01/07/23,18:21:43,    10,  8322,   424, 1008.8, 300,20.7,27.7, 0.0,  0, 0.0000,     0,25.1,27.3,11.9, 25,    10,    29, 0.4348, 0.5735
M5,01/07/23,18:21:44,    10,  8323,   424, 1008.8, 300,20.7,27.7, 0.0,  0, 0.0000,     0,25.1,27.3,11.9, 25,    10,    30, 0.4356, 0.5459
M5,01/07/23,18:21:45,    10,  8324,   425, 1008.8, 300,20.7,27.7, 0.0,  0, 0.0000,     0,25.1,27.3,11.9, 25,    11,    31, 0.4388, 0.5173
M5,01/07/23,18:21:46,    10,  8325,   425, 1008.8, 300,20.7,27.7, 0.0,  0, 0.0000,     0,25.1,27.3,11.9, 25,    11,    32, 0.4407, 0.4973
M5,01/07/23,18:21:47,    10,  8326,   426, 1008.8, 301,20.7,27.7, 0.0,  0, 0.0000,     0,25.1,27.3,11.9, 25,    12,    33, 0.4466, 0.4694
M5,01/07/23,18:21:48,    10,  8327,   426, 1008.8, 300,20.7,27.7, 0.0,  0, 0.0000,     0,25.1,27.3,11.9, 25,    12,    34, 0.4506, 0.4516
M5,01/07/23,18:21:49,    10,  8328,   427, 1008.8, 300,20.7,27.7, 0.0,  0, 0.0000,     0,25.1,27.3,11.9, 25,    12,    35, 0.4539, 0.4418
M5,01/07/23,18:21:50,    10,  8329,   427, 1008.8, 300,20.7,27.7, 0.0,  0, 0.0000,     0,25.1,27.3,11.9, 25,    13,    36, 0.4542, 0.4419
M5,01/07/23,18:21:51,    10,  8330,   427, 1008.8, 300,20.7,27.7, 0.0,  0, 0.0000,     0,25.1,27.3,11.9, 25,    13,    37, 0.4529, 0.4488
M5,01/07/23,18:21:52,    10,  8331,   427, 1008.8, 300,20.7,27.7, 0.0,  0, 0.0000,     0,25.1,27.3,11.9, 25,    13,    38, 0.4500, 0.4592
M5,01/07/23,18:21:53,    10,  8332,   427, 1008.8, 300,20.7,27.7, 0.0,  0, 0.0000,     0,25.1,27.3,11.8, 25,    13,    39, 0.4460, 0.4715
M5,01/07/23,18:21:54,    10,  8333,   428, 1008.8, 300,20.7,27.7, 0.0,  0, 0.0000,     0,25.1,27.3,11.8, 25,    13,    40, 0.4431, 0.4804
M5,01/07/23,18:21:55,    10,  8334,   428, 1008.8, 300,20.7,27.7, 0.0,  0, 0.0000,     0,25.1,27.3,11.8, 25,    14,    41, 0.4414, 0.4816
M5,01/07/23,18:21:56,    10,  8335,   428, 1008.8, 300,20.7,27.7, 0.0,  0, 0.0000,     0,25.1,27.3,11.8, 25,    14,    42, 0.4396, 0.4818
M5,01/07/23,18:21:57,    10,  8336,   429, 1008.8, 300,20.7,27.7, 0.0,  0, 0.0000,     0,25.1,27.4,11.8, 25,    15,    43, 0.4383, 0.4816
M5,01/07/23,18:21:58,    10,  8337,   429, 1008.8, 300,20.8,27.8, 0.0,  0, 0.0000,     0,25.1,27.4,11.8, 25,    15,    44, 0.4367, 0.4850
M5,01/07/23,18:21:59,    10,  8338,   429, 1008.8, 300,20.8,27.8, 0.0,  0, 0.0000,     0,25.1,27.4,11.8, 25,    15,    45, 0.4337, 0.4900
M5,01/07/23,18:22:00,    10,  8339,   429, 1008.8, 300,20.8,27.8, 0.0,  0, 0.0000,     0,25.1,27.4,11.8, 25,    15,    46, 0.4304, 0.4959
M5,01/07/23,18:22:01,    10,  8340,   429, 1008.8, 300,20.8,27.7, 0.0,  0, 0.0000,     0,25.1,27.4,11.8, 25,    15,    47, 0.4272, 0.4996
M5,01/07/23,18:22:02,    10,  8341,   430, 1008.8, 300,20.8,27.7, 0.0,  0, 0.0000,     0,25.1,27.4,11.8, 25,    16,    48, 0.4262, 0.4957
M5,01/07/23,18:22:03,    10,  8342,   431, 1008.8, 300,20.8,27.8, 0.0,  0, 0.0000,     0,25.1,27.4,11.8, 25,    16,    49, 0.4265, 0.4893
M5,01/07/23,18:22:04,    10,  8343,   431, 1008.8, 300,20.8,27.8, 0.0,  0, 0.0000,     0,25.1,27.4,11.8, 25,    17,    50, 0.4264, 0.4834
M5,01/07/23,18:22:05,    10,  8344,   431, 1008.8, 300,20.8,27.8, 0.0,  0, 0.0000,     0,25.1,27.4,11.8, 25,    17,    51, 0.4254, 0.4806
M5,01/07/23,18:22:06,    10,  8345,   431, 1008.8, 300,20.8,27.8, 0.0,  0, 0.0000,     0,25.1,27.4,11.8, 25,    17,    52, 0.4247, 0.4779
M5,01/07/23,18:22:07,    10,  8346,   432, 1008.8, 300,20.8,27.8, 0.0,  0, 0.0000,     0,25.1,27.4,11.8, 25,    18,    53, 0.4241, 0.4752
M5,01/07/23,18:22:08,    10,  8347,   432, 1008.8, 300,20.8,27.8, 0.0,  0, 0.0000,     0,25.1,27.4,11.8, 25,    18,    54, 0.4239, 0.4729
M5,01/07/23,18:22:10,    10,  8348,   432, 1008.8, 300,20.8,27.8, 0.0,  0, 0.0000,     0,25.1,27.4,11.8, 25,    18,    55, 0.4229, 0.4724
M5,01/07/23,18:22:11,    10,  8349,   433, 1008.8, 300,20.8,27.8, 0.0,  0, 0.0000,     0,25.1,27.4,11.8, 25,    19,    56, 0.4225, 0.4694
M5,01/07/23,18:22:12,    10,  8350,   433, 1008.8, 300,20.8,27.8, 0.0,  0, 0.0000,     0,25.1,27.4,11.8, 25,    19,    57, 0.4221, 0.4666
M5,01/07/23,18:22:13,    10,  8351,   433, 1008.8, 300,20.8,27.8, 0.0,  0, 0.0000,     0,25.1,27.4,11.8, 25,    19,    58, 0.4216, 0.4661
M5,01/07/23,18:22:14,    10,  8352,   434, 1008.8, 300,20.8,27.8, 0.0,  0, 0.0000,     0,25.1,27.4,11.8, 25,    19,    59, 0.4209, 0.4650
M5,01/07/23,18:22:15,    10,  8353,   434, 1008.8, 300,20.8,27.8, 0.0,  0, 0.0000,     0,25.1,27.4,11.8, 25,    20,    60, 0.4206, 0.4618
R5,01/07/23,18:22:15,    10,  8353,   434, 1008.8, 300,20.8,27.8, 0.0,  0, 0.0000,     0,25.1,27.4,11.8, 25,    20,    60, 0.4206, 0.4618
End
Start
M5,01/07/23,18:24:46,    11,  8504,   546, 1008.9, 300,20.9,27.9, 0.0,  0, 0.0000,     0,25.1,26.6, 6.1, 20,    -8,     1, 0.0000, 0.0000
M5,01/07/23,18:24:47,    11,  8505,   541, 1008.9, 300,20.9,27.9, 0.0,  0, 0.0000,     0,25.1,26.6, 6.1, 20,   -12,     2, 0.0000, 0.0000
M5,01/07/23,18:24:48,    11,  8506,   538, 1008.9, 300,20.9,27.9, 0.0,  0, 0.0000,     0,25.1,26.6, 6.1, 20,   -15,     3, 0.0000, 0.0000
M5,01/07/23,18:24:49,    11,  8507,   536, 1008.9, 300,20.9,27.9, 0.0,  0, 0.0000,     0,25.1,26.6, 6.1, 20,   -17,     4, 0.0000, 0.0000
M5,01/07/23,18:24:50,    11,  8508,   536, 1008.9, 300,21.0,27.9, 0.0,  0, 0.0000,     0,25.1,26.7, 5.5, 20,   -18,     5, 0.0000, 0.0000
M5,01/07/23,18:24:51,    11,  8509,   535, 1008.9, 300,21.0,27.9, 0.0,  0, 0.0000,     0,25.1,26.7, 5.5, 20,   -18,     6, 0.0000, 0.0000
M5,01/07/23,18:24:52,    11,  8510,   535, 1008.9, 300,21.0,27.9, 0.0,  0, 0.0000,     0,25.1,26.7, 5.5, 20,   -18,     7, 0.0000, 0.0000
M5,01/07/23,18:24:53,    11,  8511,   535, 1008.9, 300,21.0,27.9, 0.0,  0, 0.0000,     0,25.1,26.7, 5.5, 20,   -18,     8, 0.0000, 0.0000
M5,01/07/23,18:24:54,    11,  8512,   535, 1008.9, 300,21.1,27.9, 0.0,  0, 0.0000,     0,25.1,26.7, 5.5, 20,   -18,     9, 0.0000, 0.0000
M5,01/07/23,18:24:55,    11,  8513,   535, 1008.9, 300,21.1,27.9, 0.0,  0, 0.0000,     0,24.9,26.7, 6.1, 25,   -18,    10, 0.0000, 0.0000
M5,01/07/23,18:24:56,    11,  8514,   536, 1008.9, 300,21.1,27.9, 0.0,  0, 0.0000,     0,24.9,26.8, 6.1, 25,   -18,    11, 0.0000, 0.0000
M5,01/07/23,18:24:57,    11,  8515,   536, 1008.9, 300,21.1,27.9, 0.0,  0, 0.0000,     0,24.9,26.8, 6.1, 25,   -18,    12, 0.0000, 0.0000
M5,01/07/23,18:24:59,    11,  8516,   536, 1008.9, 300,21.1,27.9, 0.0,  0, 0.0000,     0,24.9,26.8, 6.1, 25,   -17,    13, 0.2251, 0.2250
M5,01/07/23,18:25:00,    11,  8517,   536, 1008.9, 300,21.1,27.9, 0.0,  0, 0.0000,     0,24.9,26.8, 6.1, 25,   -17,    14, 0.1856, 0.3097
M5,01/07/23,18:25:01,    11,  8518,   536, 1008.9, 300,21.1,27.9, 0.0,  0, 0.0000,     0,25.1,26.8, 6.1, 25,   -17,    15, 0.1460, 0.3206
M5,01/07/23,18:25:02,    11,  8519,   536, 1008.9, 300,21.2,27.9, 0.0,  0, 0.0000,     0,25.1,26.8, 6.1, 25,   -17,    16, 0.1669, 0.1980
M5,01/07/23,18:25:03,    11,  8520,   537, 1008.9, 300,21.2,27.9, 0.0,  0, 0.0000,     0,25.1,26.8, 6.1, 25,   -17,    17, 0.1825, 0.1401
M5,01/07/23,18:25:04,    11,  8521,   537, 1008.9, 300,21.2,28.0, 0.0, 21, 0.0000,     0,25.1,26.8, 6.1, 25,   -16,    18, 0.2264, 0.0543
M5,01/07/23,18:25:05,    11,  8522,   537, 1008.9, 300,21.2,28.0, 0.0, 21, 0.0000,     0,25.1,26.8, 6.1, 25,   -16,    19, 0.2337, 0.0877
M5,01/07/23,18:25:06,    11,  8523,   537, 1008.9, 300,21.2,28.0, 0.0, 21, 0.0000,     0,25.1,26.8, 6.1, 25,   -16,    20, 0.2371, 0.1194
M5,01/07/23,18:25:07,    11,  8524,   538, 1008.9, 300,21.2,27.9, 0.0, 21, 0.0000,     0,25.1,26.8, 6.1, 25,   -16,    21, 0.2467, 0.1215
M5,01/07/23,18:25:08,    11,  8525,   538, 1008.9, 300,21.2,27.9, 0.0, 21, 0.0000,     0,25.1,26.8, 6.1, 25,   -15,    22, 0.2589, 0.1157
M5,01/07/23,18:25:09,    11,  8526,   538, 1008.9, 300,21.2,27.9, 0.0, 21, 0.0000,     0,25.1,26.8, 6.1, 25,   -15,    23, 0.2779, 0.0911
M5,01/07/23,18:25:10,    11,  8527,   539, 1008.9, 300,21.2,27.9, 0.0, 21, 0.0000,     0,25.1,26.8, 6.1, 25,   -15,    24, 0.2888, 0.0994
M5,01/07/23,18:25:11,    11,  8528,   539, 1008.9, 300,21.3,27.9, 0.0, 21, 0.0000,     0,25.1,26.8, 6.1, 25,   -14,    25, 0.2973, 0.1244
M5,01/07/23,18:25:12,    11,  8529,   539, 1008.9, 300,21.3,27.9, 0.0, 21, 0.0000,     0,24.9,26.8, 6.1, 25,   -14,    26, 0.2996, 0.1512
M5,01/07/23,18:25:13,    11,  8530,   539, 1008.9, 300,21.3,27.9, 0.0, 21, 0.0000,     0,24.9,26.8, 6.1, 25,   -14,    27, 0.2999, 0.1781
M5,01/07/23,18:25:14,    11,  8531,   539, 1008.9, 300,21.3,27.9, 0.0, 21, 0.0000,     0,24.9,26.9, 6.1, 25,   -14,    28, 0.2992, 0.2035
M5,01/07/23,18:25:15,    11,  8532,   540, 1008.9, 300,21.3,27.9, 0.0,  0, 0.0000,     0,24.9,26.9, 6.1, 25,   -14,    29, 0.2973, 0.2255
M5,01/07/23,18:25:16,    11,  8533,   540, 1008.9, 300,21.3,27.9, 0.0,  0, 0.0000,     0,24.9,26.9, 6.1, 25,   -13,    30, 0.2989, 0.2362
M5,01/07/23,18:25:17,    11,  8534,   540, 1008.9, 300,21.3,27.9, 0.0,  0, 0.0000,     0,24.9,26.9, 6.1, 25,   -13,    31, 0.3009, 0.2384
M5,01/07/23,18:25:18,    11,  8535,   541, 1008.9, 300,21.4,27.9, 0.0,  0, 0.0000,     0,24.9,26.9, 6.1, 25,   -13,    32, 0.3046, 0.2374
M5,01/07/23,18:25:19,    11,  8536,   541, 1008.9, 300,21.4,27.9, 0.0,  0, 0.0000,     0,24.9,26.9, 6.1, 25,   -13,    33, 0.3060, 0.2413
M5,01/07/23,18:25:20,    11,  8537,   541, 1008.9, 300,21.4,27.9, 0.0,  0, 0.0000,     0,24.9,26.9, 6.1, 25,   -12,    34, 0.3086, 0.2417
M5,01/07/23,18:25:21,    11,  8538,   542, 1008.9, 300,21.4,27.9, 0.0,  0, 0.0000,     0,24.9,26.9, 6.1, 25,   -12,    35, 0.3116, 0.2396
M5,01/07/23,18:25:22,    11,  8539,   542, 1008.9, 300,21.4,27.9, 0.0,  0, 0.0000,     0,24.9,26.9, 6.1, 25,   -11,    36, 0.3149, 0.2366
M5,01/07/23,18:25:23,    11,  8540,   542, 1008.9, 300,21.4,27.9, 0.0,  0, 0.0000,     0,24.9,26.9, 6.1, 25,   -11,    37, 0.3183, 0.2354
M5,01/07/23,18:25:24,    11,  8541,   543, 1008.9, 300,21.4,27.9, 0.0,  0, 0.0000,     0,24.9,26.9, 6.1, 25,   -11,    38, 0.3216, 0.2334
M5,01/07/23,18:25:25,    11,  8542,   543, 1008.9, 300,21.4,27.9, 0.0, 21, 0.0000,     0,24.9,26.9, 6.1, 25,   -10,    39, 0.3272, 0.2270
M5,01/07/23,18:25:26,    11,  8543,   544, 1008.9, 300,21.4,27.9, 0.0, 21, 0.0000,     0,24.9,26.9, 6.1, 25,   -10,    40, 0.3331, 0.2173
M5,01/07/23,18:25:27,    11,  8544,   544, 1008.9, 300,21.5,28.0, 0.0, 21, 0.0000,     0,24.9,26.9, 6.1, 25,    -9,    41, 0.3406, 0.2070
M5,01/07/23,18:25:28,    11,  8545,   545, 1008.9, 300,21.5,28.0, 0.0, 21, 0.0000,     0,24.9,26.9, 6.1, 25,    -8,    42, 0.3489, 0.1913
M5,01/07/23,18:25:29,    11,  8546,   545, 1008.9, 300,21.5,28.0, 0.0, 21, 0.0000,     0,24.9,26.9, 6.1, 25,    -8,    43, 0.3564, 0.1811
M5,01/07/23,18:25:30,    11,  8547,   545, 1008.9, 300,21.5,27.9, 0.0, 21, 0.0000,     0,24.9,26.9, 6.1, 25,    -8,    44, 0.3620, 0.1790
M5,01/07/23,18:25:31,    11,  8548,   546, 1008.9, 300,21.5,27.9, 0.0, 21, 0.0000,     0,24.9,26.9, 6.1, 25,    -8,    45, 0.3671, 0.1789
A5,01/07/23,18:25:31,    11,  8548,   546, 1008.9, 300,21.5,27.9, 0.0, 21, 0.0000,     0,24.9,26.9, 6.1, 25,    -8,    45, 0.3671, 0.1789
End
Start
M5,01/07/23,18:26:49,    11,  8626,   483, 1008.9, 300,21.3,28.0, 0.0,  0, 0.0000,     0,24.9,26.2, 6.1, 20,    -3,     1, 0.0000, 0.0000
M5,01/07/23,18:26:50,    11,  8627,   481, 1008.9, 300,21.4,28.0, 0.0,  0, 0.0000,     0,24.9,26.2, 6.1, 20,    -5,     2, 0.0000, 0.0000
M5,01/07/23,18:26:51,    11,  8628,   480, 1008.9, 300,21.4,28.0, 0.0,  0, 0.0000,     0,24.9,26.2, 6.1, 20,    -6,     3, 0.0000, 0.0000
M5,01/07/23,18:26:52,    11,  8629,   480, 1008.9, 300,21.4,27.9, 0.0,  0, 0.0000,     0,24.9,26.2, 6.1, 20,    -6,     4, 0.0000, 0.0000
M5,01/07/23,18:26:53,    11,  8630,   480, 1008.9, 300,21.4,27.9, 0.0,  0, 0.0000,     0,24.9,26.3, 5.8, 20,    -6,     5, 0.0000, 0.0000
M5,01/07/23,18:26:54,    11,  8631,   480, 1008.9, 300,21.4,27.9, 0.0,  0, 0.0000,     0,24.9,26.3, 5.8, 20,    -5,     6, 0.0000, 0.0000
M5,01/07/23,18:26:55,    11,  8632,   481, 1008.9, 300,21.5,27.9, 0.0,  0, 0.0000,     0,24.9,26.3, 5.8, 20,    -5,     7, 0.0000, 0.0000
M5,01/07/23,18:26:56,    11,  8633,   481, 1008.9, 300,21.5,27.9, 0.0,  0, 0.0000,     0,24.9,26.3, 5.8, 20,    -5,     8, 0.0000, 0.0000
M5,01/07/23,18:26:57,    11,  8634,   481, 1008.9, 300,21.5,28.0, 0.0,  0, 0.0000,     0,24.9,26.3, 5.8, 20,    -4,     9, 0.0000, 0.0000
M5,01/07/23,18:26:58,    11,  8635,   481, 1008.9, 300,21.5,28.0, 0.0,  0, 0.0000,     0,24.9,26.3, 5.8, 25,    -4,    10, 0.0000, 0.0000
M5,01/07/23,18:26:59,    11,  8636,   482, 1008.9, 300,21.5,28.0, 0.0,  0, 0.0000,     0,24.9,26.3, 6.1, 25,    -4,    11, 0.0000, 0.0000
M5,01/07/23,18:27:00,    11,  8637,   482, 1008.9, 300,21.5,28.0, 0.0,  0, 0.0000,     0,24.9,26.4, 6.1, 25,    -3,    12, 0.0000, 0.0000
M5,01/07/23,18:27:01,    11,  8638,   483, 1008.9, 300,21.5,28.0, 0.0,  0, 0.0000,     0,24.9,26.4, 6.1, 25,    -3,    13, 0.5714, 0.4148
M5,01/07/23,18:27:02,    11,  8639,   483, 1008.9, 300,21.5,27.9, 0.0,  0, 0.0000,     0,24.9,26.4, 6.1, 25,    -2,    14, 0.5951, 0.4674
M5,01/07/23,18:27:03,    11,  8640,   484, 1008.9, 300,21.5,27.9, 0.0,  0, 0.0000,     0,24.9,26.4, 6.1, 25,    -2,    15, 0.5603, 0.6048
M5,01/07/23,18:27:04,    11,  8641,   484, 1008.9, 300,21.6,27.9, 0.0,  0, 0.0000,     0,24.7,26.4, 6.1, 25,    -2,    16, 0.5351, 0.6475
M5,01/07/23,18:27:05,    11,  8642,   484, 1008.9, 300,21.6,27.9, 0.0,  0, 0.0000,     0,24.7,26.4, 6.1, 25,    -1,    17, 0.5139, 0.6501
M5,01/07/23,18:27:06,    11,  8643,   485, 1008.9, 300,21.6,27.9, 0.0,  0, 0.0000,     0,24.7,26.4, 6.1, 25,    -1,    18, 0.5117, 0.6051
M5,01/07/23,18:27:07,    11,  8644,   485, 1008.9, 300,21.6,27.9, 0.0,  0, 0.0000,     0,24.7,26.4, 6.1, 25,    -0,    19, 0.5280, 0.5258
M5,01/07/23,18:27:08,    11,  8645,   486, 1008.9, 300,21.6,27.9, 0.0,  0, 0.0000,     0,24.7,26.4, 6.1, 25,     0,    20, 0.5414, 0.4860
M5,01/07/23,18:27:09,    11,  8646,   486, 1008.9, 299,21.6,28.0, 0.0,  0, 0.0000,     0,24.7,26.4, 6.1, 25,     1,    21, 0.5472, 0.4939
M5,01/07/23,18:27:10,    11,  8647,   486, 1008.9, 300,21.6,28.0, 0.0,  0, 0.0000,     0,24.7,26.4, 6.1, 25,     1,    22, 0.5375, 0.5355
M5,01/07/23,18:27:11,    11,  8648,   487, 1008.9, 300,21.6,28.0, 0.0,  0, 0.0000,     0,24.7,26.4, 6.1, 25,     1,    23, 0.5220, 0.5812
M5,01/07/23,18:27:12,    11,  8649,   487, 1008.9, 300,21.6,28.0, 0.0,  0, 0.0000,     0,24.7,26.4, 6.1, 25,     1,    24, 0.5146, 0.5881
M5,01/07/23,18:27:13,    11,  8650,   487, 1008.9, 300,21.6,27.9, 0.0,  0, 0.0000,     0,24.7,26.4, 6.1, 25,     2,    25, 0.5076, 0.5919
M5,01/07/23,18:27:14,    11,  8651,   488, 1008.9, 300,21.6,27.9, 0.0,  0, 0.0000,     0,24.7,26.5, 6.1, 25,     2,    26, 0.5012, 0.5933
M5,01/07/23,18:27:15,    11,  8652,   488, 1008.9, 300,21.6,27.9, 0.0,  0, 0.0000,     0,24.7,26.5, 6.1, 25,     3,    27, 0.4993, 0.5811
M5,01/07/23,18:27:16,    11,  8653,   488, 1008.9, 300,21.6,27.9, 0.0,  0, 0.0000,     0,24.7,26.5, 6.1, 25,     3,    28, 0.4931, 0.5844
M5,01/07/23,18:27:17,    11,  8654,   489, 1008.9, 300,21.6,27.9, 0.0,  0, 0.0000,     0,24.7,26.5, 6.1, 25,     3,    29, 0.4876, 0.5848
M5,01/07/23,18:27:18,    11,  8655,   489, 1008.9, 300,21.7,28.0, 0.0,  0, 0.0000,     0,24.7,26.5, 6.1, 25,     4,    30, 0.4892, 0.5661
M5,01/07/23,18:27:19,    11,  8656,   490, 1008.9, 300,21.7,28.0, 0.0,  0, 0.0000,     0,24.7,26.5, 6.1, 25,     5,    31, 0.4938, 0.5368
M5,01/07/23,18:27:20,    11,  8657,   490, 1008.9, 300,21.7,28.0, 0.0,  0, 0.0000,     0,24.7,26.5, 6.1, 25,     5,    32, 0.4941, 0.5275
M5,01/07/23,18:27:21,    11,  8658,   491, 1008.9, 300,21.7,28.0, 0.0,  0, 0.0000,     0,24.7,26.5, 6.1, 25,     5,    33, 0.4916, 0.5300
M5,01/07/23,18:27:22,    11,  8659,   491, 1008.9, 300,21.7,28.0, 0.0,  0, 0.0000,     0,24.7,26.5, 6.1, 25,     5,    34, 0.4893, 0.5327
M5,01/07/23,18:27:23,    11,  8660,   491, 1008.9, 300,21.7,28.0, 0.0,  0, 0.0000,     0,24.7,26.5, 6.1, 25,     6,    35, 0.4880, 0.5298
M5,01/07/23,18:27:24,    11,  8661,   492, 1008.9, 300,21.7,28.0, 0.0,  0, 0.0000,     0,24.7,26.5, 6.1, 25,     6,    36, 0.4882, 0.5226
M5,01/07/23,18:27:25,    11,  8662,   492, 1008.9, 300,21.7,28.0, 0.0,  0, 0.0000,     0,24.7,26.5, 5.8, 25,     7,    37, 0.4879, 0.5185
M5,01/07/23,18:27:26,    11,  8663,   493, 1008.9, 300,21.7,28.0, 0.0,  0, 0.0000,     0,24.7,26.5, 5.8, 25,     7,    38, 0.4886, 0.5112
M5,01/07/23,18:27:27,    11,  8664,   493, 1008.9, 300,21.7,28.0, 0.0,  0, 0.0000,     0,24.7,26.5, 5.8, 25,     8,    39, 0.4906, 0.5029
M5,01/07/23,18:27:28,    11,  8665,   494, 1008.9, 300,21.7,28.0, 0.0,  0, 0.0000,     0,24.7,26.5, 5.8, 25,     8,    40, 0.4927, 0.4933
M5,01/07/23,18:27:29,    11,  8666,   494, 1008.9, 300,21.7,28.0, 0.0,  0, 0.0000,     0,24.7,26.5, 5.8, 25,     9,    41, 0.4953, 0.4833
M5,01/07/23,18:27:30,    11,  8667,   495, 1008.9, 300,21.7,28.0, 0.0,  0, 0.0000,     0,24.7,26.5, 5.8, 25,     9,    42, 0.4982, 0.4737
M5,01/07/23,18:27:31,    11,  8668,   496, 1008.9, 300,21.7,28.0, 0.0,  0, 0.0000,     0,24.7,26.5, 5.8, 25,    10,    43, 0.5024, 0.4609
M5,01/07/23,18:27:32,    11,  8669,   496, 1008.9, 300,21.7,28.0, 0.0,  0, 0.0000,     0,24.7,26.5, 5.8, 25,    10,    44, 0.5067, 0.4503
M5,01/07/23,18:27:33,    11,  8670,   496, 1008.9, 300,21.7,28.0, 0.0,  0, 0.0000,     0,24.7,26.5, 5.8, 25,    11,    45, 0.5098, 0.4446
M5,01/07/23,18:27:34,    11,  8671,   497, 1008.9, 300,21.7,28.0, 0.0,  0, 0.0000,     0,24.7,26.5, 5.8, 25,    11,    46, 0.5114, 0.4461
M5,01/07/23,18:27:35,    11,  8672,   497, 1008.9, 300,21.7,28.0, 0.0,  0, 0.0000,     0,24.7,26.5, 5.8, 25,    11,    47, 0.5122, 0.4493
M5,01/07/23,18:27:36,    11,  8673,   497, 1008.9, 300,21.7,27.9, 0.0,  0, 0.0000,     0,24.7,26.5, 5.8, 25,    12,    48, 0.5131, 0.4507
M5,01/07/23,18:27:37,    11,  8674,   498, 1008.9, 300,21.7,27.9, 0.0,  0, 0.0000,     0,24.7,26.5, 5.8, 25,    12,    49, 0.5146, 0.4510
M5,01/07/23,18:27:38,    11,  8675,   498, 1008.9, 300,21.7,27.9, 0.0,  0, 0.0000,     0,24.7,26.5, 5.8, 25,    13,    50, 0.5157, 0.4534
M5,01/07/23,18:27:39,    11,  8676,   499, 1008.9, 301,21.7,27.9, 0.0,  0, 0.0000,     0,24.7,26.5, 5.8, 25,    13,    51, 0.5161, 0.4571
M5,01/07/23,18:27:40,    11,  8677,   499, 1008.9, 300,21.7,27.9, 0.0,  0, 0.0000,     0,24.7,26.5, 5.8, 25,    14,    52, 0.5176, 0.4567
M5,01/07/23,18:27:41,    11,  8678,   500, 1008.9, 300,21.7,27.9, 0.0,  0, 0.0000,     0,24.7,26.5, 5.8, 25,    14,    53, 0.5192, 0.4558
M5,01/07/23,18:27:42,    11,  8679,   500, 1008.9, 300,21.7,27.9, 0.0,  0, 0.0000,     0,24.7,26.5, 5.8, 25,    15,    54, 0.5203, 0.4569
M5,01/07/23,18:27:43,    11,  8680,   501, 1008.9, 300,21.7,27.9, 0.0,  0, 0.0000,     0,24.7,26.5, 5.8, 25,    15,    55, 0.5222, 0.4553
M5,01/07/23,18:27:44,    11,  8681,   502, 1008.9, 300,21.7,27.9, 0.0,  0, 0.0000,     0,24.7,26.5, 5.8, 25,    16,    56, 0.5247, 0.4514
M5,01/07/23,18:27:45,    11,  8682,   502, 1008.9, 300,21.7,27.9, 0.0,  0, 0.0000,     0,24.7,26.5, 5.8, 25,    16,    57, 0.5265, 0.4498
M5,01/07/23,18:27:46,    11,  8683,   502, 1008.9, 300,21.7,27.9, 0.0,  0, 0.0000,     0,24.7,26.5, 5.8, 25,    17,    58, 0.5284, 0.4483
M5,01/07/23,18:27:47,    11,  8684,   503, 1008.9, 300,21.7,27.9, 0.0,  0, 0.0000,     0,24.7,26.5, 6.1, 25,    17,    59, 0.5304, 0.4468
M5,01/07/23,18:27:49,    11,  8685,   503, 1008.9, 300,21.8,27.9, 0.0,  0, 0.0000,     0,24.7,26.5, 6.1, 25,    18,    60, 0.5322, 0.4475
R5,01/07/23,18:27:49,    11,  8685,   503, 1008.9, 300,21.8,27.9, 0.0,  0, 0.0000,     0,24.7,26.5, 6.1, 25,    18,    60, 0.5322, 0.4475
End
Start
M5,01/07/23,18:28:39,    11,  8735,   421, 1008.9, 300,20.7,27.9, 0.0,  0, 0.0000,     0,24.7,26.2, 5.9, 20,     2,     1, 0.0000, 0.0000
M5,01/07/23,18:28:40,    11,  8736,   423, 1008.9, 300,20.7,27.9, 0.0,  0, 0.0000,     0,24.7,26.2, 5.9, 20,     4,     2, 0.0000, 0.0000
M5,01/07/23,18:28:41,    11,  8737,   424, 1008.9, 300,20.7,27.9, 0.0,  0, 0.0000,     0,24.7,26.3, 5.9, 20,     5,     3, 0.0000, 0.0000
M5,01/07/23,18:28:42,    11,  8738,   425, 1008.9, 300,20.7,27.9, 0.0,  0, 0.0000,     0,24.7,26.3, 5.9, 20,     6,     4, 0.0000, 0.0000
M5,01/07/23,18:28:43,    11,  8739,   426, 1008.9, 300,20.7,27.9, 0.0,  0, 0.0000,     0,24.7,26.3, 5.9, 20,     7,     5, 0.0000, 0.0000
M5,01/07/23,18:28:44,    11,  8740,   427, 1008.9, 300,20.7,28.0, 0.0,  0, 0.0000,     0,24.7,26.3, 5.9, 20,     8,     6, 0.0000, 0.0000
M5,01/07/23,18:28:45,    11,  8741,   428, 1008.9, 300,20.7,28.0, 0.0,  0, 0.0000,     0,24.7,26.4, 5.9, 20,     9,     7, 0.0000, 0.0000
M5,01/07/23,18:28:46,    11,  8742,   428, 1008.9, 300,20.7,27.9, 0.0,  0, 0.0000,     0,24.7,26.4, 5.9, 20,    10,     8, 0.0000, 0.0000
M5,01/07/23,18:28:47,    11,  8743,   429, 1008.9, 300,20.7,27.9, 0.0,  0, 0.0000,     0,24.7,26.4, 5.9, 20,    10,     9, 0.0000, 0.0000
M5,01/07/23,18:28:48,    11,  8744,   430, 1008.9, 300,20.8,28.0, 0.0,  0, 0.0000,     0,24.7,26.4, 5.9, 25,    11,    10, 0.0000, 0.0000
M5,01/07/23,18:28:49,    11,  8745,   430, 1008.9, 300,20.8,28.0, 0.0,  0, 0.0000,     0,24.7,26.5, 5.9, 25,    12,    11, 0.0000, 0.0000
M5,01/07/23,18:28:50,    11,  8746,   431, 1008.9, 300,20.8,28.0, 0.0,  0, 0.0000,     0,24.7,26.5, 5.9, 25,    12,    12, 0.0000, 0.0000
M5,01/07/23,18:28:51,    11,  8747,   431, 1008.9, 300,20.8,27.9, 0.0,  0, 0.0000,     0,24.7,26.5, 5.9, 25,    13,    13, 0.6640, 0.8141
M5,01/07/23,18:28:52,    11,  8748,   432, 1008.9, 300,20.8,27.9, 0.0,  0, 0.0000,     0,24.7,26.5, 5.9, 25,    13,    14, 0.6034, 0.8321
M5,01/07/23,18:28:53,    11,  8749,   432, 1008.9, 300,20.8,27.9, 0.0,  0, 0.0000,     0,24.7,26.5, 5.9, 25,    13,    15, 0.5611, 0.8114
M5,01/07/23,18:28:54,    11,  8750,   432, 1008.9, 300,20.8,27.9, 0.0,  0, 0.0000,     0,24.7,26.5, 5.9, 25,    14,    16, 0.5489, 0.7203
M5,01/07/23,18:28:55,    11,  8751,   433, 1008.9, 300,20.8,27.9, 0.0,  0, 0.0000,     0,24.7,26.5, 5.9, 25,    14,    17, 0.5669, 0.6079
M5,01/07/23,18:28:56,    11,  8752,   434, 1008.9, 300,20.8,27.9, 0.0,  0, 0.0000,     0,24.7,26.6, 5.9, 25,    15,    18, 0.5769, 0.5636
M5,01/07/23,18:28:57,    11,  8753,   434, 1008.9, 300,20.8,27.9, 0.0,  0, 0.0000,     0,24.7,26.6, 5.9, 25,    16,    19, 0.6054, 0.4877
M5,01/07/23,18:28:58,    11,  8754,   435, 1008.9, 300,20.9,27.9, 0.0,  0, 0.0000,     0,24.7,26.6, 5.9, 25,    16,    20, 0.6313, 0.4543
M5,01/07/23,18:28:59,    11,  8755,   436, 1008.9, 300,20.9,27.9, 0.0, 21, 0.0000,     0,24.7,26.6, 5.9, 25,    17,    21, 0.6522, 0.4430
M5,01/07/23,18:29:00,    11,  8756,   436, 1008.9, 300,20.9,27.9, 0.0, 21, 0.0000,     0,24.7,26.6, 5.9, 25,    18,    22, 0.6655, 0.4674
M5,01/07/23,18:29:01,    11,  8757,   437, 1008.9, 300,20.9,27.9, 0.0, 21, 0.0000,     0,24.7,26.6, 5.9, 25,    18,    23, 0.6764, 0.4825
M5,01/07/23,18:29:02,    11,  8758,   437, 1008.9, 300,20.9,27.9, 0.0,  0, 0.0000,     0,24.7,26.6, 5.9, 25,    19,    24, 0.6771, 0.5267
M5,01/07/23,18:29:03,    11,  8759,   438, 1008.9, 300,20.9,27.9, 0.0,  0, 0.0000,     0,24.7,26.6, 5.9, 25,    19,    25, 0.6713, 0.5775
M5,01/07/23,18:29:04,    11,  8760,   438, 1008.9, 300,20.9,27.9, 0.0,  0, 0.0000,     0,24.7,26.6, 5.9, 25,    19,    26, 0.6649, 0.6167
M5,01/07/23,18:29:05,    11,  8761,   439, 1008.9, 300,20.9,27.9, 0.0,  0, 0.0000,     0,24.7,26.6, 5.9, 25,    20,    27, 0.6641, 0.6327
M5,01/07/23,18:29:06,    11,  8762,   439, 1008.9, 300,20.9,27.9, 0.0,  0, 0.0000,     0,24.7,26.6, 5.9, 25,    21,    28, 0.6681, 0.6242
M5,01/07/23,18:29:07,    11,  8763,   440, 1008.9, 300,21.0,27.9, 0.0,  0, 0.0000,     0,24.7,26.6, 5.9, 25,    22,    29, 0.6739, 0.6146
M5,01/07/23,18:29:08,    11,  8764,   441, 1008.9, 300,21.0,27.9, 0.0,  0, 0.0000,     0,24.7,26.6, 5.9, 25,    22,    30, 0.6794, 0.6052
M5,01/07/23,18:29:09,    11,  8765,   441, 1008.9, 300,21.0,27.9, 0.0,  0, 0.0000,     0,24.7,26.6, 5.9, 25,    23,    31, 0.6809, 0.6139
M5,01/07/23,18:29:10,    11,  8766,   441, 1008.9, 300,21.0,27.9, 0.0,  0, 0.0000,     0,24.7,26.6, 5.9, 25,    23,    32, 0.6786, 0.6314
M5,01/07/23,18:29:11,    11,  8767,   442, 1008.9, 300,21.0,27.9, 0.0,  0, 0.0000,     0,24.7,26.6, 5.9, 25,    23,    33, 0.6750, 0.6539
M5,01/07/23,18:29:12,    11,  8768,   442, 1008.9, 300,21.0,27.9, 0.0,  0, 0.0000,     0,24.7,26.6, 5.9, 25,    24,    34, 0.6690, 0.6765
M5,01/07/23,18:29:13,    11,  8769,   443, 1008.9, 300,21.0,27.9, 0.0,  0, 0.0000,     0,24.7,26.6, 5.9, 25,    24,    35, 0.6637, 0.6925
M5,01/07/23,18:29:14,    11,  8770,   443, 1008.9, 300,21.1,27.9, 0.0,  0, 0.0000,     0,24.7,26.6, 5.9, 25,    25,    36, 0.6598, 0.7035
M5,01/07/23,18:29:15,    11,  8771,   444, 1008.9, 300,21.1,27.9, 0.0,  0, 0.0000,     0,24.7,26.6, 5.9, 25,    25,    37, 0.6558, 0.7105
M5,01/07/23,18:29:16,    11,  8772,   444, 1008.9, 300,21.1,27.9, 0.0,  0, 0.0000,     0,24.7,26.6, 5.9, 25,    26,    38, 0.6544, 0.7106
M5,01/07/23,18:29:17,    11,  8773,   445, 1008.9, 300,21.1,27.9, 0.0,  0, 0.0000,     0,24.7,26.6, 5.9, 25,    26,    39, 0.6510, 0.7143
M5,01/07/23,18:29:18,    11,  8774,   445, 1008.9, 300,21.1,27.9, 0.0,  0, 0.0000,     0,24.7,26.7, 5.9, 25,    27,    40, 0.6480, 0.7162
M5,01/07/23,18:29:19,    11,  8775,   446, 1008.9, 300,21.1,27.9, 0.0,  0, 0.0000,     0,24.7,26.7, 5.9, 25,    27,    41, 0.6454, 0.7167
M5,01/07/23,18:29:20,    11,  8776,   446, 1008.9, 300,21.1,27.9, 0.0,  0, 0.0000,     0,24.7,26.7, 5.9, 25,    27,    42, 0.6419, 0.7201
M5,01/07/23,18:29:21,    11,  8777,   446, 1008.9, 300,21.1,27.9, 0.0,  0, 0.0000,     0,24.7,26.7, 5.9, 25,    28,    43, 0.6374, 0.7294
M5,01/07/23,18:29:22,    11,  8778,   447, 1008.9, 300,21.1,27.9, 0.0,  0, 0.0000,     0,24.7,26.6, 5.9, 25,    28,    44, 0.6330, 0.7345
M5,01/07/23,18:29:23,    11,  8779,   447, 1008.9, 300,21.1,27.9, 0.0,  0, 0.0000,     0,24.7,26.7, 5.9, 25,    29,    45, 0.6313, 0.7307
M5,01/07/23,18:29:24,    11,  8780,   448, 1008.9, 300,21.1,27.9, 0.0,  0, 0.0000,     0,24.7,26.7, 5.9, 25,    29,    46, 0.6292, 0.7274
M5,01/07/23,18:29:25,    11,  8781,   448, 1008.9, 300,21.2,27.9, 0.0,  0, 0.0000,     0,24.7,26.7, 5.9, 25,    30,    47, 0.6268, 0.7269
M5,01/07/23,18:29:26,    11,  8782,   449, 1008.9, 300,21.2,27.9, 0.0,  0, 0.0000,     0,24.7,26.7, 5.9, 25,    30,    48, 0.6245, 0.7249
M5,01/07/23,18:29:27,    11,  8783,   449, 1008.9, 300,21.2,27.9, 0.0,  0, 0.0000,     0,24.7,26.7, 5.9, 25,    31,    49, 0.6224, 0.7222
M5,01/07/23,18:29:28,    11,  8784,   450, 1008.9, 300,21.2,27.9, 0.0,  0, 0.0000,     0,24.7,26.7, 5.9, 25,    31,    50, 0.6204, 0.7219
M5,01/07/23,18:29:29,    11,  8785,   450, 1008.9, 300,21.2,27.9, 0.0,  0, 0.0000,     0,24.7,26.7, 5.9, 25,    31,    51, 0.6175, 0.7225
M5,01/07/23,18:29:30,    11,  8786,   450, 1008.9, 300,21.2,27.9, 0.0,  0, 0.0000,     0,24.7,26.7, 5.9, 25,    32,    52, 0.6149, 0.7217
M5,01/07/23,18:29:31,    11,  8787,   451, 1008.9, 300,21.2,27.9, 0.0,  0, 0.0000,     0,24.7,26.7, 5.9, 25,    32,    53, 0.6134, 0.7176
M5,01/07/23,18:29:32,    11,  8788,   452, 1008.9, 300,21.2,27.9, 0.0,  0, 0.0000,     0,24.7,26.7, 5.9, 25,    33,    54, 0.6129, 0.7113
M5,01/07/23,18:29:33,    11,  8789,   452, 1008.9, 300,21.2,27.9, 0.0,  0, 0.0000,     0,24.7,26.7, 5.9, 25,    33,    55, 0.6116, 0.7071
M5,01/07/23,18:29:34,    11,  8790,   452, 1008.9, 300,21.3,27.9, 0.0,  0, 0.0000,     0,24.7,26.7, 5.9, 25,    34,    56, 0.6104, 0.7052
M5,01/07/23,18:29:35,    11,  8791,   453, 1008.9, 300,21.3,27.9, 0.0,  0, 0.0000,     0,24.7,26.7, 5.9, 25,    34,    57, 0.6084, 0.7042
M5,01/07/23,18:29:36,    11,  8792,   453, 1008.9, 300,21.3,27.9, 0.0,  0, 0.0000,     0,24.7,26.7, 5.9, 25,    35,    58, 0.6067, 0.7025
M5,01/07/23,18:29:37,    11,  8793,   454, 1008.9, 300,21.3,27.9, 0.0,  0, 0.0000,     0,24.7,26.6, 5.9, 25,    35,    59, 0.6050, 0.7022
M5,01/07/23,18:29:38,    11,  8794,   454, 1008.9, 300,21.3,27.9, 0.0,  0, 0.0000,     0,24.7,26.7, 5.9, 25,    35,    60, 0.6028, 0.7024
R5,01/07/23,18:29:38,    11,  8794,   454, 1008.9, 300,21.3,27.9, 0.0,  0, 0.0000,     0,24.7,26.7, 5.9, 25,    35,    60, 0.6028, 0.7024
End
Start
M5,01/07/23,18:30:23,    11,  8839,   435, 1008.9, 300,21.0,27.9, 0.0,  0, 0.0000,     0,24.4,26.1, 5.9, 20,     1,     1, 0.0000, 0.0000
M5,01/07/23,18:30:24,    11,  8840,   436, 1008.9, 300,21.0,27.9, 0.0,  0, 0.0000,     0,24.4,26.1, 5.9, 20,     2,     2, 0.0000, 0.0000
M5,01/07/23,18:30:25,    11,  8841,   437, 1008.9, 300,21.0,27.9, 0.0,  0, 0.0000,     0,24.4,26.1, 5.9, 20,     3,     3, 0.0000, 0.0000
M5,01/07/23,18:30:26,    11,  8842,   438, 1008.9, 300,21.0,27.9, 0.0,  0, 0.0000,     0,24.4,26.2, 5.9, 20,     4,     4, 0.0000, 0.0000
M5,01/07/23,18:30:27,    11,  8843,   439, 1008.9, 300,21.1,27.9, 0.0,  0, 0.0000,     0,24.4,26.2, 5.9, 20,     4,     5, 0.0000, 0.0000
M5,01/07/23,18:30:28,    11,  8844,   439, 1008.9, 300,21.1,27.9, 0.0,  0, 0.0000,     0,24.4,26.2, 5.9, 20,     5,     6, 0.0000, 0.0000
M5,01/07/23,18:30:29,    11,  8845,   440, 1008.9, 300,21.1,27.9, 0.0,  0, 0.0000,     0,24.4,26.2, 5.9, 20,     6,     7, 0.0000, 0.0000
M5,01/07/23,18:30:30,    11,  8846,   440, 1008.9, 300,21.0,27.9, 0.0,  0, 0.0000,     0,24.4,26.2, 5.9, 20,     6,     8, 0.0000, 0.0000
M5,01/07/23,18:30:31,    11,  8847,   441, 1008.9, 300,21.0,27.9, 0.0,  0, 0.0000,     0,24.4,26.2, 5.9, 20,     7,     9, 0.0000, 0.0000
M5,01/07/23,18:30:32,    11,  8848,   441, 1008.9, 300,21.1,27.9, 0.0,  0, 0.0000,     0,24.4,26.2, 5.9, 25,     7,    10, 0.0000, 0.0000
M5,01/07/23,18:30:33,    11,  8849,   442, 1008.9, 300,21.1,27.9, 0.0,  0, 0.0000,     0,24.4,26.2, 5.9, 25,     7,    11, 0.0000, 0.0000
M5,01/07/23,18:30:34,    11,  8850,   442, 1008.9, 300,21.1,27.9, 0.0,  0, 0.0000,     0,24.4,26.2, 5.9, 25,     8,    12, 0.0000, 0.0000
M5,01/07/23,18:30:35,    11,  8851,   443, 1008.9, 300,21.1,27.9, 0.0, 21, 0.0000,     0,24.4,26.2, 5.9, 25,     8,    13, 0.5575, 0.3959
M5,01/07/23,18:30:36,    11,  8852,   443, 1008.9, 301,21.1,27.9, 0.0,  0, 0.0000,     0,24.4,26.2, 5.9, 25,     9,    14, 0.5357, 0.5316
M5,01/07/23,18:30:37,    11,  8853,   443, 1008.9, 300,21.1,27.9, 0.0,  0, 0.0000,     0,24.4,26.3, 5.9, 25,     9,    15, 0.5136, 0.5857
M5,01/07/23,18:30:39,    11,  8854,   444, 1008.9, 300,21.1,27.9, 0.0,  0, 0.0000,     0,24.4,26.3, 5.9, 25,    10,    16, 0.5149, 0.5454
M5,01/07/23,18:30:40,    11,  8855,   444, 1008.9, 300,21.2,27.9, 0.0,  0, 0.0000,     0,24.4,26.3, 5.9, 25,    10,    17, 0.5073, 0.5555
M5,01/07/23,18:30:41,    11,  8856,   445, 1008.9, 300,21.2,27.9, 0.0,  0, 0.0000,     0,24.4,26.3, 5.9, 25,    10,    18, 0.5097, 0.5282
M5,01/07/23,18:30:42,    11,  8857,   445, 1008.9, 300,21.2,27.9, 0.0,  0, 0.0000,     0,24.4,26.3, 5.9, 25,    11,    19, 0.5296, 0.4727
M5,01/07/23,18:30:43,    11,  8858,   446, 1008.9, 300,21.2,27.9, 0.0,  0, 0.0000,     0,24.4,26.3, 5.9, 25,    12,    20, 0.5522, 0.4238
M5,01/07/23,18:30:44,    11,  8859,   446, 1008.9, 300,21.2,27.9, 0.0,  0, 0.0000,     0,24.4,26.3, 5.9, 25,    12,    21, 0.5602, 0.4378
M5,01/07/23,18:30:45,    11,  8860,   447, 1008.9, 300,21.2,27.9, 0.0,  0, 0.0000,     0,24.4,26.3, 5.9, 25,    13,    22, 0.5644, 0.4564
M5,01/07/23,18:30:46,    11,  8861,   447, 1008.9, 300,21.2,27.9, 0.0,  0, 0.0000,     0,24.4,26.3, 5.9, 25,    13,    23, 0.5626, 0.4876
M5,01/07/23,18:30:47,    11,  8862,   447, 1008.9, 300,21.2,27.9, 0.0,  0, 0.0000,     0,24.4,26.3, 5.9, 25,    13,    24, 0.5631, 0.5042
M5,01/07/23,18:30:48,    11,  8863,   448, 1008.9, 300,21.2,27.9, 0.0,  0, 0.0000,     0,24.4,26.3, 5.9, 25,    14,    25, 0.5642, 0.5125
M5,01/07/23,18:30:49,    11,  8864,   448, 1008.9, 300,21.2,27.9, 0.0,  0, 0.0000,     0,24.4,26.3, 5.9, 25,    14,    26, 0.5667, 0.5175
M5,01/07/23,18:30:50,    11,  8865,   449, 1008.9, 300,21.2,27.9, 0.0,  0, 0.0000,     0,24.4,26.3, 5.9, 25,    15,    27, 0.5724, 0.5073
M5,01/07/23,18:30:51,    11,  8866,   450, 1008.9, 300,21.3,27.9, 0.0,  0, 0.0000,     0,24.4,26.3, 5.9, 25,    15,    28, 0.5755, 0.5150
M5,01/07/23,18:30:52,    11,  8867,   450, 1008.9, 300,21.3,27.9, 0.0,  0, 0.0000,     0,24.4,26.3, 5.9, 25,    16,    29, 0.5742, 0.5290
M5,01/07/23,18:30:53,    11,  8868,   450, 1008.9, 300,21.3,27.9, 0.0,  0, 0.0000,     0,24.4,26.3, 5.9, 25,    16,    30, 0.5711, 0.5460
M5,01/07/23,18:30:54,    11,  8869,   451, 1008.9, 300,21.3,27.9, 0.0,  0, 0.0000,     0,24.4,26.3, 5.9, 25,    17,    31, 0.5684, 0.5550
M5,01/07/23,18:30:55,    11,  8870,   451, 1008.9, 300,21.3,27.9, 0.0,  0, 0.0000,     0,24.4,26.3, 5.9, 25,    17,    32, 0.5697, 0.5520
M5,01/07/23,18:30:56,    11,  8871,   452, 1008.9, 300,21.3,27.9, 0.0,  0, 0.0000,     0,24.4,26.3, 5.9, 25,    18,    33, 0.5737, 0.5427
M5,01/07/23,18:30:57,    11,  8872,   452, 1008.9, 300,21.3,27.9, 0.0,  0, 0.0000,     0,24.4,26.3, 5.9, 25,    18,    34, 0.5767, 0.5360
M5,01/07/23,18:30:58,    11,  8873,   453, 1008.9, 300,21.3,27.9, 0.0,  0, 0.0000,     0,24.4,26.3, 5.9, 25,    19,    35, 0.5816, 0.5265
M5,01/07/23,18:30:59,    11,  8874,   453, 1008.9, 300,21.3,27.9, 0.0,  0, 0.0000,     0,24.4,26.3, 5.9, 25,    19,    36, 0.5837, 0.5261
M5,01/07/23,18:31:00,    11,  8875,   454, 1008.9, 300,21.3,27.9, 0.0,  0, 0.0000,     0,24.4,26.3, 5.9, 25,    20,    37, 0.5840, 0.5317
M5,01/07/23,18:31:01,    11,  8876,   454, 1008.9, 300,21.4,27.9, 0.0,  0, 0.0000,     0,24.4,26.3, 5.9, 25,    20,    38, 0.5855, 0.5369
M5,01/07/23,18:31:02,    11,  8877,   455, 1008.9, 300,21.4,27.9, 0.0,  0, 0.0000,     0,24.4,26.3, 5.9, 25,    21,    39, 0.5861, 0.5401
M5,01/07/23,18:31:03,    11,  8878,   455, 1008.9, 300,21.4,27.9, 0.0,  0, 0.0000,     0,24.4,26.3, 5.9, 25,    21,    40, 0.5857, 0.5471
M5,01/07/23,18:31:04,    11,  8879,   455, 1008.9, 300,21.4,27.9, 0.0,  0, 0.0000,     0,24.4,26.3, 5.9, 25,    21,    41, 0.5843, 0.5562
M5,01/07/23,18:31:05,    11,  8880,   456, 1008.9, 299,21.4,27.9, 0.0,  0, 0.0000,     0,24.4,26.3, 5.9, 25,    22,    42, 0.5819, 0.5673
M5,01/07/23,18:31:06,    11,  8881,   456, 1008.9, 300,21.4,27.9, 0.0,  0, 0.0000,     0,24.4,26.3, 5.9, 25,    22,    43, 0.5801, 0.5745
M5,01/07/23,18:31:07,    11,  8882,   457, 1008.9, 300,21.4,27.9, 0.0,  0, 0.0000,     0,24.4,26.3, 5.9, 25,    23,    44, 0.5790, 0.5794
M5,01/07/23,18:31:08,    11,  8883,   457, 1008.9, 300,21.4,27.9, 0.0,  0, 0.0000,     0,24.4,26.3, 5.9, 25,    23,    45, 0.5771, 0.5854
M5,01/07/23,18:31:09,    11,  8884,   457, 1008.9, 300,21.4,27.9, 0.0,  0, 0.0000,     0,24.4,26.3, 5.9, 25,    23,    46, 0.5748, 0.5922
M5,01/07/23,18:31:10,    11,  8885,   458, 1008.9, 300,21.4,27.9, 0.0,  0, 0.0000,     0,24.4,26.3, 5.9, 25,    24,    47, 0.5735, 0.5964
M5,01/07/23,18:31:11,    11,  8886,   458, 1008.9, 300,21.4,27.9, 0.0,  0, 0.0000,     0,24.4,26.3, 5.9, 25,    24,    48, 0.5722, 0.5983
M5,01/07/23,18:31:12,    11,  8887,   459, 1008.9, 300,21.4,27.9, 0.0,  0, 0.0000,     0,24.4,26.3, 5.9, 25,    25,    49, 0.5706, 0.6016
M5,01/07/23,18:31:13,    11,  8888,   459, 1008.9, 300,21.4,27.9, 0.0,  0, 0.0000,     0,24.4,26.3, 5.9, 25,    25,    50, 0.5687, 0.6053
M5,01/07/23,18:31:14,    11,  8889,   460, 1008.9, 300,21.4,27.9, 0.0,  0, 0.0000,     0,24.4,26.3, 5.9, 25,    26,    51, 0.5671, 0.6071
M5,01/07/23,18:31:15,    11,  8890,   460, 1008.9, 300,21.4,27.9, 0.0,  0, 0.0000,     0,24.4,26.3, 5.9, 25,    26,    52, 0.5659, 0.6073
M5,01/07/23,18:31:16,    11,  8891,   461, 1008.9, 300,21.4,27.9, 0.0,  0, 0.0000,     0,24.4,26.3, 5.9, 25,    26,    53, 0.5645, 0.6087
M5,01/07/23,18:31:17,    11,  8892,   461, 1008.9, 300,21.4,27.9, 0.0,  0, 0.0000,     0,24.4,26.3, 5.9, 25,    27,    54, 0.5636, 0.6089
M5,01/07/23,18:31:18,    11,  8893,   462, 1008.9, 300,21.4,27.9, 0.0,  0, 0.0000,     0,24.4,26.3, 5.9, 25,    27,    55, 0.5628, 0.6078
M5,01/07/23,18:31:19,    11,  8894,   462, 1008.9, 300,21.4,27.9, 0.0,  0, 0.0000,     0,24.4,26.3, 5.9, 25,    28,    56, 0.5622, 0.6059
M5,01/07/23,18:31:20,    11,  8895,   462, 1008.9, 300,21.4,27.9, 0.0,  0, 0.0000,     0,24.4,26.3, 5.9, 25,    28,    57, 0.5613, 0.6053
M5,01/07/23,18:31:21,    11,  8896,   463, 1008.9, 300,21.5,27.9, 0.0,  0, 0.0000,     0,24.4,26.3, 5.9, 25,    29,    58, 0.5609, 0.6041
M5,01/07/23,18:31:22,    11,  8897,   463, 1008.9, 300,21.5,27.9, 0.0,  0, 0.0000,     0,24.4,26.3, 5.9, 25,    29,    59, 0.5605, 0.6020
M5,01/07/23,18:31:23,    11,  8898,   464, 1008.9, 300,21.5,27.9, 0.0,  0, 0.0000,     0,24.4,26.3, 5.9, 25,    30,    60, 0.5598, 0.6012
R5,01/07/23,18:31:23,    11,  8898,   464, 1008.9, 300,21.5,27.9, 0.0,  0, 0.0000,     0,24.4,26.3, 5.9, 25,    30,    60, 0.5598, 0.6012
End
Start
M5,01/07/23,18:32:07,    11,  8942,   425, 1008.9, 300,20.8,27.8, 0.0,  0, 0.0000,     0,24.4,25.6, 5.9, 20,     1,     1, 0.0000, 0.0000
M5,01/07/23,18:32:08,    11,  8943,   426, 1008.9, 300,20.8,27.8, 0.0,  0, 0.0000,     0,24.4,25.6, 5.9, 20,     2,     2, 0.0000, 0.0000
M5,01/07/23,18:32:09,    11,  8944,   427, 1008.9, 300,20.8,27.8, 0.0,  0, 0.0000,     0,24.4,25.6, 5.9, 20,     4,     3, 0.0000, 0.0000
M5,01/07/23,18:32:10,    11,  8945,   428, 1008.9, 300,20.8,27.8, 0.0,  0, 0.0000,     0,24.4,25.7, 5.9, 20,     4,     4, 0.0000, 0.0000
M5,01/07/23,18:32:11,    11,  8946,   428, 1008.9, 300,20.8,27.8, 0.0,  0, 0.0000,     0,24.4,25.7, 5.9, 20,     5,     5, 0.0000, 0.0000
M5,01/07/23,18:32:12,    11,  8947,   429, 1008.9, 300,20.8,27.8, 0.0,  0, 0.0000,     0,24.4,25.7, 5.9, 20,     5,     6, 0.0000, 0.0000
M5,01/07/23,18:32:13,    11,  8948,   429, 1008.9, 300,20.8,27.8, 0.0,  0, 0.0000,     0,24.4,25.7, 5.9, 20,     6,     7, 0.0000, 0.0000
M5,01/07/23,18:32:14,    11,  8949,   430, 1008.9, 300,20.8,27.8, 0.0,  0, 0.0000,     0,24.4,25.7, 5.9, 20,     6,     8, 0.0000, 0.0000
M5,01/07/23,18:32:15,    11,  8950,   430, 1008.9, 300,20.8,27.8, 0.0,  0, 0.0000,     0,24.2,25.7, 5.9, 20,     7,     9, 0.0000, 0.0000
M5,01/07/23,18:32:16,    11,  8951,   431, 1008.9, 300,20.8,27.8, 0.0,  0, 0.0000,     0,24.2,25.7, 5.9, 25,     7,    10, 0.0000, 0.0000
M5,01/07/23,18:32:17,    11,  8952,   432, 1008.9, 301,20.8,27.8, 0.0,  0, 0.0000,     0,24.2,25.8, 5.9, 25,     8,    11, 0.0000, 0.0000
M5,01/07/23,18:32:18,    11,  8953,   432, 1008.9, 300,20.8,27.8, 0.0,  0, 0.0000,     0,24.2,25.8, 5.9, 25,     8,    12, 0.0000, 0.0000
M5,01/07/23,18:32:19,    11,  8954,   433, 1008.9, 300,20.9,27.8, 0.0,  0, 0.0000,     0,24.2,25.8, 5.9, 25,     9,    13, 0.6722, 0.8134
M5,01/07/23,18:32:20,    11,  8955,   433, 1008.9, 300,20.9,27.8, 0.0,  0, 0.0000,     0,24.2,25.8, 5.9, 25,     9,    14, 0.6511, 0.7620
M5,01/07/23,18:32:21,    11,  8956,   434, 1008.9, 300,20.9,27.8, 0.0,  0, 0.0000,     0,24.2,25.8, 5.9, 25,    10,    15, 0.6686, 0.6678
M5,01/07/23,18:32:22,    11,  8957,   434, 1008.9, 300,20.9,27.8, 0.0,  0, 0.0000,     0,24.2,25.8, 5.9, 25,    11,    16, 0.6892, 0.6180
M5,01/07/23,18:32:23,    11,  8958,   435, 1008.9, 300,20.9,27.8, 0.0,  0, 0.0000,     0,24.2,25.8, 5.9, 25,    11,    17, 0.6935, 0.6446
M5,01/07/23,18:32:24,    11,  8959,   435, 1008.9, 300,20.9,27.8, 0.0,  0, 0.0000,     0,24.2,25.8, 5.9, 25,    12,    18, 0.6883, 0.6743
M5,01/07/23,18:32:25,    11,  8960,   436, 1008.8, 300,20.9,27.8, 0.0,  0, 0.0000,     0,24.2,25.8, 5.9, 25,    12,    19, 0.6696, 0.7285
M5,01/07/23,18:32:26,    11,  8961,   436, 1008.8, 300,20.9,27.8, 0.0,  0, 0.0000,     0,24.2,25.8, 5.9, 25,    13,    20, 0.6663, 0.7198
M5,01/07/23,18:32:27,    11,  8962,   437, 1008.8, 301,20.9,27.8, 0.0,  0, 0.0000,     0,24.2,25.9, 5.9, 25,    13,    21, 0.6695, 0.6930
M5,01/07/23,18:32:28,    11,  8963,   437, 1008.8, 300,20.9,27.8, 0.0,  0, 0.0000,     0,24.2,25.9, 5.9, 25,    14,    22, 0.6700, 0.6861
M5,01/07/23,18:32:29,    11,  8964,   438, 1008.9, 300,20.9,27.8, 0.0,  0, 0.0000,     0,24.2,25.9, 5.9, 25,    14,    23, 0.6677, 0.6874
M5,01/07/23,18:32:30,    11,  8965,   438, 1008.9, 301,21.0,27.8, 0.0,  0, 0.0000,     0,24.2,25.9, 5.9, 25,    15,    24, 0.6611, 0.7079
M5,01/07/23,18:32:31,    11,  8966,   439, 1008.9, 300,21.0,27.8, 0.0,  0, 0.0000,     0,24.2,25.9, 5.9, 25,    15,    25, 0.6590, 0.7026
M5,01/07/23,18:32:32,    11,  8967,   440, 1008.9, 300,21.0,27.8, 0.0,  0, 0.0000,     0,24.2,25.9, 5.9, 25,    16,    26, 0.6605, 0.6871
M5,01/07/23,18:32:33,    11,  8968,   440, 1008.9, 300,21.0,27.8, 0.0,  0, 0.0000,     0,24.2,25.9, 5.9, 25,    16,    27, 0.6606, 0.6800
M5,01/07/23,18:32:34,    11,  8969,   440, 1008.9, 300,21.0,27.8, 0.0,  0, 0.0000,     0,24.2,25.9, 5.9, 25,    17,    28, 0.6535, 0.6985
M5,01/07/23,18:32:35,    11,  8970,   440, 1008.9, 300,21.0,27.8, 0.0,  0, 0.0000,     0,24.2,25.9, 5.9, 25,    17,    29, 0.6426, 0.7285
M5,01/07/23,18:32:36,    11,  8971,   441, 1008.9, 300,21.0,27.8, 0.0,  0, 0.0000,     0,24.2,25.9, 5.9, 25,    17,    30, 0.6309, 0.7514
M5,01/07/23,18:32:37,    11,  8972,   441, 1008.9, 300,21.0,27.8, 0.0,  0, 0.0000,     0,24.2,25.9, 5.9, 25,    17,    31, 0.6201, 0.7694
M5,01/07/23,18:32:38,    11,  8973,   441, 1008.9, 300,21.0,27.8, 0.0,  0, 0.0000,     0,24.2,25.9, 5.9, 25,    18,    32, 0.6067, 0.7898
M5,01/07/23,18:32:39,    11,  8974,   441, 1008.9, 300,21.0,27.8, 0.0,  0, 0.0000,     0,24.2,25.9, 5.9, 25,    18,    33, 0.5929, 0.8100
M5,01/07/23,18:32:40,    11,  8975,   442, 1008.9, 299,21.0,27.8, 0.0,  0, 0.0000,     0,24.2,25.9, 5.9, 25,    18,    34, 0.5819, 0.8146
M5,01/07/23,18:32:41,    11,  8976,   442, 1008.9, 300,21.0,27.8, 0.0,  0, 0.0000,     0,24.2,25.9, 5.9, 25,    19,    35, 0.5717, 0.8153
M5,01/07/23,18:32:42,    11,  8977,   443, 1008.9, 300,21.1,27.8, 0.0,  0, 0.0000,     0,24.2,25.9, 5.9, 25,    19,    36, 0.5642, 0.8079
M5,01/07/23,18:32:43,    11,  8978,   443, 1008.9, 300,21.1,27.8, 0.0,  0, 0.0000,     0,24.2,25.9, 5.9, 25,    20,    37, 0.5584, 0.7949
M5,01/07/23,18:32:44,    11,  8979,   444, 1008.9, 300,21.1,27.8, 0.0,  0, 0.0000,     0,24.2,25.9, 5.9, 25,    20,    38, 0.5533, 0.7844
M5,01/07/23,18:32:45,    11,  8980,   444, 1008.9, 300,21.1,27.8, 0.0,  0, 0.0000,     0,24.2,25.9, 5.9, 25,    20,    39, 0.5499, 0.7665
M5,01/07/23,18:32:46,    11,  8981,   445, 1008.9, 300,21.1,27.8, 0.0,  0, 0.0000,     0,24.2,25.9, 5.9, 25,    21,    40, 0.5490, 0.7436
M5,01/07/23,18:32:47,    11,  8982,   445, 1008.9, 300,21.1,27.8, 0.0,  0, 0.0000,     0,24.2,25.9, 5.9, 25,    21,    41, 0.5472, 0.7261
M5,01/07/23,18:32:48,    11,  8983,   446, 1008.9, 300,21.1,27.8, 0.0,  0, 0.0000,     0,24.2,25.9, 5.9, 25,    22,    42, 0.5450, 0.7127
M5,01/07/23,18:32:49,    11,  8984,   446, 1008.9, 300,21.1,27.8, 0.0,  0, 0.0000,     0,24.2,25.9, 5.9, 25,    22,    43, 0.5438, 0.6987
M5,01/07/23,18:32:50,    11,  8985,   447, 1008.9, 300,21.1,27.8, 0.0,  0, 0.0000,     0,24.2,25.9, 5.9, 25,    23,    44, 0.5429, 0.6844
M5,01/07/23,18:32:51,    11,  8986,   447, 1008.9, 300,21.1,27.8, 0.0,  0, 0.0000,     0,24.2,25.9, 5.9, 25,    23,    45, 0.5419, 0.6741
M5,01/07/23,18:32:52,    11,  8987,   447, 1008.9, 300,21.1,27.8, 0.0,  0, 0.0000,     0,24.2,25.9, 5.9, 25,    23,    46, 0.5394, 0.6692
M5,01/07/23,18:32:53,    11,  8988,   447, 1008.9, 300,21.2,27.8, 0.0,  0, 0.0000,     0,24.2,25.9, 5.9, 25,    24,    47, 0.5370, 0.6658
M5,01/07/23,18:32:54,    11,  8989,   448, 1008.9, 300,21.2,27.8, 0.0,  0, 0.0000,     0,24.2,25.9, 5.9, 25,    24,    48, 0.5341, 0.6628
M5,01/07/23,18:32:55,    11,  8990,   448, 1008.9, 300,21.2,27.8, 0.0,  0, 0.0000,     0,24.2,25.9, 5.9, 25,    24,    49, 0.5320, 0.6578
M5,01/07/23,18:32:56,    11,  8991,   449, 1008.9, 300,21.2,27.8, 0.0,  0, 0.0000,     0,24.2,25.9, 5.9, 25,    25,    50, 0.5299, 0.6539
M5,01/07/23,18:32:57,    11,  8992,   449, 1008.9, 300,21.2,27.8, 0.0,  0, 0.0000,     0,24.2,25.9, 5.9, 25,    25,    51, 0.5275, 0.6507
M5,01/07/23,18:32:58,    11,  8993,   449, 1008.9, 300,21.2,27.8, 0.0,  0, 0.0000,     0,24.2,25.9, 5.9, 25,    25,    52, 0.5254, 0.6484
M5,01/07/23,18:32:59,    11,  8994,   450, 1008.9, 300,21.2,27.8, 0.0,  0, 0.0000,     0,24.2,25.9, 5.9, 25,    26,    53, 0.5230, 0.6462
M5,01/07/23,18:33:00,    11,  8995,   450, 1008.9, 300,21.2,27.8, 0.0,  0, 0.0000,     0,24.2,25.9, 5.9, 25,    26,    54, 0.5206, 0.6444
M5,01/07/23,18:33:01,    11,  8996,   451, 1008.9, 300,21.2,27.8, 0.0,  0, 0.0000,     0,24.2,25.9, 5.9, 25,    27,    55, 0.5193, 0.6386
M5,01/07/23,18:33:02,    11,  8997,   451, 1008.9, 300,21.2,27.8, 0.0,  0, 0.0000,     0,24.2,25.9, 5.9, 25,    28,    56, 0.5195, 0.6278
M5,01/07/23,18:33:03,    11,  8998,   452, 1008.9, 300,21.2,27.8, 0.0,  0, 0.0000,     0,24.2,25.9, 5.9, 25,    28,    57, 0.5209, 0.6133
M5,01/07/23,18:33:04,    11,  8999,   453, 1008.9, 300,21.2,27.8, 0.0,  0, 0.0000,     0,24.2,25.9, 5.9, 25,    29,    58, 0.5229, 0.5983
M5,01/07/23,18:33:05,    11,  9000,   454, 1008.9, 300,21.2,27.8, 0.0,  0, 0.0000,     0,24.2,25.9, 5.9, 25,    30,    59, 0.5254, 0.5834
M5,01/07/23,18:33:06,    11,  9001,   454, 1008.9, 300,21.2,27.8, 0.0,  0, 0.0000,     0,24.2,25.9, 5.9, 25,    30,    60, 0.5277, 0.5700
R5,01/07/23,18:33:06,    11,  9001,   454, 1008.9, 300,21.2,27.8, 0.0,  0, 0.0000,     0,24.2,25.9, 5.9, 25,    30,    60, 0.5277, 0.5700
End
Start
M5,01/07/23,18:36:41,    12,  9214,   475, 1008.8, 300,21.0,27.7, 0.0,  0, 0.0000,     0,24.2,25.7, 0.9, 20,     2,     1, 0.0000, 0.0000
M5,01/07/23,18:36:42,    12,  9215,   477, 1008.8, 300,21.0,27.7, 0.0,  0, 0.0000,     0,24.2,25.7, 0.9, 20,     3,     2, 0.0000, 0.0000
M5,01/07/23,18:36:43,    12,  9216,   477, 1008.8, 300,21.1,27.7, 0.0,  0, 0.0000,     0,24.2,25.7, 0.9, 20,     4,     3, 0.0000, 0.0000
M5,01/07/23,18:36:44,    12,  9217,   478, 1008.8, 300,21.1,27.7, 0.0,  0, 0.0000,     0,24.2,25.7, 0.6, 20,     5,     4, 0.0000, 0.0000
M5,01/07/23,18:36:45,    12,  9218,   479, 1008.8, 300,21.1,27.7, 0.0,  0, 0.0000,     0,24.2,25.8, 0.6, 20,     6,     5, 0.0000, 0.0000
M5,01/07/23,18:36:46,    12,  9219,   480, 1008.8, 300,21.1,27.7, 0.0,  0, 0.0000,     0,24.2,25.8, 0.6, 20,     6,     6, 0.0000, 0.0000
M5,01/07/23,18:36:47,    12,  9220,   480, 1008.8, 300,21.1,27.7, 0.0,  0, 0.0000,     0,24.2,25.8, 0.6, 20,     7,     7, 0.0000, 0.0000
M5,01/07/23,18:36:48,    12,  9221,   481, 1008.8, 300,21.1,27.7, 0.0,  0, 0.0000,     0,24.2,25.8, 0.6, 20,     7,     8, 0.0000, 0.0000
M5,01/07/23,18:36:49,    12,  9222,   481, 1008.8, 300,21.1,27.7, 0.0,  0, 0.0000,     0,24.2,25.8, 0.9, 20,     7,     9, 0.0000, 0.0000
M5,01/07/23,18:36:50,    12,  9223,   481, 1008.8, 300,21.1,27.7, 0.0,  0, 0.0000,     0,24.2,25.9, 0.9, 25,     8,    10, 0.0000, 0.0000
M5,01/07/23,18:36:51,    12,  9224,   482, 1008.8, 300,21.1,27.7, 0.0,  0, 0.0000,     0,24.2,25.9, 0.9, 25,     9,    11, 0.0000, 0.0000
M5,01/07/23,18:36:52,    12,  9225,   483, 1008.8, 300,21.1,27.7, 0.0,  0, 0.0000,     0,24.2,25.9, 0.9, 25,    10,    12, 0.0000, 0.0000
M5,01/07/23,18:36:53,    12,  9226,   483, 1008.8, 300,21.1,27.7, 0.0,  0, 0.0000,     0,24.2,25.9, 0.9, 25,    10,    13, 0.8178, 1.3147
M5,01/07/23,18:36:54,    12,  9227,   484, 1008.8, 299,21.2,27.7, 0.0,  0, 0.0000,     0,24.2,25.9, 0.9, 25,    10,    14, 0.6686, 1.2985
M5,01/07/23,18:36:55,    12,  9228,   484, 1008.8, 300,21.2,27.7, 0.0,  0, 0.0000,     0,24.2,25.9, 0.9, 25,    10,    15, 0.5917, 1.1224
M5,01/07/23,18:36:56,    12,  9229,   484, 1008.8, 300,21.2,27.7, 0.0,  0, 0.0000,     0,24.2,25.9, 0.9, 25,    11,    16, 0.5719, 0.9176
M5,01/07/23,18:36:57,    12,  9230,   485, 1008.8, 300,21.2,27.7, 0.0,  0, 0.0000,     0,24.2,25.9, 0.9, 25,    12,    17, 0.5909, 0.7274
M5,01/07/23,18:36:58,    12,  9231,   486, 1008.8, 300,21.2,27.7, 0.0,  0, 0.0000,     0,24.2,26.0, 0.9, 25,    12,    18, 0.6041, 0.6386
M5,01/07/23,18:36:59,    12,  9232,   486, 1008.8, 300,21.2,27.7, 0.0,  0, 0.0000,     0,24.2,26.0, 0.9, 25,    13,    19, 0.6149, 0.5979
M5,01/07/23,18:37:00,    12,  9233,   487, 1008.8, 300,21.2,27.7, 0.0,  0, 0.0000,     0,24.2,26.0, 1.3, 25,    13,    20, 0.6225, 0.5796
M5,01/07/23,18:37:01,    12,  9234,   487, 1008.8, 300,21.2,27.7, 0.0,  0, 0.0000,     0,24.2,26.0, 1.3, 25,    14,    21, 0.6278, 0.5720
M5,01/07/23,18:37:02,    12,  9235,   488, 1008.9, 300,21.2,27.7, 0.0,  0, 0.0000,     0,24.2,26.0, 1.3, 25,    14,    22, 0.6322, 0.5727
M5,01/07/23,18:37:03,    12,  9236,   488, 1008.9, 300,21.2,27.7, 0.0,  0, 0.0000,     0,24.2,26.0, 1.3, 25,    15,    23, 0.6360, 0.5754
M5,01/07/23,18:37:04,    12,  9237,   489, 1008.9, 300,21.2,27.7, 0.0,  0, 0.0000,     0,24.2,26.0, 1.3, 25,    15,    24, 0.6397, 0.5798
M5,01/07/23,18:37:05,    12,  9238,   489, 1008.9, 300,21.2,27.7, 0.0,  0, 0.0000,     0,24.2,26.0, 0.9, 25,    16,    25, 0.6371, 0.6006
M5,01/07/23,18:37:06,    12,  9239,   489, 1008.9, 300,21.2,27.7, 0.0,  0, 0.0000,     0,24.2,26.1, 0.9, 25,    16,    26, 0.6364, 0.6119
M5,01/07/23,18:37:07,    12,  9240,   490, 1008.9, 300,21.2,27.7, 0.0,  0, 0.0000,     0,24.2,26.1, 0.9, 25,    17,    27, 0.6392, 0.6070
M5,01/07/23,18:37:08,    12,  9241,   491, 1008.9, 300,21.2,27.7, 0.0,  0, 0.0000,     0,24.2,26.1, 0.9, 25,    17,    28, 0.6420, 0.6049
M5,01/07/23,18:37:09,    12,  9242,   491, 1008.9, 300,21.2,27.7, 0.0,  0, 0.0000,     0,24.2,26.1, 0.9, 25,    18,    29, 0.6441, 0.6040
M5,01/07/23,18:37:10,    12,  9243,   492, 1008.9, 300,21.2,27.7, 0.0,  0, 0.0000,     0,24.2,26.1, 0.9, 25,    18,    30, 0.6459, 0.6042
M5,01/07/23,18:37:11,    12,  9244,   492, 1008.9, 300,21.2,27.7, 0.0,  0, 0.0000,     0,24.2,26.1, 0.9, 25,    19,    31, 0.6472, 0.6047
M5,01/07/23,18:37:12,    12,  9245,   493, 1008.9, 300,21.2,27.7, 0.0,  0, 0.0000,     0,24.2,26.1, 0.9, 25,    19,    32, 0.6486, 0.6060
M5,01/07/23,18:37:13,    12,  9246,   493, 1008.9, 300,21.2,27.7, 0.0,  0, 0.0000,     0,24.2,26.1, 0.9, 25,    20,    33, 0.6503, 0.6079
M5,01/07/23,18:37:14,    12,  9247,   494, 1008.9, 300,21.2,27.7, 0.0,  0, 0.0000,     0,24.2,26.1, 0.9, 25,    20,    34, 0.6494, 0.6168
M5,01/07/23,18:37:15,    12,  9248,   494, 1008.9, 300,21.2,27.7, 0.0,  0, 0.0000,     0,24.2,26.1, 0.9, 25,    21,    35, 0.6492, 0.6232
M5,01/07/23,18:37:16,    12,  9249,   495, 1008.9, 300,21.2,27.7, 0.0,  0, 0.0000,     0,24.2,26.1, 0.9, 25,    21,    36, 0.6489, 0.6274
M5,01/07/23,18:37:17,    12,  9250,   495, 1008.9, 300,21.2,27.7, 0.0,  0, 0.0000,     0,24.2,26.1, 0.9, 25,    22,    37, 0.6488, 0.6301
M5,01/07/23,18:37:18,    12,  9251,   496, 1008.9, 300,21.2,27.7, 0.0,  0, 0.0000,     0,24.2,26.1, 0.9, 25,    22,    38, 0.6505, 0.6261
M5,01/07/23,18:37:19,    12,  9252,   496, 1008.9, 300,21.2,27.7, 0.0,  0, 0.0000,     0,24.2,26.1, 0.9, 25,    23,    39, 0.6491, 0.6336
M5,01/07/23,18:37:20,    12,  9253,   496, 1008.9, 300,21.2,27.7, 0.0,  0, 0.0000,     0,24.2,26.1, 0.9, 25,    23,    40, 0.6451, 0.6479
M5,01/07/23,18:37:21,    12,  9254,   497, 1008.9, 300,21.2,27.7, 0.0,  0, 0.0000,     0,24.2,26.1, 0.9, 25,    23,    41, 0.6422, 0.6576
M5,01/07/23,18:37:22,    12,  9255,   498, 1008.9, 300,21.2,27.7, 0.0,  0, 0.0000,     0,24.2,26.1, 0.9, 25,    24,    42, 0.6426, 0.6554
M5,01/07/23,18:37:23,    12,  9256,   498, 1008.9, 300,21.2,27.7, 0.0,  0, 0.0000,     0,24.2,26.1, 0.9, 25,    25,    43, 0.6428, 0.6528
M5,01/07/23,18:37:24,    12,  9257,   499, 1008.9, 300,21.2,27.7, 0.0,  0, 0.0000,     0,24.2,26.1, 0.9, 25,    25,    44, 0.6445, 0.6467
M5,01/07/23,18:37:25,    12,  9258,   499, 1008.9, 300,21.2,27.7, 0.0,  0, 0.0000,     0,24.2,26.1, 0.9, 25,    26,    45, 0.6457, 0.6416
M5,01/07/23,18:37:26,    12,  9259,   500, 1008.9, 300,21.2,27.7, 0.0,  0, 0.0000,     0,24.2,26.2, 0.9, 25,    26,    46, 0.6459, 0.6409
M5,01/07/23,18:37:27,    12,  9260,   500, 1008.8, 300,21.3,27.7, 0.0,  0, 0.0000,     0,24.2,26.2, 0.9, 25,    27,    47, 0.6464, 0.6402
M5,01/07/23,18:37:28,    12,  9261,   501, 1008.8, 300,21.3,27.7, 0.0,  0, 0.0000,     0,24.2,26.2, 0.9, 25,    27,    48, 0.6476, 0.6362
M5,01/07/23,18:37:29,    12,  9262,   502, 1008.8, 300,21.3,27.7, 0.0,  0, 0.0000,     0,24.2,26.2, 0.9, 25,    28,    49, 0.6495, 0.6299
M5,01/07/23,18:37:30,    12,  9263,   502, 1008.8, 300,21.3,27.7, 0.0,  0, 0.0000,     0,24.2,26.2, 0.9, 25,    28,    50, 0.6505, 0.6280
M5,01/07/23,18:37:31,    12,  9264,   503, 1008.8, 300,21.2,27.7, 0.0,  0, 0.0000,     0,24.2,26.2, 0.9, 25,    29,    51, 0.6520, 0.6236
M5,01/07/23,18:37:32,    12,  9265,   503, 1008.8, 300,21.2,27.7, 0.0,  0, 0.0000,     0,24.2,26.2, 0.9, 25,    30,    52, 0.6542, 0.6178
M5,01/07/23,18:37:33,    12,  9266,   504, 1008.8, 300,21.2,27.7, 0.0,  0, 0.0000,     0,24.2,26.2, 0.9, 25,    30,    53, 0.6561, 0.6136
M5,01/07/23,18:37:34,    12,  9267,   504, 1008.8, 300,21.3,27.7, 0.0,  0, 0.0000,     0,24.2,26.2, 0.9, 25,    31,    54, 0.6575, 0.6131
M5,01/07/23,18:37:35,    12,  9268,   505, 1008.8, 300,21.3,27.7, 0.0,  0, 0.0000,     0,24.2,26.2, 0.9, 25,    31,    55, 0.6585, 0.6128
M5,01/07/23,18:37:36,    12,  9269,   505, 1008.8, 300,21.2,27.7, 0.0,  0, 0.0000,     0,24.2,26.2, 0.9, 25,    32,    56, 0.6592, 0.6128
M5,01/07/23,18:37:37,    12,  9270,   506, 1008.8, 300,21.2,27.7, 0.0,  0, 0.0000,     0,24.2,26.2, 1.3, 25,    32,    57, 0.6601, 0.6132
M5,01/07/23,18:37:38,    12,  9271,   506, 1008.8, 300,21.3,27.7, 0.0,  0, 0.0000,     0,24.2,26.2, 1.3, 25,    33,    58, 0.6610, 0.6139
M5,01/07/23,18:37:39,    12,  9272,   507, 1008.9, 300,21.3,27.7, 0.0,  0, 0.0000,     0,24.2,26.2, 1.3, 25,    33,    59, 0.6617, 0.6148
M5,01/07/23,18:37:40,    12,  9273,   507, 1008.9, 300,21.3,27.7, 0.0,  0, 0.0000,     0,24.2,26.2, 1.3, 25,    34,    60, 0.6620, 0.6179
R5,01/07/23,18:37:40,    12,  9273,   507, 1008.9, 300,21.3,27.7, 0.0,  0, 0.0000,     0,24.2,26.2, 1.3, 25,    34,    60, 0.6620, 0.6179
End
Start
M5,01/07/23,18:38:25,    12,  9318,   432, 1008.9, 300,21.0,27.7, 0.0,  0, 0.0000,     0,24.2,25.8, 1.3, 20,     1,     1, 0.0000, 0.0000
M5,01/07/23,18:38:26,    12,  9319,   433, 1008.9, 300,21.0,27.7, 0.0,  0, 0.0000,     0,24.2,25.8, 1.3, 20,     2,     2, 0.0000, 0.0000
M5,01/07/23,18:38:27,    12,  9320,   434, 1008.9, 300,21.0,27.7, 0.0,  0, 0.0000,     0,24.2,25.8, 1.3, 20,     3,     3, 0.0000, 0.0000
M5,01/07/23,18:38:28,    12,  9321,   435, 1008.9, 300,21.0,27.7, 0.0,  0, 0.0000,     0,24.2,25.8, 1.3, 20,     4,     4, 0.0000, 0.0000
M5,01/07/23,18:38:29,    12,  9322,   436, 1008.9, 300,21.0,27.7, 0.0,  0, 0.0000,     0,24.2,25.9, 1.3, 20,     5,     5, 0.0000, 0.0000
M5,01/07/23,18:38:30,    12,  9323,   437, 1008.9, 300,21.0,27.7, 0.0,  0, 0.0000,     0,24.2,25.9, 1.3, 20,     6,     6, 0.0000, 0.0000
M5,01/07/23,18:38:31,    12,  9324,   438, 1008.9, 300,21.1,27.7, 0.0,  0, 0.0000,     0,24.2,25.9, 0.9, 20,     7,     7, 0.0000, 0.0000
M5,01/07/23,18:38:32,    12,  9325,   438, 1008.9, 300,21.1,27.7, 0.0,  0, 0.0000,     0,24.2,25.9, 0.9, 20,     7,     8, 0.0000, 0.0000
M5,01/07/23,18:38:33,    12,  9326,   439, 1008.9, 300,21.1,27.7, 0.0,  0, 0.0000,     0,24.2,25.9, 0.9, 20,     8,     9, 0.0000, 0.0000
M5,01/07/23,18:38:34,    12,  9327,   440, 1008.9, 300,21.1,27.7, 0.0,  0, 0.0000,     0,24.2,25.9, 0.9, 25,     9,    10, 0.0000, 0.0000
M5,01/07/23,18:38:35,    12,  9328,   441, 1008.9, 300,21.1,27.7, 0.0,  0, 0.0000,     0,24.2,25.9, 0.9, 25,    10,    11, 0.0000, 0.0000
M5,01/07/23,18:38:36,    12,  9329,   441, 1008.9, 300,21.1,27.7, 0.0,  0, 0.0000,     0,24.2,26.0, 1.3, 25,    10,    12, 0.0000, 0.0000
M5,01/07/23,18:38:37,    12,  9330,   442, 1008.9, 300,21.1,27.7, 0.0,  0, 0.0000,     0,24.2,26.0, 1.3, 25,    11,    13, 0.8559, 0.8540
M5,01/07/23,18:38:38,    12,  9331,   443, 1008.9, 300,21.1,27.7, 0.0,  0, 0.0000,     0,24.2,26.0, 1.3, 25,    12,    14, 0.8572, 0.8560
M5,01/07/23,18:38:39,    12,  9332,   443, 1008.9, 300,21.1,27.7, 0.0,  0, 0.0000,     0,24.2,26.0, 1.3, 25,    12,    15, 0.8261, 0.9204
M5,01/07/23,18:38:40,    12,  9333,   444, 1008.9, 300,21.1,27.7, 0.0,  0, 0.0000,     0,24.2,26.0, 1.3, 25,    13,    16, 0.8194, 0.8942
M5,01/07/23,18:38:41,    12,  9334,   444, 1008.9, 300,21.1,27.7, 0.0,  0, 0.0000,     0,24.2,26.0, 1.3, 25,    13,    17, 0.8192, 0.8619
M5,01/07/23,18:38:42,    12,  9335,   445, 1008.9, 300,21.1,27.7, 0.0,  0, 0.0000,     0,24.2,26.0, 1.3, 25,    14,    18, 0.8358, 0.8006
M5,01/07/23,18:38:43,    12,  9336,   446, 1008.9, 300,21.2,27.7, 0.0,  0, 0.0000,     0,24.2,26.0, 1.3, 25,    15,    19, 0.8361, 0.8196
M5,01/07/23,18:38:44,    12,  9337,   446, 1008.9, 300,21.2,27.7, 0.0,  0, 0.0000,     0,24.2,26.0, 1.3, 25,    15,    20, 0.8170, 0.8775
M5,01/07/23,18:38:45,    12,  9338,   447, 1008.9, 300,21.1,27.7, 0.0,  0, 0.0000,     0,24.2,26.0, 1.3, 25,    16,    21, 0.7986, 0.9094
M5,01/07/23,18:38:46,    12,  9339,   447, 1008.9, 300,21.1,27.7, 0.0,  0, 0.0000,     0,24.2,26.0, 1.3, 25,    16,    22, 0.7829, 0.9252
M5,01/07/23,18:38:47,    12,  9340,   448, 1008.9, 300,21.1,27.7, 0.0,  0, 0.0000,     0,24.2,26.0, 0.9, 25,    17,    23, 0.7680, 0.9332
M5,01/07/23,18:38:48,    12,  9341,   448, 1008.9, 300,21.1,27.7, 0.0,  0, 0.0000,     0,24.2,26.0, 0.9, 25,    17,    24, 0.7607, 0.9157
M5,01/07/23,18:38:49,    12,  9342,   449, 1008.9, 300,21.2,27.7, 0.0,  0, 0.0000,     0,24.2,26.1, 0.9, 25,    18,    25, 0.7536, 0.9041
M5,01/07/23,18:38:50,    12,  9343,   449, 1008.9, 300,21.2,27.7, 0.0,  0, 0.0000,     0,24.2,26.1, 0.9, 25,    18,    26, 0.7463, 0.8946
M5,01/07/23,18:38:51,    12,  9344,   450, 1008.9, 300,21.2,27.7, 0.0,  0, 0.0000,     0,24.2,26.1, 0.9, 25,    19,    27, 0.7430, 0.8748
M5,01/07/23,18:38:52,    12,  9345,   450, 1008.9, 300,21.2,27.7, 0.0,  0, 0.0000,     0,24.2,26.1, 1.3, 25,    19,    28, 0.7390, 0.8617
M5,01/07/23,18:38:53,    12,  9346,   451, 1008.9, 300,21.2,27.7, 0.0,  0, 0.0000,     0,24.2,26.1, 1.3, 25,    20,    29, 0.7379, 0.8423
M5,01/07/23,18:38:54,    12,  9347,   452, 1008.9, 300,21.2,27.7, 0.0,  0, 0.0000,     0,24.2,26.1, 1.3, 25,    21,    30, 0.7386, 0.8209
M5,01/07/23,18:38:55,    12,  9348,   452, 1008.9, 300,21.2,27.7, 0.0,  0, 0.0000,     0,24.2,26.1, 1.3, 25,    21,    31, 0.7406, 0.7997
M5,01/07/23,18:38:56,    12,  9349,   453, 1008.9, 300,21.2,27.7, 0.0,  0, 0.0000,     0,24.2,26.1, 1.3, 25,    22,    32, 0.7413, 0.7888
M5,01/07/23,18:38:57,    12,  9350,   454, 1008.9, 300,21.2,27.7, 0.0,  0, 0.0000,     0,24.2,26.1, 1.3, 25,    23,    33, 0.7449, 0.7686
M5,01/07/23,18:38:58,    12,  9351,   454, 1008.9, 300,21.2,27.7, 0.0,  0, 0.0000,     0,24.2,26.1, 1.3, 25,    23,    34, 0.7468, 0.7580
M5,01/07/23,18:38:59,    12,  9352,   454, 1008.9, 300,21.2,27.7, 0.0,  0, 0.0000,     0,24.2,26.1, 1.3, 25,    23,    35, 0.7441, 0.7668
M5,01/07/23,18:39:00,    12,  9353,   455, 1008.9, 300,21.2,27.7, 0.0,  0, 0.0000,     0,24.2,26.1, 1.3, 25,    24,    36, 0.7426, 0.7683
M5,01/07/23,18:39:01,    12,  9354,   456, 1008.9, 300,21.2,27.7, 0.0,  0, 0.0000,     0,24.2,26.1, 1.3, 25,    25,    37, 0.7421, 0.7652
M5,01/07/23,18:39:02,    12,  9355,   456, 1008.9, 300,21.2,27.7, 0.0,  0, 0.0000,     0,24.2,26.1, 1.3, 25,    25,    38, 0.7412, 0.7649
M5,01/07/23,18:39:03,    12,  9356,   457, 1008.9, 300,21.2,27.7, 0.0,  0, 0.0000,     0,24.2,26.1, 1.3, 25,    26,    39, 0.7388, 0.7711
M5,01/07/23,18:39:04,    12,  9357,   457, 1008.9, 300,21.2,27.7, 0.0,  0, 0.0000,     0,24.2,26.1, 1.3, 25,    26,    40, 0.7361, 0.7764
M5,01/07/23,18:39:05,    12,  9358,   458, 1008.9, 300,21.2,27.7, 0.0,  0, 0.0000,     0,24.2,26.1, 1.3, 25,    27,    41, 0.7334, 0.7809
M5,01/07/23,18:39:06,    12,  9359,   458, 1008.9, 300,21.2,27.7, 0.0,  0, 0.0000,     0,24.2,26.1, 1.3, 25,    27,    42, 0.7307, 0.7848
M5,01/07/23,18:39:07,    12,  9360,   459, 1008.9, 300,21.2,27.7, 0.0,  0, 0.0000,     0,24.2,26.1, 1.3, 25,    28,    43, 0.7303, 0.7801
M5,01/07/23,18:39:09,    12,  9361,   460, 1008.9, 300,21.2,27.7, 0.0,  0, 0.0000,     0,24.2,26.1, 1.3, 25,    29,    44, 0.7307, 0.7737
M5,01/07/23,18:39:10,    12,  9362,   460, 1008.9, 300,21.2,27.7, 0.0,  0, 0.0000,     0,24.2,26.1, 1.3, 25,    29,    45, 0.7306, 0.7694
M5,01/07/23,18:39:11,    12,  9363,   460, 1008.9, 300,21.2,27.7, 0.0,  0, 0.0000,     0,24.2,26.1, 1.3, 25,    29,    46, 0.7288, 0.7699
M5,01/07/23,18:39:12,    12,  9364,   461, 1008.9, 301,21.2,27.7, 0.0,  0, 0.0000,     0,24.2,26.1, 1.3, 25,    30,    47, 0.7273, 0.7710
M5,01/07/23,18:39:13,    12,  9365,   462, 1008.9, 300,21.2,27.7, 0.0,  0, 0.0000,     0,24.2,26.1, 1.3, 25,    31,    48, 0.7268, 0.7694
M5,01/07/23,18:39:14,    12,  9366,   462, 1008.9, 300,21.2,27.7, 0.0,  0, 0.0000,     0,24.2,26.1, 0.9, 25,    31,    49, 0.7259, 0.7685
M5,01/07/23,18:39:15,    12,  9367,   463, 1008.9, 300,21.2,27.7, 0.0,  0, 0.0000,     0,24.2,26.1, 0.9, 25,    32,    50, 0.7255, 0.7655
M5,01/07/23,18:39:16,    12,  9368,   463, 1008.9, 300,21.2,27.7, 0.0,  0, 0.0000,     0,24.2,26.1, 0.9, 25,    32,    51, 0.7250, 0.7637
M5,01/07/23,18:39:17,    12,  9369,   464, 1008.9, 300,21.2,27.7, 0.0,  0, 0.0000,     0,24.2,26.1, 0.9, 25,    33,    52, 0.7243, 0.7626
M5,01/07/23,18:39:18,    12,  9370,   464, 1008.9, 300,21.2,27.7, 0.0,  0, 0.0000,     0,24.2,26.1, 0.9, 25,    33,    53, 0.7240, 0.7596
M5,01/07/23,18:39:19,    12,  9371,   465, 1008.9, 300,21.2,27.7, 0.0,  0, 0.0000,     0,24.2,26.1, 0.9, 25,    34,    54, 0.7236, 0.7577
M5,01/07/23,18:39:20,    12,  9372,   465, 1008.9, 300,21.2,27.7, 0.0,  0, 0.0000,     0,24.2,26.2, 1.3, 25,    34,    55, 0.7234, 0.7569
M5,01/07/23,18:39:21,    12,  9373,   466, 1008.9, 300,21.2,27.7, 0.0,  0, 0.0000,     0,24.2,26.2, 1.3, 25,    35,    56, 0.7228, 0.7564
M5,01/07/23,18:39:22,    12,  9374,   467, 1008.9, 300,21.2,27.7, 0.0,  0, 0.0000,     0,24.2,26.2, 1.3, 25,    36,    57, 0.7226, 0.7542
M5,01/07/23,18:39:23,    12,  9375,   467, 1008.9, 300,21.2,27.7, 0.0,  0, 0.0000,     0,24.2,26.2, 1.3, 25,    36,    58, 0.7223, 0.7528
M5,01/07/23,18:39:24,    12,  9376,   468, 1008.9, 300,21.2,27.7, 0.0,  0, 0.0000,     0,24.2,26.2, 1.3, 25,    37,    59, 0.7223, 0.7501
M5,01/07/23,18:39:25,    12,  9377,   469, 1008.9, 300,21.2,27.7, 0.0,  0, 0.0000,     0,24.2,26.2, 0.9, 25,    38,    60, 0.7229, 0.7444
R5,01/07/23,18:39:25,    12,  9377,   469, 1008.9, 300,21.2,27.7, 0.0,  0, 0.0000,     0,24.2,26.2, 0.9, 25,    38,    60, 0.7229, 0.7444
End
Start
M5,01/07/23,18:40:08,    12,  9420,   443, 1008.9, 300,21.2,27.7, 0.0,  0, 0.0000,     0,24.2,25.5, 1.3, 20,     1,     1, 0.0000, 0.0000
M5,01/07/23,18:40:09,    12,  9421,   444, 1008.9, 300,21.2,27.7, 0.0,  0, 0.0000,     0,24.2,25.5, 1.3, 20,     2,     2, 0.0000, 0.0000
M5,01/07/23,18:40:10,    12,  9422,   445, 1008.9, 300,21.2,27.7, 0.0,  0, 0.0000,     0,24.2,25.6, 1.3, 20,     3,     3, 0.0000, 0.0000
M5,01/07/23,18:40:11,    12,  9423,   446, 1008.9, 300,21.3,27.7, 0.0,  0, 0.0000,     0,24.2,25.6, 1.3, 20,     4,     4, 0.0000, 0.0000
M5,01/07/23,18:40:12,    12,  9424,   447, 1008.9, 300,21.3,27.7, 0.0,  0, 0.0000,     0,24.2,25.6, 1.3, 20,     5,     5, 0.0000, 0.0000
M5,01/07/23,18:40:13,    12,  9425,   448, 1008.9, 300,21.3,27.7, 0.0,  0, 0.0000,     0,24.2,25.6, 1.3, 20,     6,     6, 0.0000, 0.0000
M5,01/07/23,18:40:14,    12,  9426,   449, 1008.9, 300,21.3,27.7, 0.0,  0, 0.0000,     0,24.2,25.7, 1.3, 20,     7,     7, 0.0000, 0.0000
M5,01/07/23,18:40:15,    12,  9427,   450, 1008.9, 300,21.3,27.7, 0.0,  0, 0.0000,     0,24.2,25.7, 1.3, 20,     8,     8, 0.0000, 0.0000
M5,01/07/23,18:40:16,    12,  9428,   450, 1008.9, 300,21.3,27.7, 0.0,  0, 0.0000,     0,24.2,25.7, 1.3, 20,     8,     9, 0.0000, 0.0000
M5,01/07/23,18:40:17,    12,  9429,   450, 1008.9, 300,21.3,27.7, 0.0,  0, 0.0000,     0,24.2,25.7, 1.3, 25,     8,    10, 0.0000, 0.0000
M5,01/07/23,18:40:18,    12,  9430,   451, 1008.9, 300,21.3,27.7, 0.0,  0, 0.0000,     0,24.2,25.7, 1.3, 25,     9,    11, 0.0000, 0.0000
M5,01/07/23,18:40:19,    12,  9431,   451, 1008.9, 300,21.3,27.7, 0.0,  0, 0.0000,     0,24.2,25.8, 1.3, 25,     9,    12, 0.0000, 0.0000
M5,01/07/23,18:40:20,    12,  9432,   452, 1008.9, 300,21.3,27.7, 0.0,  0, 0.0000,     0,24.2,25.8, 1.3, 25,    10,    13, 0.6491, 0.6592
M5,01/07/23,18:40:21,    12,  9433,   452, 1008.9, 300,21.3,27.7, 0.0,  0, 0.0000,     0,24.2,25.8, 1.3, 25,    10,    14, 0.6473, 0.6511
M5,01/07/23,18:40:22,    12,  9434,   453, 1008.9, 300,21.4,27.7, 0.0,  0, 0.0000,     0,24.2,25.8, 1.3, 25,    11,    15, 0.6789, 0.5828
M5,01/07/23,18:40:23,    12,  9435,   453, 1008.9, 300,21.4,27.7, 0.0,  0, 0.0000,     0,24.2,25.8, 1.3, 25,    12,    16, 0.6864, 0.6070
M5,01/07/23,18:40:24,    12,  9436,   454, 1008.9, 300,21.4,27.7, 0.0,  0, 0.0000,     0,24.2,25.8, 1.3, 25,    12,    17, 0.6862, 0.6381
M5,01/07/23,18:40:25,    12,  9437,   454, 1008.9, 300,21.3,27.6, 0.0,  0, 0.0000,     0,24.2,25.9, 1.3, 25,    13,    18, 0.6818, 0.6592
M5,01/07/23,18:40:26,    12,  9438,   455, 1008.9, 300,21.3,27.6, 0.0,  0, 0.0000,     0,24.2,25.9, 1.3, 25,    13,    19, 0.6677, 0.7049
M5,01/07/23,18:40:27,    12,  9439,   456, 1008.9, 300,21.4,27.7, 0.0,  0, 0.0000,     0,24.2,25.9, 1.3, 25,    14,    20, 0.6712, 0.6910
M5,01/07/23,18:40:28,    12,  9440,   456, 1008.9, 300,21.4,27.7, 0.0,  0, 0.0000,     0,24.2,25.9, 1.3, 25,    14,    21, 0.6683, 0.6922
M5,01/07/23,18:40:29,    12,  9441,   456, 1008.9, 300,21.4,27.7, 0.0,  0, 0.0000,     0,24.2,25.9, 1.3, 25,    15,    22, 0.6660, 0.6916
M5,01/07/23,18:40:30,    12,  9442,   457, 1008.9, 300,21.4,27.7, 0.0,  0, 0.0000,     0,24.2,25.9, 1.3, 25,    15,    23, 0.6702, 0.6712
M5,01/07/23,18:40:31,    12,  9443,   458, 1008.9, 300,21.4,27.7, 0.0,  0, 0.0000,     0,24.2,25.9, 1.3, 25,    16,    24, 0.6778, 0.6465
M5,01/07/23,18:40:32,    12,  9444,   458, 1008.9, 300,21.3,27.6, 0.0,  0, 0.0000,     0,24.2,25.9, 1.3, 25,    16,    25, 0.6812, 0.6376
M5,01/07/23,18:40:33,    12,  9445,   459, 1008.9, 300,21.3,27.6, 0.0,  0, 0.0000,     0,24.2,25.9, 1.3, 25,    17,    26, 0.6880, 0.6248
M5,01/07/23,18:40:34,    12,  9446,   459, 1008.9, 300,21.4,27.7, 0.0,  0, 0.0000,     0,24.2,25.9, 1.3, 25,    18,    27, 0.6930, 0.6249
M5,01/07/23,18:40:35,    12,  9447,   460, 1008.9, 300,21.4,27.7, 0.0,  0, 0.0000,     0,24.2,25.9, 1.3, 25,    18,    28, 0.6986, 0.6190
M5,01/07/23,18:40:36,    12,  9448,   461, 1008.9, 300,21.4,27.7, 0.0,  0, 0.0000,     0,24.2,26.0, 1.3, 25,    19,    29, 0.7051, 0.6117
M5,01/07/23,18:40:37,    12,  9449,   461, 1008.9, 299,21.4,27.7, 0.0,  0, 0.0000,     0,24.2,26.0, 1.3, 25,    19,    30, 0.7092, 0.6140
M5,01/07/23,18:40:38,    12,  9450,   462, 1008.9, 300,21.4,27.7, 0.0,  0, 0.0000,     0,24.2,26.0, 1.3, 25,    20,    31, 0.7116, 0.6215
M5,01/07/23,18:40:39,    12,  9451,   462, 1008.9, 300,21.4,27.7, 0.0,  0, 0.0000,     0,24.2,26.0, 1.3, 25,    20,    32, 0.7105, 0.6392
M5,01/07/23,18:40:40,    12,  9452,   463, 1008.9, 300,21.4,27.7, 0.0,  0, 0.0000,     0,24.2,26.0, 1.3, 25,    21,    33, 0.7070, 0.6620
M5,01/07/23,18:40:41,    12,  9453,   463, 1008.9, 300,21.4,27.7, 0.0,  0, 0.0000,     0,24.2,26.0, 1.3, 25,    21,    34, 0.7034, 0.6794
M5,01/07/23,18:40:42,    12,  9454,   464, 1008.9, 300,21.4,27.7, 0.0,  0, 0.0000,     0,24.2,26.0, 1.3, 25,    22,    35, 0.7023, 0.6866
M5,01/07/23,18:40:43,    12,  9455,   464, 1008.9, 300,21.4,27.7, 0.0,  0, 0.0000,     0,24.2,26.0, 1.3, 25,    22,    36, 0.7028, 0.6867
M5,01/07/23,18:40:44,    12,  9456,   465, 1008.9, 300,21.4,27.7, 0.0,  0, 0.0000,     0,24.2,26.0, 1.3, 25,    23,    37, 0.7044, 0.6829
M5,01/07/23,18:40:45,    12,  9457,   466, 1008.9, 300,21.4,27.7, 0.0,  0, 0.0000,     0,24.2,26.0, 1.3, 25,    24,    38, 0.7069, 0.6768
M5,01/07/23,18:40:46,    12,  9458,   466, 1008.9, 300,21.4,27.7, 0.0,  0, 0.0000,     0,24.2,26.0, 1.3, 25,    24,    39, 0.7071, 0.6795
M5,01/07/23,18:40:47,    12,  9459,   466, 1008.9, 300,21.4,27.7, 0.0,  0, 0.0000,     0,24.2,26.0, 1.3, 25,    24,    40, 0.7057, 0.6877
M5,01/07/23,18:40:48,    12,  9460,   467, 1008.9, 300,21.3,27.7, 0.0,  0, 0.0000,     0,24.2,26.0, 1.3, 25,    25,    41, 0.7040, 0.6945
M5,01/07/23,18:40:49,    12,  9461,   467, 1008.9, 300,21.3,27.7, 0.0,  0, 0.0000,     0,24.2,26.0, 1.3, 25,    25,    42, 0.7014, 0.7048
M5,01/07/23,18:40:50,    12,  9462,   468, 1008.9, 300,21.3,27.7, 0.0,  0, 0.0000,     0,24.2,26.0, 1.3, 25,    26,    43, 0.6990, 0.7130
M5,01/07/23,18:40:51,    12,  9463,   468, 1008.9, 300,21.3,27.7, 0.0,  0, 0.0000,     0,24.2,26.1, 1.3, 25,    26,    44, 0.6967, 0.7194
M5,01/07/23,18:40:52,    12,  9464,   469, 1008.9, 300,21.3,27.7, 0.0,  0, 0.0000,     0,24.2,26.1, 1.3, 25,    27,    45, 0.6944, 0.7242
M5,01/07/23,18:40:53,    12,  9465,   469, 1008.9, 300,21.3,27.7, 0.0,  0, 0.0000,     0,24.2,26.1, 1.3, 25,    27,    46, 0.6925, 0.7280
M5,01/07/23,18:40:54,    12,  9466,   470, 1008.9, 300,21.3,27.7, 0.0,  0, 0.0000,     0,24.2,26.1, 1.3, 25,    28,    47, 0.6907, 0.7308
M5,01/07/23,18:40:55,    12,  9467,   470, 1008.9, 300,21.3,27.7, 0.0,  0, 0.0000,     0,24.2,26.1, 1.3, 25,    29,    48, 0.6899, 0.7298
M5,01/07/23,18:40:56,    12,  9468,   471, 1008.9, 300,21.3,27.7, 0.0,  0, 0.0000,     0,24.2,26.1, 1.3, 25,    29,    49, 0.6906, 0.7232
M5,01/07/23,18:40:57,    12,  9469,   472, 1008.9, 300,21.3,27.7, 0.0,  0, 0.0000,     0,24.2,26.1, 1.3, 25,    30,    50, 0.6929, 0.7127
M5,01/07/23,18:40:58,    12,  9470,   473, 1008.9, 300,21.3,27.7, 0.0,  0, 0.0000,     0,24.2,26.1, 1.3, 25,    31,    51, 0.6952, 0.7021
M5,01/07/23,18:40:59,    12,  9471,   473, 1008.9, 300,21.3,27.7, 0.0,  0, 0.0000,     0,24.2,26.1, 1.3, 25,    31,    52, 0.6962, 0.6966
M5,01/07/23,18:41:00,    12,  9472,   473, 1008.9, 300,21.3,27.7, 0.0,  0, 0.0000,     0,24.2,26.1, 1.3, 25,    31,    53, 0.6958, 0.6979
M5,01/07/23,18:41:01,    12,  9473,   474, 1008.9, 300,21.3,27.7, 0.0,  0, 0.0000,     0,24.2,26.1, 1.3, 25,    32,    54, 0.6946, 0.7018
M5,01/07/23,18:41:02,    12,  9474,   474, 1008.9, 300,21.3,27.7, 0.0,  0, 0.0000,     0,24.2,26.1, 1.3, 25,    32,    55, 0.6942, 0.7028
M5,01/07/23,18:41:03,    12,  9475,   475, 1008.9, 300,21.3,27.7, 0.0,  0, 0.0000,     0,24.2,26.1, 1.3, 25,    33,    56, 0.6931, 0.7061
M5,01/07/23,18:41:04,    12,  9476,   475, 1008.9, 300,21.3,27.7, 0.0,  0, 0.0000,     0,24.2,26.1, 1.3, 25,    33,    57, 0.6926, 0.7068
M5,01/07/23,18:41:05,    12,  9477,   476, 1008.9, 300,21.3,27.7, 0.0,  0, 0.0000,     0,24.2,26.1, 1.3, 25,    34,    58, 0.6926, 0.7056
M5,01/07/23,18:41:06,    12,  9478,   477, 1008.9, 300,21.3,27.7, 0.0,  0, 0.0000,     0,24.2,26.1, 1.3, 25,    35,    59, 0.6926, 0.7048
M5,01/07/23,18:41:07,    12,  9479,   477, 1008.9, 300,21.3,27.7, 0.0,  0, 0.0000,     0,24.2,26.1, 1.3, 25,    35,    60, 0.6929, 0.7025
R5,01/07/23,18:41:07,    12,  9479,   477, 1008.9, 300,21.3,27.7, 0.0,  0, 0.0000,     0,24.2,26.1, 1.3, 25,    35,    60, 0.6929, 0.7025
End
