Tag(M3),Date,Time,Plot_No,Rec_No,CO2,Pressure,Flow,H2O,Tsen,O2,Error,Aux_V,PAR,Tsoil,Tair,Msoil
Start
M5,04/07/23,15:55:57,    13,  4519,   421, 1000.8, 300,23.3,27.6, 0.0,  0, 0.0000,     0,23.7,24.5,17.8, 20,     2,     1, 0.0000, 0.0000
M5,04/07/23,15:55:58,    13,  4520,   423, 1000.8, 300,23.2,27.6, 0.0,  0, 0.0000,     0,23.7,24.5,17.8, 20,     5,     2, 0.0000, 0.0000
M5,04/07/23,15:55:59,    13,  4521,   425, 1000.8, 300,23.2,27.6, 0.0,  0, 0.0000,     0,23.7,24.5,17.8, 20,     7,     3, 0.0000, 0.0000
M5,04/07/23,15:56:00,    13,  4522,   427, 1000.8, 300,23.2,27.6, 0.0,  0, 0.0000,     0,23.7,24.6,17.8, 20,     9,     4, 0.0000, 0.0000
M5,04/07/23,15:56:01,    13,  4523,   428, 1000.8, 300,23.2,27.6, 0.0,  0, 0.0000,     0,23.7,24.6,17.8, 20,    10,     5, 0.0000, 0.0000
M5,04/07/23,15:56:02,    13,  4524,   429, 1000.8, 300,23.3,27.6, 0.0,  0, 0.0000,     0,23.7,24.6,17.8, 20,    11,     6, 0.0000, 0.0000
M5,04/07/23,15:56:03,    13,  4525,   430, 1000.8, 300,23.3,27.6, 0.0,  0, 0.0000,     0,23.7,24.6,17.8, 20,    12,     7, 0.0000, 0.0000
M5,04/07/23,15:56:04,    13,  4526,   432, 1000.8, 300,23.3,27.6, 0.0,  0, 0.0000,     0,23.7,24.6,17.8, 20,    13,     8, 0.0000, 0.0000
M5,04/07/23,15:56:05,    13,  4527,   432, 1000.8, 300,23.3,27.6, 0.0,  0, 0.0000,     0,23.7,24.7,17.8, 20,    14,     9, 0.0000, 0.0000
M5,04/07/23,15:56:06,    13,  4528,   433, 1000.8, 300,23.3,27.6, 0.0,  0, 0.0000,     0,23.7,24.7,17.8, 25,    15,    10, 0.0000, 0.0000
M5,04/07/23,15:56:07,    13,  4529,   434, 1000.8, 300,23.5,27.6, 0.0,  0, 0.0000,     0,23.7,24.7,17.8, 25,    16,    11, 0.0000, 0.0000
M5,04/07/23,15:56:08,    13,  4530,   435, 1000.8, 300,23.5,27.6, 0.0,  0, 0.0000,     0,23.7,24.7,17.8, 25,    17,    12, 0.0000, 0.0000
M5,04/07/23,15:56:09,    13,  4531,   436, 1000.8, 300,23.5,27.6, 0.0,  0, 0.0000,     0,23.7,24.7,17.8, 25,    18,    13, 1.1946, 1.3574
M5,04/07/23,15:56:10,    13,  4532,   437, 1000.8, 300,23.5,27.6, 0.0,  0, 0.0000,     0,23.7,24.7,17.8, 25,    18,    14, 1.1636, 1.2870
M5,04/07/23,15:56:11,    13,  4533,   438, 1000.8, 300,23.6,27.6, 0.0,  0, 0.0000,     0,23.7,24.7,17.8, 25,    19,    15, 1.1877, 1.1856
M5,04/07/23,15:56:12,    13,  4534,   439, 1000.8, 300,23.6,27.6, 0.0,  0, 0.0000,     0,23.7,24.7,18.0, 25,    20,    16, 1.1827, 1.1797
M5,04/07/23,15:56:13,    13,  4535,   440, 1000.8, 300,23.6,27.6, 0.0,  0, 0.0000,     0,23.7,24.7,18.0, 25,    21,    17, 1.1922, 1.1433
M5,04/07/23,15:56:14,    13,  4536,   440, 1000.8, 300,23.7,27.6, 0.0,  0, 0.0000,     0,23.7,24.8,18.0, 25,    22,    18, 1.1971, 1.1614
M5,04/07/23,15:56:15,    13,  4537,   441, 1000.8, 300,23.7,27.6, 0.0,  0, 0.0000,     0,23.7,24.8,18.0, 25,    23,    19, 1.1915, 1.1775
M5,04/07/23,15:56:17,    13,  4538,   442, 1000.8, 300,23.8,27.6, 0.0,  0, 0.0000,     0,23.7,24.8,18.0, 25,    24,    20, 1.2005, 1.1701
M5,04/07/23,15:56:18,    13,  4539,   443, 1000.8, 300,23.8,27.6, 0.0,  0, 0.0000,     0,23.7,24.8,18.0, 25,    25,    21, 1.2067, 1.1509
M5,04/07/23,15:56:19,    13,  4540,   444, 1000.8, 300,23.9,27.6, 0.0,  0, 0.0000,     0,23.7,24.8,17.7, 25,    26,    22, 1.2197, 1.1363
M5,04/07/23,15:56:20,    13,  4541,   445, 1000.8, 300,23.9,27.6, 0.0,  0, 0.0000,     0,23.7,24.8,17.7, 25,    27,    23, 1.2343, 1.1045
M5,04/07/23,15:56:21,    13,  4542,   446, 1000.8, 300,23.9,27.6, 0.0,  0, 0.0000,     0,23.7,24.8,17.7, 25,    28,    24, 1.2461, 1.0913
M5,04/07/23,15:56:22,    13,  4543,   447, 1000.8, 300,24.0,27.6, 0.0,  0, 0.0000,     0,23.7,24.8,17.7, 25,    29,    25, 1.2554, 1.1089
M5,04/07/23,15:56:23,    13,  4544,   448, 1000.8, 300,24.0,27.6, 0.0,  0, 0.0000,     0,23.7,24.8,17.7, 25,    30,    26, 1.2513, 1.1463
M5,04/07/23,15:56:24,    13,  4545,   448, 1000.8, 300,24.1,27.6, 0.0,  0, 0.0000,     0,23.7,24.8,17.7, 25,    30,    27, 1.2406, 1.2060
M5,04/07/23,15:56:25,    13,  4546,   449, 1000.8, 300,24.1,27.6, 0.0,  0, 0.0000,     0,23.7,24.8,17.7, 25,    31,    28, 1.2256, 1.2556
M5,04/07/23,15:56:26,    13,  4547,   450, 1000.8, 300,24.2,27.6, 0.0,  0, 0.0000,     0,23.7,24.9,17.7, 25,    32,    29, 1.2136, 1.3002
M5,04/07/23,15:56:27,    13,  4548,   451, 1000.8, 300,24.2,27.6, 0.0,  0, 0.0000,     0,23.7,24.9,17.7, 25,    32,    30, 1.2005, 1.3228
M5,04/07/23,15:56:28,    13,  4549,   451, 1000.8, 300,24.3,27.6, 0.0,  0, 0.0000,     0,23.7,24.9,17.7, 25,    33,    31, 1.1920, 1.3357
M5,04/07/23,15:56:29,    13,  4550,   452, 1000.8, 300,24.3,27.6, 0.0,  0, 0.0000,     0,23.7,24.9,17.7, 25,    34,    32, 1.1827, 1.3389
M5,04/07/23,15:56:30,    13,  4551,   453, 1000.8, 300,24.3,27.6, 0.0,  0, 0.0000,     0,23.7,24.9,17.7, 25,    35,    33, 1.1704, 1.3517
M5,04/07/23,15:56:31,    13,  4552,   453, 1000.8, 300,24.4,27.6, 0.0,  0, 0.0000,     0,23.7,24.9,17.7, 25,    35,    34, 1.1582, 1.3708
M5,04/07/23,15:56:32,    13,  4553,   454, 1000.8, 300,24.4,27.6, 0.0,  0, 0.0000,     0,23.7,24.9,17.7, 25,    36,    35, 1.1447, 1.3823
M5,04/07/23,15:56:33,    13,  4554,   455, 1000.8, 300,24.4,27.6, 0.0,  0, 0.0000,     0,23.7,24.9,17.7, 25,    37,    36, 1.1349, 1.3842
M5,04/07/23,15:56:34,    13,  4555,   456, 1000.8, 300,24.4,27.6, 0.0,  0, 0.0000,     0,23.7,24.9,17.7, 25,    38,    37, 1.1278, 1.3716
M5,04/07/23,15:56:35,    13,  4556,   457, 1000.8, 300,24.5,27.6, 0.0,  0, 0.0000,     0,23.7,24.9,17.7, 25,    38,    38, 1.1239, 1.3585
M5,04/07/23,15:56:36,    13,  4557,   458, 1000.8, 300,24.5,27.6, 0.0,  0, 0.0000,     0,23.7,24.9,17.7, 25,    39,    39, 1.1190, 1.3423
M5,04/07/23,15:56:37,    13,  4558,   458, 1000.8, 300,24.5,27.6, 0.0,  0, 0.0000,     0,23.7,24.9,17.7, 25,    40,    40, 1.1138, 1.3302
M5,04/07/23,15:56:38,    13,  4559,   459, 1000.8, 300,24.6,27.6, 0.0,  0, 0.0000,     0,23.7,24.9,17.7, 25,    41,    41, 1.1098, 1.3227
M5,04/07/23,15:56:39,    13,  4560,   460, 1000.8, 300,24.6,27.6, 0.0,  0, 0.0000,     0,23.7,24.9,17.7, 25,    41,    42, 1.1038, 1.3161
M5,04/07/23,15:56:40,    13,  4561,   460, 1000.8, 300,24.7,27.6, 0.0,  0, 0.0000,     0,23.7,24.9,17.7, 25,    42,    43, 1.0993, 1.3122
M5,04/07/23,15:56:41,    13,  4562,   461, 1000.8, 300,24.7,27.6, 0.0,  0, 0.0000,     0,23.7,24.9,17.7, 25,    43,    44, 1.0944, 1.3037
M5,04/07/23,15:56:42,    13,  4563,   462, 1000.8, 300,24.7,27.6, 0.0,  0, 0.0000,     0,23.7,24.9,17.7, 25,    44,    45, 1.0911, 1.2938
M5,04/07/23,15:56:43,    13,  4564,   463, 1000.8, 300,24.7,27.6, 0.0,  0, 0.0000,     0,23.7,24.9,17.7, 25,    45,    46, 1.0887, 1.2788
M5,04/07/23,15:56:44,    13,  4565,   464, 1000.8, 300,24.7,27.6, 0.0,  0, 0.0000,     0,23.7,24.9,17.7, 25,    46,    47, 1.0876, 1.2605
M5,04/07/23,15:56:45,    13,  4566,   465, 1000.8, 300,24.8,27.6, 0.0,  0, 0.0000,     0,23.7,24.9,17.7, 25,    46,    48, 1.0871, 1.2477
M5,04/07/23,15:56:46,    13,  4567,   466, 1000.8, 300,24.8,27.6, 0.0,  0, 0.0000,     0,23.7,24.9,17.7, 25,    47,    49, 1.0868, 1.2313
M5,04/07/23,15:56:47,    13,  4568,   466, 1000.8, 300,24.8,27.6, 0.0,  0, 0.0000,     0,23.7,24.9,17.7, 25,    48,    50, 1.0874, 1.2169
M5,04/07/23,15:56:48,    13,  4569,   467, 1000.8, 300,24.8,27.6, 0.0,  0, 0.0000,     0,23.7,24.9,17.7, 25,    49,    51, 1.0865, 1.2056
M5,04/07/23,15:56:49,    13,  4570,   468, 1000.8, 300,24.9,27.6, 0.0,  0, 0.0000,     0,23.7,24.9,17.7, 25,    50,    52, 1.0858, 1.1980
M5,04/07/23,15:56:50,    13,  4571,   469, 1000.8, 300,24.9,27.6, 0.0,  0, 0.0000,     0,23.7,24.9,17.7, 25,    50,    53, 1.0841, 1.1921
R5,04/07/23,15:56:50,    13,  4571,   469, 1000.8, 300,24.9,27.6, 0.0,  0, 0.0000,     0,23.7,24.9,17.7, 25,    50,    53, 1.0841, 1.1921
End
Start
M5,04/07/23,15:57:32,    13,  4613,   420, 1000.8, 300,23.1,27.5, 0.0,  0, 0.0000,     0,23.7,24.4,18.0, 20,     2,     1, 0.0000, 0.0000
M5,04/07/23,15:57:33,    13,  4614,   422, 1000.8, 300,23.1,27.5, 0.0,  0, 0.0000,     0,23.7,24.4,17.9, 20,     4,     2, 0.0000, 0.0000
M5,04/07/23,15:57:34,    13,  4615,   423, 1000.8, 300,23.1,27.5, 0.0,  0, 0.0000,     0,23.7,24.4,17.9, 20,     5,     3, 0.0000, 0.0000
M5,04/07/23,15:57:35,    13,  4616,   424, 1000.8, 300,23.1,27.5, 0.0,  0, 0.0000,     0,23.7,24.4,17.9, 20,     6,     4, 0.0000, 0.0000
M5,04/07/23,15:57:36,    13,  4617,   425, 1000.8, 300,23.1,27.5, 0.0,  0, 0.0000,     0,23.7,24.5,17.9, 20,     7,     5, 0.0000, 0.0000
M5,04/07/23,15:57:37,    13,  4618,   427, 1000.8, 300,23.2,27.5, 0.0,  0, 0.0000,     0,23.7,24.5,17.9, 20,     8,     6, 0.0000, 0.0000
M5,04/07/23,15:57:38,    13,  4619,   427, 1000.8, 300,23.2,27.5, 0.0,  0, 0.0000,     0,23.7,24.5,17.9, 20,     9,     7, 0.0000, 0.0000
M5,04/07/23,15:57:39,    13,  4620,   428, 1000.8, 300,23.2,27.5, 0.0,  0, 0.0000,     0,23.7,24.5,17.8, 20,    10,     8, 0.0000, 0.0000
M5,04/07/23,15:57:40,    13,  4621,   429, 1000.8, 300,23.2,27.5, 0.0,  0, 0.0000,     0,23.7,24.5,17.8, 20,    11,     9, 0.0000, 0.0000
M5,04/07/23,15:57:41,    13,  4622,   430, 1000.8, 300,23.2,27.5, 0.0,  0, 0.0000,     0,23.7,24.5,17.8, 25,    12,    10, 0.0000, 0.0000
M5,04/07/23,15:57:42,    13,  4623,   431, 1000.8, 300,23.3,27.5, 0.0,  0, 0.0000,     0,23.7,24.6,17.8, 25,    13,    11, 0.0000, 0.0000
M5,04/07/23,15:57:43,    13,  4624,   432, 1000.8, 300,23.3,27.5, 0.0,  0, 0.0000,     0,23.7,24.6,17.8, 25,    13,    12, 0.0000, 0.0000
M5,04/07/23,15:57:44,    13,  4625,   432, 1000.8, 300,23.4,27.5, 0.0,  0, 0.0000,     0,23.7,24.6,17.8, 25,    14,    13, 1.0568, 1.2201
M5,04/07/23,15:57:45,    13,  4626,   433, 1000.8, 300,23.4,27.5, 0.0,  0, 0.0000,     0,23.7,24.6,17.8, 25,    15,    14, 1.0484, 1.1112
M5,04/07/23,15:57:46,    13,  4627,   434, 1000.8, 300,23.4,27.5, 0.0,  0, 0.0000,     0,23.7,24.6,17.8, 25,    16,    15, 1.0530, 1.0525
M5,04/07/23,15:57:47,    13,  4628,   435, 1000.8, 300,23.5,27.5, 0.0,  0, 0.0000,     0,23.7,24.6,17.8, 25,    16,    16, 1.0447, 1.0902
M5,04/07/23,15:57:48,    13,  4629,   436, 1000.8, 300,23.5,27.5, 0.0,  0, 0.0000,     0,23.7,24.6,17.8, 25,    17,    17, 1.0414, 1.0669
M5,04/07/23,15:57:49,    13,  4630,   436, 1000.8, 300,23.6,27.5, 0.0,  0, 0.0000,     0,23.7,24.7,17.8, 25,    18,    18, 1.0493, 1.0471
M5,04/07/23,15:57:50,    13,  4631,   437, 1000.8, 300,23.6,27.5, 0.0,  0, 0.0000,     0,23.7,24.7,17.8, 25,    19,    19, 1.0528, 1.0279
M5,04/07/23,15:57:51,    13,  4632,   438, 1000.8, 300,23.7,27.5, 0.0,  0, 0.0000,     0,23.7,24.7,17.8, 25,    20,    20, 1.0631, 1.0217
M5,04/07/23,15:57:52,    13,  4633,   439, 1000.8, 300,23.7,27.5, 0.0,  0, 0.0000,     0,23.7,24.7,17.8, 25,    21,    21, 1.0666, 1.0143
M5,04/07/23,15:57:53,    13,  4634,   440, 1000.8, 300,23.7,27.5, 0.0,  0, 0.0000,     0,23.7,24.7,17.8, 25,    22,    22, 1.0772, 0.9892
M5,04/07/23,15:57:54,    13,  4635,   441, 1000.8, 300,23.8,27.5, 0.0,  0, 0.0000,     0,23.7,24.7,17.8, 25,    23,    23, 1.1012, 0.9482
M5,04/07/23,15:57:55,    13,  4636,   442, 1000.8, 300,23.8,27.5, 0.0,  0, 0.0000,     0,23.7,24.7,17.9, 25,    24,    24, 1.1140, 0.9380
M5,04/07/23,15:57:56,    13,  4637,   443, 1000.8, 300,23.8,27.5, 0.0,  0, 0.0000,     0,23.7,24.7,17.9, 25,    24,    25, 1.1205, 0.9635
M5,04/07/23,15:57:57,    13,  4638,   443, 1000.8, 300,23.8,27.5, 0.0,  0, 0.0000,     0,23.7,24.7,17.9, 25,    25,    26, 1.1138, 1.0121
M5,04/07/23,15:57:58,    13,  4639,   444, 1000.8, 300,23.9,27.5, 0.0,  0, 0.0000,     0,23.7,24.7,17.9, 25,    26,    27, 1.1122, 1.0459
M5,04/07/23,15:57:59,    13,  4640,   444, 1000.8, 300,23.9,27.5, 0.0,  0, 0.0000,     0,23.7,24.7,17.9, 25,    26,    28, 1.1013, 1.0888
M5,04/07/23,15:58:00,    13,  4641,   445, 1000.8, 300,24.0,27.5, 0.0,  0, 0.0000,     0,23.7,24.7,17.8, 25,    27,    29, 1.0920, 1.1241
M5,04/07/23,15:58:01,    13,  4642,   446, 1000.8, 300,24.0,27.5, 0.0,  0, 0.0000,     0,23.7,24.7,17.8, 25,    28,    30, 1.0840, 1.1402
M5,04/07/23,15:58:02,    13,  4643,   447, 1000.8, 300,24.0,27.5, 0.0,  0, 0.0000,     0,23.7,24.7,17.8, 25,    29,    31, 1.0809, 1.1366
M5,04/07/23,15:58:03,    13,  4644,   448, 1000.8, 300,24.1,27.5, 0.0,  0, 0.0000,     0,23.7,24.7,17.8, 25,    30,    32, 1.0841, 1.1251
M5,04/07/23,15:58:04,    13,  4645,   449, 1000.8, 300,24.1,27.5, 0.0,  0, 0.0000,     0,23.7,24.7,17.8, 25,    31,    33, 1.0867, 1.1053
M5,04/07/23,15:58:05,    13,  4646,   450, 1000.8, 300,24.2,27.5, 0.0,  0, 0.0000,     0,23.7,24.7,18.0, 25,    31,    34, 1.0906, 1.0923
M5,04/07/23,15:58:06,    13,  4647,   450, 1000.8, 300,24.2,27.5, 0.0,  0, 0.0000,     0,23.7,24.7,18.0, 25,    32,    35, 1.0906, 1.0880
M5,04/07/23,15:58:07,    13,  4648,   451, 1000.8, 300,24.2,27.5, 0.0,  0, 0.0000,     0,23.7,24.7,18.0, 25,    33,    36, 1.0906, 1.0916
M5,04/07/23,15:58:08,    13,  4649,   452, 1000.8, 300,24.2,27.5, 0.0,  0, 0.0000,     0,23.7,24.8,18.0, 25,    33,    37, 1.0879, 1.0974
M5,04/07/23,15:58:09,    13,  4650,   452, 1000.8, 300,24.2,27.5, 0.0,  0, 0.0000,     0,23.7,24.8,18.0, 25,    34,    38, 1.0843, 1.1053
M5,04/07/23,15:58:10,    13,  4651,   453, 1000.8, 300,24.3,27.5, 0.0,  0, 0.0000,     0,23.7,24.8,18.0, 25,    35,    39, 1.0833, 1.1107
M5,04/07/23,15:58:11,    13,  4652,   454, 1000.8, 300,24.3,27.5, 0.0,  0, 0.0000,     0,23.7,24.8,17.6, 25,    36,    40, 1.0811, 1.1117
M5,04/07/23,15:58:12,    13,  4653,   455, 1000.8, 300,24.4,27.5, 0.0,  0, 0.0000,     0,23.7,24.8,17.6, 25,    36,    41, 1.0796, 1.1165
M5,04/07/23,15:58:13,    13,  4654,   455, 1000.8, 300,24.4,27.5, 0.0,  0, 0.0000,     0,23.7,24.8,17.6, 25,    37,    42, 1.0762, 1.1213
M5,04/07/23,15:58:14,    13,  4655,   456, 1000.8, 300,24.4,27.5, 0.0,  0, 0.0000,     0,23.7,24.8,17.6, 25,    38,    43, 1.0745, 1.1237
M5,04/07/23,15:58:15,    13,  4656,   457, 1000.8, 300,24.4,27.5, 0.0,  0, 0.0000,     0,23.7,24.8,17.6, 25,    39,    44, 1.0725, 1.1228
M5,04/07/23,15:58:16,    13,  4657,   458, 1000.8, 300,24.4,27.5, 0.0,  0, 0.0000,     0,23.7,24.8,17.6, 25,    40,    45, 1.0721, 1.1165
M5,04/07/23,15:58:17,    13,  4658,   459, 1000.8, 300,24.5,27.5, 0.0,  0, 0.0000,     0,23.7,24.8,17.6, 25,    41,    46, 1.0730, 1.1113
M5,04/07/23,15:58:18,    13,  4659,   460, 1000.8, 300,24.5,27.5, 0.0,  0, 0.0000,     0,23.7,24.8,17.6, 25,    42,    47, 1.0739, 1.1017
M5,04/07/23,15:58:19,    13,  4660,   461, 1000.8, 300,24.6,27.5, 0.0,  0, 0.0000,     0,23.7,24.8,17.6, 25,    42,    48, 1.0743, 1.1002
M5,04/07/23,15:58:20,    13,  4661,   461, 1000.8, 300,24.6,27.5, 0.0,  0, 0.0000,     0,23.7,24.8,17.6, 25,    43,    49, 1.0723, 1.1029
M5,04/07/23,15:58:21,    13,  4662,   462, 1000.8, 300,24.6,27.5, 0.0,  0, 0.0000,     0,23.7,24.8,17.6, 25,    43,    50, 1.0707, 1.1072
M5,04/07/23,15:58:22,    13,  4663,   463, 1000.8, 300,24.6,27.5, 0.0,  0, 0.0000,     0,23.7,24.8,17.6, 25,    44,    51, 1.0689, 1.1084
M5,04/07/23,15:58:23,    13,  4664,   463, 1000.8, 300,24.7,27.5, 0.0,  0, 0.0000,     0,23.7,24.8,17.6, 25,    45,    52, 1.0674, 1.1113
M5,04/07/23,15:58:24,    13,  4665,   464, 1000.8, 300,24.7,27.5, 0.0,  0, 0.0000,     0,23.7,24.8,17.6, 25,    46,    53, 1.0656, 1.1117
M5,04/07/23,15:58:25,    13,  4666,   465, 1000.8, 300,24.7,27.5, 0.0,  0, 0.0000,     0,23.7,24.8,17.6, 25,    46,    54, 1.0636, 1.1129
M5,04/07/23,15:58:26,    13,  4667,   465, 1000.8, 300,24.7,27.5, 0.0,  0, 0.0000,     0,23.7,24.8,17.6, 25,    47,    55, 1.0618, 1.1153
M5,04/07/23,15:58:27,    13,  4668,   466, 1000.8, 300,24.7,27.5, 0.0,  0, 0.0000,     0,23.7,24.8,17.6, 25,    48,    56, 1.0595, 1.1176
M5,04/07/23,15:58:28,    13,  4669,   467, 1000.8, 300,24.7,27.5, 0.0,  0, 0.0000,     0,23.7,24.8,17.6, 25,    49,    57, 1.0585, 1.1191
M5,04/07/23,15:58:29,    13,  4670,   468, 1000.8, 300,24.7,27.5, 0.0,  0, 0.0000,     0,23.7,24.8,17.6, 25,    50,    58, 1.0570, 1.1181
M5,04/07/23,15:58:30,    13,  4671,   469, 1000.8, 300,24.8,27.5, 0.0,  0, 0.0000,     0,23.7,24.8,17.6, 25,    50,    59, 1.0562, 1.1164
R5,04/07/23,15:58:30,    13,  4671,   469, 1000.8, 300,24.8,27.5, 0.0,  0, 0.0000,     0,23.7,24.8,17.6, 25,    50,    59, 1.0562, 1.1164
End
Start
M5,04/07/23,15:59:19,    13,  4719,   415, 1000.8, 300,23.2,27.4, 0.0,  0, 0.0000,     0,23.7,24.4,17.9, 20,     1,     1, 0.0000, 0.0000
M5,04/07/23,15:59:20,    13,  4720,   416, 1000.8, 300,23.1,27.4, 0.0,  0, 0.0000,     0,23.7,24.4,17.9, 20,     2,     2, 0.0000, 0.0000
M5,04/07/23,15:59:21,    13,  4721,   417, 1000.8, 300,23.1,27.4, 0.0,  0, 0.0000,     0,23.7,24.4,17.6, 20,     3,     3, 0.0000, 0.0000
M5,04/07/23,15:59:22,    13,  4722,   418, 1000.8, 300,23.1,27.4, 0.0,  0, 0.0000,     0,23.7,24.5,17.6, 20,     4,     4, 0.0000, 0.0000
M5,04/07/23,15:59:23,    13,  4723,   418, 1000.8, 300,23.1,27.4, 0.0,  0, 0.0000,     0,23.7,24.5,17.6, 20,     5,     5, 0.0000, 0.0000
M5,04/07/23,15:59:24,    13,  4724,   420, 1000.8, 300,23.1,27.4, 0.0,  0, 0.0000,     0,23.7,24.5,17.6, 20,     6,     6, 0.0000, 0.0000
M5,04/07/23,15:59:25,    13,  4725,   421, 1000.8, 300,23.1,27.4, 0.0,  0, 0.0000,     0,23.7,24.5,17.6, 20,     7,     7, 0.0000, 0.0000
M5,04/07/23,15:59:26,    13,  4726,   421, 1000.8, 300,23.1,27.4, 0.0,  0, 0.0000,     0,23.7,24.5,17.8, 20,     8,     8, 0.0000, 0.0000
M5,04/07/23,15:59:27,    13,  4727,   422, 1000.8, 300,23.1,27.4, 0.0,  0, 0.0000,     0,23.7,24.6,17.8, 20,     8,     9, 0.0000, 0.0000
M5,04/07/23,15:59:28,    13,  4728,   423, 1000.8, 300,23.1,27.4, 0.0,  0, 0.0000,     0,23.7,24.6,17.8, 25,     9,    10, 0.0000, 0.0000
M5,04/07/23,15:59:29,    13,  4729,   424, 1000.8, 300,23.2,27.4, 0.0,  0, 0.0000,     0,23.7,24.6,17.8, 25,    10,    11, 0.0000, 0.0000
M5,04/07/23,15:59:30,    13,  4730,   425, 1000.8, 300,23.2,27.4, 0.0,  0, 0.0000,     0,23.7,24.6,17.8, 25,    11,    12, 0.0000, 0.0000
M5,04/07/23,15:59:31,    13,  4731,   426, 1000.8, 300,23.3,27.4, 0.0, 21, 0.0000,     0,23.7,24.6,17.8, 25,    12,    13, 1.1039, 0.7781
M5,04/07/23,15:59:32,    13,  4732,   427, 1000.8, 300,23.3,27.4, 0.0,  0, 0.0000,     0,23.7,24.6,17.8, 25,    13,    14, 1.1640, 0.8529
M5,04/07/23,15:59:33,    13,  4733,   428, 1000.8, 300,23.3,27.4, 0.0,  0, 0.0000,     0,23.7,24.6,17.8, 25,    14,    15, 1.2077, 0.9346
M5,04/07/23,15:59:34,    13,  4734,   428, 1000.8, 300,23.3,27.4, 0.0,  0, 0.0000,     0,23.7,24.6,17.8, 25,    14,    16, 1.1614, 1.1593
M5,04/07/23,15:59:35,    13,  4735,   428, 1000.8, 300,23.3,27.4, 0.0,  0, 0.0000,     0,23.7,24.6,17.8, 25,    15,    17, 1.1000, 1.3058
M5,04/07/23,15:59:36,    13,  4736,   429, 1000.8, 300,23.4,27.4, 0.0,  0, 0.0000,     0,23.7,24.6,17.8, 25,    15,    18, 1.0619, 1.3432
M5,04/07/23,15:59:37,    13,  4737,   430, 1000.8, 300,23.4,27.4, 0.0,  0, 0.0000,     0,23.7,24.6,17.8, 25,    16,    19, 1.0527, 1.2643
M5,04/07/23,15:59:38,    13,  4738,   431, 1000.8, 300,23.5,27.4, 0.0,  0, 0.0000,     0,23.7,24.6,17.8, 25,    17,    20, 1.0640, 1.1768
M5,04/07/23,15:59:39,    13,  4739,   432, 1000.8, 300,23.5,27.4, 0.0,  0, 0.0000,     0,23.7,24.6,17.8, 25,    18,    21, 1.0692, 1.1217
M5,04/07/23,15:59:40,    13,  4740,   433, 1000.8, 300,23.5,27.4, 0.0,  0, 0.0000,     0,23.7,24.7,17.8, 25,    19,    22, 1.0655, 1.1253
M5,04/07/23,15:59:41,    13,  4741,   433, 1000.8, 300,23.5,27.4, 0.0,  0, 0.0000,     0,23.7,24.7,17.8, 25,    19,    23, 1.0557, 1.1343
M5,04/07/23,15:59:42,    13,  4742,   434, 1000.8, 300,23.5,27.4, 0.0,  0, 0.0000,     0,23.7,24.7,17.8, 25,    20,    24, 1.0503, 1.1272
M5,04/07/23,15:59:43,    13,  4743,   435, 1000.8, 300,23.6,27.4, 0.0,  0, 0.0000,     0,23.7,24.7,17.8, 25,    21,    25, 1.0513, 1.1171
M5,04/07/23,15:59:44,    13,  4744,   436, 1000.8, 300,23.6,27.4, 0.0,  0, 0.0000,     0,23.7,24.7,17.8, 25,    22,    26, 1.0546, 1.0878
M5,04/07/23,15:59:45,    13,  4745,   437, 1000.8, 300,23.7,27.4, 0.0,  0, 0.0000,     0,23.7,24.7,17.8, 25,    23,    27, 1.0637, 1.0566
M5,04/07/23,15:59:46,    13,  4746,   438, 1000.8, 300,23.7,27.4, 0.0,  0, 0.0000,     0,23.7,24.7,17.8, 25,    24,    28, 1.0690, 1.0359
M5,04/07/23,15:59:47,    13,  4747,   438, 1000.8, 300,23.8,27.4, 0.0,  0, 0.0000,     0,23.7,24.7,17.8, 25,    25,    29, 1.0727, 1.0363
M5,04/07/23,15:59:48,    13,  4748,   439, 1000.8, 300,23.8,27.4, 0.0,  0, 0.0000,     0,23.7,24.7,17.8, 25,    25,    30, 1.0739, 1.0346
M5,04/07/23,15:59:49,    13,  4749,   440, 1000.8, 300,23.8,27.4, 0.0,  0, 0.0000,     0,23.7,24.7,17.8, 25,    27,    31, 1.0803, 1.0158
M5,04/07/23,15:59:50,    13,  4750,   441, 1000.8, 300,23.8,27.4, 0.0,  0, 0.0000,     0,23.7,24.7,17.8, 25,    27,    32, 1.0852, 1.0156
M5,04/07/23,15:59:51,    13,  4751,   442, 1000.8, 300,23.8,27.4, 0.0,  0, 0.0000,     0,23.7,24.7,17.8, 25,    28,    33, 1.0852, 1.0228
M5,04/07/23,15:59:52,    13,  4752,   442, 1000.8, 300,23.9,27.4, 0.0,  0, 0.0000,     0,23.7,24.7,17.8, 25,    28,    34, 1.0833, 1.0442
M5,04/07/23,15:59:53,    13,  4753,   443, 1000.8, 300,23.9,27.4, 0.0,  0, 0.0000,     0,23.7,24.7,17.8, 25,    29,    35, 1.0766, 1.0696
M5,04/07/23,15:59:54,    13,  4754,   444, 1000.8, 300,24.0,27.4, 0.0,  0, 0.0000,     0,23.7,24.7,17.8, 25,    30,    36, 1.0730, 1.0866
M5,04/07/23,15:59:55,    13,  4755,   444, 1000.8, 300,24.0,27.4, 0.0,  0, 0.0000,     0,23.7,24.7,17.8, 25,    31,    37, 1.0691, 1.0952
M5,04/07/23,15:59:56,    13,  4756,   445, 1000.8, 300,24.0,27.4, 0.0,  0, 0.0000,     0,23.7,24.7,17.8, 25,    31,    38, 1.0676, 1.1003
M5,04/07/23,15:59:57,    13,  4757,   446, 1000.8, 300,24.0,27.4, 0.0,  0, 0.0000,     0,23.7,24.8,17.8, 25,    32,    39, 1.0654, 1.1011
M5,04/07/23,15:59:58,    13,  4758,   447, 1000.8, 300,24.0,27.4, 0.0,  0, 0.0000,     0,23.7,24.8,17.8, 25,    33,    40, 1.0639, 1.0994
M5,04/07/23,15:59:59,    13,  4759,   448, 1000.8, 300,24.1,27.4, 0.0,  0, 0.0000,     0,23.7,24.8,17.8, 25,    34,    41, 1.0639, 1.0973
M5,04/07/23,16:00:00,    13,  4760,   448, 1000.8, 300,24.1,27.4, 0.0,  0, 0.0000,     0,23.7,24.8,17.8, 25,    34,    42, 1.0609, 1.1013
M5,04/07/23,16:00:01,    13,  4761,   449, 1000.8, 300,24.2,27.4, 0.0,  0, 0.0000,     0,23.7,24.8,17.8, 25,    35,    43, 1.0600, 1.1034
M5,04/07/23,16:00:02,    13,  4762,   450, 1000.8, 300,24.2,27.4, 0.0,  0, 0.0000,     0,23.7,24.8,17.8, 25,    36,    44, 1.0594, 1.0983
M5,04/07/23,16:00:03,    13,  4763,   451, 1000.8, 300,24.2,27.4, 0.0,  0, 0.0000,     0,23.7,24.8,17.8, 25,    37,    45, 1.0611, 1.0902
M5,04/07/23,16:00:04,    13,  4764,   452, 1000.8, 300,24.2,27.4, 0.0,  0, 0.0000,     0,23.7,24.8,17.8, 25,    38,    46, 1.0639, 1.0751
M5,04/07/23,16:00:05,    13,  4765,   453, 1000.8, 300,24.2,27.4, 0.0,  0, 0.0000,     0,23.7,24.8,17.8, 25,    39,    47, 1.0664, 1.0627
M5,04/07/23,16:00:06,    13,  4766,   454, 1000.8, 300,24.3,27.4, 0.0,  0, 0.0000,     0,23.7,24.8,17.8, 25,    40,    48, 1.0689, 1.0566
M5,04/07/23,16:00:07,    13,  4767,   455, 1000.8, 301,24.3,27.4, 0.0,  0, 0.0000,     0,23.7,24.8,17.8, 25,    41,    49, 1.0702, 1.0506
M5,04/07/23,16:00:08,    13,  4768,   455, 1000.8, 300,24.3,27.4, 0.0,  0, 0.0000,     0,23.7,24.8,17.8, 25,    42,    50, 1.0724, 1.0463
M5,04/07/23,16:00:09,    13,  4769,   456, 1000.8, 300,24.3,27.4, 0.0,  0, 0.0000,     0,23.7,24.8,17.8, 25,    42,    51, 1.0729, 1.0446
M5,04/07/23,16:00:10,    13,  4770,   457, 1000.8, 300,24.4,27.4, 0.0,  0, 0.0000,     0,23.7,24.8,17.8, 25,    43,    52, 1.0735, 1.0461
M5,04/07/23,16:00:11,    13,  4771,   458, 1000.8, 300,24.4,27.4, 0.0,  0, 0.0000,     0,23.7,24.8,17.8, 25,    44,    53, 1.0735, 1.0464
M5,04/07/23,16:00:12,    13,  4772,   458, 1000.8, 300,24.4,27.4, 0.0,  0, 0.0000,     0,23.7,24.8,17.8, 25,    44,    54, 1.0731, 1.0487
M5,04/07/23,16:00:13,    13,  4773,   459, 1000.8, 300,24.5,27.4, 0.0,  0, 0.0000,     0,23.7,24.8,17.8, 25,    45,    55, 1.0731, 1.0533
M5,04/07/23,16:00:14,    13,  4774,   459, 1000.8, 300,24.5,27.4, 0.0,  0, 0.0000,     0,23.7,24.8,17.9, 25,    46,    56, 1.0712, 1.0603
M5,04/07/23,16:00:15,    13,  4775,   460, 1000.8, 300,24.5,27.4, 0.0,  0, 0.0000,     0,23.7,24.8,17.9, 25,    46,    57, 1.0694, 1.0677
M5,04/07/23,16:00:16,    13,  4776,   461, 1000.8, 300,24.5,27.4, 0.0,  0, 0.0000,     0,23.7,24.8,17.9, 25,    47,    58, 1.0671, 1.0748
M5,04/07/23,16:00:17,    13,  4777,   461, 1000.8, 300,24.6,27.4, 0.0,  0, 0.0000,     0,23.7,24.8,17.9, 25,    48,    59, 1.0656, 1.0826
M5,04/07/23,16:00:18,    13,  4778,   462, 1000.8, 300,24.6,27.4, 0.0,  0, 0.0000,     0,23.7,24.8,17.9, 25,    48,    60, 1.0630, 1.0892
R5,04/07/23,16:00:18,    13,  4778,   462, 1000.8, 300,24.6,27.4, 0.0,  0, 0.0000,     0,23.7,24.8,17.9, 25,    48,    60, 1.0630, 1.0892
End
Zero
Start
M5,04/07/23,16:03:24,    13,  4963,   421, 1000.8, 300,22.5,27.2, 0.0,  0, 0.0000,     0,23.5,24.6,22.2, 20,     2,     1, 0.0000, 0.0000
M5,04/07/23,16:03:25,    13,  4964,   423, 1000.8, 300,22.5,27.2, 0.0,  0, 0.0000,     0,23.5,24.6,22.2, 20,     3,     2, 0.0000, 0.0000
M5,04/07/23,16:03:26,    13,  4965,   424, 1000.8, 300,22.5,27.2, 0.0,  0, 0.0000,     0,23.5,24.6,22.2, 20,     5,     3, 0.0000, 0.0000
M5,04/07/23,16:03:27,    13,  4966,   425, 1000.8, 300,22.5,27.2, 0.0,  0, 0.0000,     0,23.5,24.7,21.8, 20,     6,     4, 0.0000, 0.0000
M5,04/07/23,16:03:28,    13,  4967,   426, 1000.8, 300,22.5,27.2, 0.0,  0, 0.0000,     0,23.5,24.7,21.8, 20,     7,     5, 0.0000, 0.0000
M5,04/07/23,16:03:29,    13,  4968,   427, 1000.8, 300,22.6,27.2, 0.0,  0, 0.0000,     0,23.5,24.7,21.8, 20,     7,     6, 0.0000, 0.0000
M5,04/07/23,16:03:30,    13,  4969,   427, 1000.8, 300,22.6,27.2, 0.0,  0, 0.0000,     0,23.5,24.7,21.8, 20,     8,     7, 0.0000, 0.0000
M5,04/07/23,16:03:31,    13,  4970,   428, 1000.8, 300,22.6,27.2, 0.0,  0, 0.0000,     0,23.5,24.7,21.8, 20,     9,     8, 0.0000, 0.0000
M5,04/07/23,16:03:32,    13,  4971,   429, 1000.8, 300,22.6,27.2, 0.0,  0, 0.0000,     0,23.5,24.7,21.8, 20,    10,     9, 0.0000, 0.0000
M5,04/07/23,16:03:33,    13,  4972,   430, 1000.8, 300,22.6,27.2, 0.0,  0, 0.0000,     0,23.5,24.7,22.2, 25,    10,    10, 0.0000, 0.0000
M5,04/07/23,16:03:34,    13,  4973,   430, 1000.8, 300,22.7,27.2, 0.0,  0, 0.0000,     0,23.5,24.7,22.2, 25,    11,    11, 0.0000, 0.0000
M5,04/07/23,16:03:35,    13,  4974,   431, 1000.8, 300,22.7,27.2, 0.0,  0, 0.0000,     0,23.5,24.7,22.2, 25,    12,    12, 0.0000, 0.0000
M5,04/07/23,16:03:36,    13,  4975,   431, 1000.8, 300,22.8,27.2, 0.0,  0, 0.0000,     0,23.5,24.7,22.2, 25,    12,    13, 0.7743, 0.6118
M5,04/07/23,16:03:37,    13,  4976,   432, 1000.8, 300,22.8,27.2, 0.0,  0, 0.0000,     0,23.5,24.7,22.2, 25,    13,    14, 0.7481, 0.7437
M5,04/07/23,16:03:38,    13,  4977,   432, 1000.8, 300,22.8,27.2, 0.0,  0, 0.0000,     0,23.5,24.7,22.0, 25,    13,    15, 0.7266, 0.7983
M5,04/07/23,16:03:39,    13,  4978,   433, 1000.8, 300,22.8,27.2, 0.0,  0, 0.0000,     0,23.5,24.7,22.0, 25,    14,    16, 0.7041, 0.8061
M5,04/07/23,16:03:40,    13,  4979,   434, 1000.8, 300,22.8,27.2, 0.0,  0, 0.0000,     0,23.5,24.8,22.0, 25,    14,    17, 0.7037, 0.7560
M5,04/07/23,16:03:41,    13,  4980,   434, 1000.8, 300,22.9,27.2, 0.0,  0, 0.0000,     0,23.5,24.8,22.0, 25,    15,    18, 0.7087, 0.7329
M5,04/07/23,16:03:42,    13,  4981,   435, 1000.8, 300,22.9,27.2, 0.0,  0, 0.0000,     0,23.5,24.8,22.0, 25,    15,    19, 0.7034, 0.7321
M5,04/07/23,16:03:43,    13,  4982,   435, 1000.8, 300,23.0,27.2, 0.0,  0, 0.0000,     0,23.5,24.8,22.2, 25,    16,    20, 0.7006, 0.7417
M5,04/07/23,16:03:44,    13,  4983,   436, 1000.8, 300,23.0,27.2, 0.0,  0, 0.0000,     0,23.5,24.8,22.2, 25,    16,    21, 0.6928, 0.7460
M5,04/07/23,16:03:45,    13,  4984,   436, 1000.8, 300,23.0,27.2, 0.0,  0, 0.0000,     0,23.5,24.8,22.2, 25,    17,    22, 0.6929, 0.7289
M5,04/07/23,16:03:46,    13,  4985,   437, 1000.8, 300,23.0,27.2, 0.0,  0, 0.0000,     0,23.5,24.8,22.2, 25,    18,    23, 0.6901, 0.7232
M5,04/07/23,16:03:47,    13,  4986,   437, 1000.8, 300,23.0,27.2, 0.0,  0, 0.0000,     0,23.5,24.8,22.2, 25,    18,    24, 0.6890, 0.7252
M5,04/07/23,16:03:48,    13,  4987,   438, 1000.8, 300,23.0,27.2, 0.0,  0, 0.0000,     0,23.5,24.8,22.2, 25,    19,    25, 0.6847, 0.7261
M5,04/07/23,16:03:49,    13,  4988,   439, 1000.8, 300,23.0,27.2, 0.0,  0, 0.0000,     0,23.5,24.8,22.4, 25,    19,    26, 0.6843, 0.7146
M5,04/07/23,16:03:50,    13,  4989,   439, 1000.8, 300,23.1,27.2, 0.0,  0, 0.0000,     0,23.5,24.8,22.4, 25,    20,    27, 0.6844, 0.7124
M5,04/07/23,16:03:51,    13,  4990,   439, 1000.8, 300,23.1,27.2, 0.0,  0, 0.0000,     0,23.5,24.8,22.4, 25,    20,    28, 0.6820, 0.7114
M5,04/07/23,16:03:52,    13,  4991,   440, 1000.8, 300,23.2,27.2, 0.0,  0, 0.0000,     0,23.5,24.8,22.4, 25,    21,    29, 0.6782, 0.7234
M5,04/07/23,16:03:53,    13,  4992,   440, 1000.8, 300,23.2,27.2, 0.0,  0, 0.0000,     0,23.5,24.8,22.4, 25,    21,    30, 0.6705, 0.7380
M5,04/07/23,16:03:54,    13,  4993,   440, 1000.8, 300,23.2,27.2, 0.0,  0, 0.0000,     0,23.5,24.8,22.3, 25,    21,    31, 0.6631, 0.7551
M5,04/07/23,16:03:55,    13,  4994,   441, 1000.8, 300,23.2,27.2, 0.0,  0, 0.0000,     0,23.5,24.8,22.3, 25,    22,    32, 0.6580, 0.7546
M5,04/07/23,16:03:56,    13,  4995,   442, 1000.8, 300,23.2,27.2, 0.0,  0, 0.0000,     0,23.5,24.8,22.3, 25,    22,    33, 0.6536, 0.7517
M5,04/07/23,16:03:57,    13,  4996,   442, 1000.8, 300,23.3,27.2, 0.0,  0, 0.0000,     0,23.5,24.8,22.3, 25,    23,    34, 0.6527, 0.7418
M5,04/07/23,16:03:58,    13,  4997,   443, 1000.8, 300,23.3,27.2, 0.0,  0, 0.0000,     0,23.5,24.8,22.3, 25,    24,    35, 0.6508, 0.7327
M5,04/07/23,16:03:59,    13,  4998,   443, 1000.8, 300,23.3,27.2, 0.0,  0, 0.0000,     0,23.5,24.8,22.3, 25,    24,    36, 0.6500, 0.7259
M5,04/07/23,16:04:00,    13,  4999,   444, 1000.8, 300,23.3,27.2, 0.0,  0, 0.0000,     0,23.5,24.8,22.3, 25,    25,    37, 0.6484, 0.7192
M5,04/07/23,16:04:01,    13,  5000,   444, 1000.8, 300,23.4,27.2, 0.0,  0, 0.0000,     0,23.5,24.8,22.3, 25,    25,    38, 0.6454, 0.7222
M5,04/07/23,16:04:02,    13,  5001,   445, 1000.8, 300,23.4,27.2, 0.0,  0, 0.0000,     0,23.5,24.8,22.3, 25,    25,    39, 0.6434, 0.7172
M5,04/07/23,16:04:03,    13,  5002,   445, 1000.8, 300,23.4,27.2, 0.0,  0, 0.0000,     0,23.5,24.8,22.3, 25,    26,    40, 0.6404, 0.7168
M5,04/07/23,16:04:04,    13,  5003,   446, 1000.8, 300,23.4,27.2, 0.0,  0, 0.0000,     0,23.5,24.8,22.3, 25,    26,    41, 0.6384, 0.7156
M5,04/07/23,16:04:05,    13,  5004,   446, 1000.8, 300,23.4,27.2, 0.0,  0, 0.0000,     0,23.5,24.8,22.5, 25,    27,    42, 0.6372, 0.7091
M5,04/07/23,16:04:06,    13,  5005,   447, 1000.8, 300,23.4,27.2, 0.0,  0, 0.0000,     0,23.5,24.8,22.5, 25,    28,    43, 0.6391, 0.6971
M5,04/07/23,16:04:07,    13,  5006,   448, 1000.8, 300,23.4,27.2, 0.0,  0, 0.0000,     0,23.5,24.8,22.5, 25,    28,    44, 0.6407, 0.6833
M5,04/07/23,16:04:08,    13,  5007,   449, 1000.8, 300,23.5,27.2, 0.0,  0, 0.0000,     0,23.5,24.8,22.5, 25,    29,    45, 0.6443, 0.6665
M5,04/07/23,16:04:09,    13,  5008,   449, 1000.8, 300,23.5,27.2, 0.0,  0, 0.0000,     0,23.5,24.8,22.5, 25,    30,    46, 0.6468, 0.6536
M5,04/07/23,16:04:10,    13,  5009,   449, 1000.8, 300,23.5,27.2, 0.0,  0, 0.0000,     0,23.5,24.8,22.5, 25,    30,    47, 0.6484, 0.6475
M5,04/07/23,16:04:11,    13,  5010,   450, 1000.8, 300,23.5,27.2, 0.0,  0, 0.0000,     0,23.5,24.8,22.5, 25,    30,    48, 0.6484, 0.6457
M5,04/07/23,16:04:12,    13,  5011,   450, 1000.8, 300,23.5,27.2, 0.0,  0, 0.0000,     0,23.5,24.8,22.5, 25,    31,    49, 0.6484, 0.6446
M5,04/07/23,16:04:13,    13,  5012,   451, 1000.8, 300,23.5,27.2, 0.0,  0, 0.0000,     0,23.5,24.8,22.5, 25,    32,    50, 0.6494, 0.6419
M5,04/07/23,16:04:14,    13,  5013,   451, 1000.8, 300,23.5,27.2, 0.0,  0, 0.0000,     0,23.5,24.8,22.5, 25,    32,    51, 0.6491, 0.6423
M5,04/07/23,16:04:15,    13,  5014,   451, 1000.8, 300,23.6,27.2, 0.0,  0, 0.0000,     0,23.5,24.8,22.4, 25,    32,    52, 0.6481, 0.6482
M5,04/07/23,16:04:16,    13,  5015,   452, 1000.8, 300,23.6,27.2, 0.0,  0, 0.0000,     0,23.5,24.8,22.4, 25,    32,    53, 0.6453, 0.6570
M5,04/07/23,16:04:17,    13,  5016,   452, 1000.8, 300,23.6,27.2, 0.0,  0, 0.0000,     0,23.5,24.8,22.4, 25,    32,    54, 0.6420, 0.6687
M5,04/07/23,16:04:18,    13,  5017,   452, 1000.8, 300,23.6,27.2, 0.0,  0, 0.0000,     0,23.5,24.8,22.4, 25,    33,    55, 0.6381, 0.6794
M5,04/07/23,16:04:19,    13,  5018,   452, 1000.8, 300,23.6,27.2, 0.0,  0, 0.0000,     0,23.5,24.8,22.4, 25,    33,    56, 0.6341, 0.6896
M5,04/07/23,16:04:20,    13,  5019,   453, 1000.8, 300,23.6,27.2, 0.0,  0, 0.0000,     0,23.5,24.8,22.4, 25,    34,    57, 0.6310, 0.6974
M5,04/07/23,16:04:21,    13,  5020,   453, 1000.8, 300,23.6,27.2, 0.0,  0, 0.0000,     0,23.5,24.8,22.5, 25,    34,    58, 0.6276, 0.7037
M5,04/07/23,16:04:22,    13,  5021,   454, 1000.8, 300,23.7,27.2, 0.0,  0, 0.0000,     0,23.5,24.8,22.5, 25,    35,    59, 0.6251, 0.7086
M5,04/07/23,16:04:23,    13,  5022,   455, 1000.8, 300,23.7,27.2, 0.0,  0, 0.0000,     0,23.5,24.8,22.5, 25,    35,    60, 0.6229, 0.7095
R5,04/07/23,16:04:23,    13,  5022,   455, 1000.8, 300,23.7,27.2, 0.0,  0, 0.0000,     0,23.5,24.8,22.5, 25,    35,    60, 0.6229, 0.7095
End
Start
M5,04/07/23,16:05:26,    14,  5084,   413, 1000.8, 300,22.5,27.2, 0.0,  0, 0.0000,     0,23.3,24.4,22.6, 20,     1,     1, 0.0000, 0.0000
M5,04/07/23,16:05:27,    14,  5085,   414, 1000.8, 300,22.5,27.2, 0.0,  0, 0.0000,     0,23.3,24.4,22.6, 20,     3,     2, 0.0000, 0.0000
M5,04/07/23,16:05:28,    14,  5086,   415, 1000.8, 300,22.5,27.2, 0.0,  0, 0.0000,     0,23.3,24.4,22.6, 20,     4,     3, 0.0000, 0.0000
M5,04/07/23,16:05:29,    14,  5087,   417, 1000.8, 300,22.5,27.2, 0.0,  0, 0.0000,     0,23.3,24.4,22.6, 20,     5,     4, 0.0000, 0.0000
M5,04/07/23,16:05:30,    14,  5088,   418, 1000.8, 300,22.5,27.2, 0.0,  0, 0.0000,     0,23.3,24.5,22.6, 20,     7,     5, 0.0000, 0.0000
M5,04/07/23,16:05:31,    14,  5089,   419, 1000.8, 300,22.5,27.2, 0.0,  0, 0.0000,     0,23.3,24.5,22.6, 20,     8,     6, 0.0000, 0.0000
M5,04/07/23,16:05:32,    14,  5090,   420, 1000.8, 300,22.6,27.2, 0.0,  0, 0.0000,     0,23.3,24.5,22.6, 20,     8,     7, 0.0000, 0.0000
M5,04/07/23,16:05:33,    14,  5091,   420, 1000.8, 300,22.6,27.2, 0.0,  0, 0.0000,     0,23.3,24.5,22.6, 20,     9,     8, 0.0000, 0.0000
M5,04/07/23,16:05:34,    14,  5092,   421, 1000.8, 300,22.6,27.2, 0.0,  0, 0.0000,     0,23.3,24.5,22.6, 20,    10,     9, 0.0000, 0.0000
M5,04/07/23,16:05:35,    14,  5093,   422, 1000.8, 300,22.6,27.2, 0.0,  0, 0.0000,     0,23.3,24.6,22.6, 25,    10,    10, 0.0000, 0.0000
M5,04/07/23,16:05:36,    14,  5094,   422, 1000.8, 300,22.6,27.2, 0.0,  0, 0.0000,     0,23.3,24.6,22.9, 25,    11,    11, 0.0000, 0.0000
M5,04/07/23,16:05:37,    14,  5095,   423, 1000.8, 300,22.7,27.2, 0.0,  0, 0.0000,     0,23.3,24.6,22.9, 25,    12,    12, 0.0000, 0.0000
M5,04/07/23,16:05:38,    14,  5096,   423, 1000.8, 300,22.7,27.2, 0.0,  0, 0.0000,     0,23.3,24.6,22.9, 25,    12,    13, 0.6732, 0.8238
M5,04/07/23,16:05:39,    14,  5097,   424, 1000.8, 300,22.8,27.2, 0.0,  0, 0.0000,     0,23.3,24.6,22.9, 25,    13,    14, 0.6976, 0.6976
M5,04/07/23,16:05:40,    14,  5098,   425, 1000.8, 300,22.8,27.2, 0.0,  0, 0.0000,     0,23.3,24.6,22.9, 25,    13,    15, 0.7175, 0.6452
M5,04/07/23,16:05:41,    14,  5099,   425, 1000.8, 300,22.8,27.2, 0.0,  0, 0.0000,     0,23.3,24.6,22.9, 25,    14,    16, 0.7387, 0.6378
M5,04/07/23,16:05:42,    14,  5100,   426, 1000.8, 300,22.8,27.2, 0.0,  0, 0.0000,     0,23.3,24.6,22.7, 25,    15,    17, 0.7431, 0.6611
M5,04/07/23,16:05:43,    14,  5101,   427, 1000.8, 300,22.9,27.2, 0.0,  0, 0.0000,     0,23.3,24.7,22.7, 25,    15,    18, 0.7566, 0.6763
M5,04/07/23,16:05:44,    14,  5102,   427, 1000.8, 300,22.9,27.2, 0.0,  0, 0.0000,     0,23.3,24.7,22.7, 25,    16,    19, 0.7622, 0.6807
M5,04/07/23,16:05:45,    14,  5103,   428, 1000.8, 300,22.9,27.2, 0.0,  0, 0.0000,     0,23.3,24.7,22.7, 25,    16,    20, 0.7582, 0.7112
M5,04/07/23,16:05:46,    14,  5104,   428, 1000.8, 300,22.9,27.2, 0.0,  0, 0.0000,     0,23.3,24.7,22.7, 25,    17,    21, 0.7588, 0.7214
M5,04/07/23,16:05:47,    14,  5105,   429, 1000.8, 300,22.9,27.2, 0.0,  0, 0.0000,     0,23.3,24.7,22.7, 25,    18,    22, 0.7602, 0.7224
M5,04/07/23,16:05:48,    14,  5106,   430, 1000.8, 300,23.0,27.2, 0.0,  0, 0.0000,     0,23.3,24.7,22.7, 25,    19,    23, 0.7710, 0.7058
M5,04/07/23,16:05:49,    14,  5107,   430, 1000.8, 300,23.0,27.2, 0.0,  0, 0.0000,     0,23.3,24.7,22.7, 25,    19,    24, 0.7671, 0.7295
M5,04/07/23,16:05:50,    14,  5108,   431, 1000.8, 300,23.1,27.2, 0.0,  0, 0.0000,     0,23.3,24.7,22.7, 25,    19,    25, 0.7593, 0.7705
M5,04/07/23,16:05:51,    14,  5109,   431, 1000.8, 300,23.1,27.2, 0.0,  0, 0.0000,     0,23.3,24.7,22.7, 25,    20,    26, 0.7450, 0.8098
M5,04/07/23,16:05:52,    14,  5110,   431, 1000.8, 300,23.1,27.2, 0.0,  0, 0.0000,     0,23.3,24.7,22.7, 25,    20,    27, 0.7326, 0.8332
M5,04/07/23,16:05:53,    14,  5111,   432, 1000.8, 300,23.1,27.2, 0.0,  0, 0.0000,     0,23.3,24.7,22.7, 25,    21,    28, 0.7227, 0.8469
M5,04/07/23,16:05:54,    14,  5112,   433, 1000.8, 300,23.1,27.2, 0.0,  0, 0.0000,     0,23.3,24.7,22.7, 25,    21,    29, 0.7161, 0.8428
M5,04/07/23,16:05:55,    14,  5113,   433, 1000.8, 300,23.2,27.2, 0.0,  0, 0.0000,     0,23.3,24.7,22.7, 25,    22,    30, 0.7113, 0.8402
M5,04/07/23,16:05:56,    14,  5114,   433, 1000.8, 300,23.2,27.2, 0.0,  0, 0.0000,     0,23.3,24.7,22.7, 25,    22,    31, 0.7029, 0.8437
M5,04/07/23,16:05:57,    14,  5115,   434, 1000.8, 300,23.2,27.2, 0.0,  0, 0.0000,     0,23.3,24.8,22.7, 25,    22,    32, 0.6922, 0.8593
M5,04/07/23,16:05:58,    14,  5116,   434, 1000.8, 300,23.2,27.2, 0.0,  0, 0.0000,     0,23.3,24.8,22.7, 25,    23,    33, 0.6802, 0.8715
M5,04/07/23,16:05:59,    14,  5117,   434, 1000.8, 300,23.2,27.2, 0.0,  0, 0.0000,     0,23.3,24.8,22.7, 25,    23,    34, 0.6703, 0.8746
M5,04/07/23,16:06:00,    14,  5118,   435, 1000.8, 300,23.3,27.2, 0.0,  0, 0.0000,     0,23.3,24.8,22.7, 25,    24,    35, 0.6666, 0.8613
M5,04/07/23,16:06:01,    14,  5119,   436, 1000.8, 300,23.3,27.2, 0.0,  0, 0.0000,     0,23.3,24.8,22.7, 25,    25,    36, 0.6638, 0.8416
M5,04/07/23,16:06:02,    14,  5120,   436, 1000.8, 300,23.3,27.2, 0.0,  0, 0.0000,     0,23.3,24.8,22.7, 25,    25,    37, 0.6594, 0.8347
M5,04/07/23,16:06:03,    14,  5121,   437, 1000.8, 300,23.3,27.2, 0.0,  0, 0.0000,     0,23.3,24.8,22.7, 25,    25,    38, 0.6549, 0.8258
M5,04/07/23,16:06:04,    14,  5122,   437, 1000.8, 300,23.4,27.2, 0.0,  0, 0.0000,     0,23.3,24.8,22.7, 25,    26,    39, 0.6532, 0.8127
M5,04/07/23,16:06:05,    14,  5123,   438, 1000.8, 300,23.4,27.2, 0.0,  0, 0.0000,     0,23.3,24.8,22.7, 25,    26,    40, 0.6508, 0.8000
M5,04/07/23,16:06:06,    14,  5124,   438, 1000.8, 300,23.4,27.2, 0.0,  0, 0.0000,     0,23.3,24.8,22.7, 25,    27,    41, 0.6503, 0.7848
M5,04/07/23,16:06:07,    14,  5125,   439, 1000.8, 300,23.4,27.2, 0.0,  0, 0.0000,     0,23.3,24.8,22.7, 25,    28,    42, 0.6492, 0.7715
M5,04/07/23,16:06:08,    14,  5126,   439, 1000.8, 300,23.4,27.2, 0.0,  0, 0.0000,     0,23.3,24.8,22.9, 25,    28,    43, 0.6480, 0.7600
M5,04/07/23,16:06:09,    14,  5127,   440, 1000.8, 300,23.4,27.2, 0.0,  0, 0.0000,     0,23.3,24.8,22.9, 25,    28,    44, 0.6455, 0.7576
M5,04/07/23,16:06:10,    14,  5128,   440, 1000.8, 300,23.4,27.2, 0.0,  0, 0.0000,     0,23.3,24.8,22.9, 25,    29,    45, 0.6419, 0.7571
M5,04/07/23,16:06:11,    14,  5129,   440, 1000.8, 300,23.5,27.2, 0.0,  0, 0.0000,     0,23.3,24.8,22.9, 25,    29,    46, 0.6394, 0.7559
M5,04/07/23,16:06:12,    14,  5130,   441, 1000.8, 300,23.5,27.2, 0.0,  0, 0.0000,     0,23.3,24.8,22.9, 25,    30,    47, 0.6373, 0.7499
M5,04/07/23,16:06:13,    14,  5131,   442, 1000.8, 300,23.5,27.2, 0.0,  0, 0.0000,     0,23.3,24.8,22.9, 25,    30,    48, 0.6370, 0.7417
M5,04/07/23,16:06:14,    14,  5132,   442, 1000.8, 300,23.5,27.2, 0.0,  0, 0.0000,     0,23.3,24.8,22.9, 25,    31,    49, 0.6352, 0.7364
M5,04/07/23,16:06:15,    14,  5133,   442, 1000.8, 300,23.5,27.2, 0.0,  0, 0.0000,     0,23.3,24.8,22.9, 25,    31,    50, 0.6330, 0.7338
M5,04/07/23,16:06:16,    14,  5134,   443, 1000.8, 300,23.6,27.2, 0.0,  0, 0.0000,     0,23.3,24.8,22.9, 25,    31,    51, 0.6307, 0.7335
M5,04/07/23,16:06:17,    14,  5135,   443, 1000.8, 300,23.6,27.2, 0.0,  0, 0.0000,     0,23.3,24.8,22.9, 25,    32,    52, 0.6283, 0.7318
M5,04/07/23,16:06:18,    14,  5136,   444, 1000.8, 300,23.6,27.2, 0.0,  0, 0.0000,     0,23.3,24.8,22.9, 25,    32,    53, 0.6266, 0.7297
M5,04/07/23,16:06:19,    14,  5137,   444, 1000.8, 300,23.6,27.2, 0.0,  0, 0.0000,     0,23.3,24.8,22.9, 25,    33,    54, 0.6247, 0.7265
M5,04/07/23,16:06:20,    14,  5138,   445, 1000.8, 300,23.6,27.2, 0.0,  0, 0.0000,     0,23.3,24.8,22.9, 25,    33,    55, 0.6233, 0.7233
M5,04/07/23,16:06:21,    14,  5139,   445, 1000.8, 300,23.6,27.2, 0.0,  0, 0.0000,     0,23.3,24.8,22.9, 25,    34,    56, 0.6219, 0.7195
M5,04/07/23,16:06:22,    14,  5140,   446, 1000.8, 300,23.6,27.2, 0.0,  0, 0.0000,     0,23.3,24.8,22.9, 25,    35,    57, 0.6208, 0.7143
M5,04/07/23,16:06:23,    14,  5141,   447, 1000.8, 300,23.6,27.2, 0.0,  0, 0.0000,     0,23.3,24.8,22.9, 25,    35,    58, 0.6206, 0.7076
M5,04/07/23,16:06:24,    14,  5142,   447, 1000.8, 300,23.6,27.2, 0.0,  0, 0.0000,     0,23.3,24.8,22.9, 25,    36,    59, 0.6202, 0.7012
M5,04/07/23,16:06:25,    14,  5143,   448, 1000.8, 300,23.7,27.2, 0.0,  0, 0.0000,     0,23.3,24.8,22.9, 25,    37,    60, 0.6211, 0.6921
R5,04/07/23,16:06:25,    14,  5143,   448, 1000.8, 300,23.7,27.2, 0.0,  0, 0.0000,     0,23.3,24.8,22.9, 25,    37,    60, 0.6211, 0.6921
End
Start
M5,04/07/23,16:07:27,    14,  5205,   417, 1000.9, 300,22.7,27.2, 0.0,  0, 0.0000,     0,23.3,24.4,22.8, 20,     3,     1, 0.0000, 0.0000
M5,04/07/23,16:07:28,    14,  5206,   420, 1000.9, 300,22.7,27.2, 0.0,  0, 0.0000,     0,23.3,24.4,23.0, 20,     6,     2, 0.0000, 0.0000
M5,04/07/23,16:07:29,    14,  5207,   423, 1000.9, 301,22.7,27.2, 0.0,  0, 0.0000,     0,23.3,24.4,23.0, 20,     9,     3, 0.0000, 0.0000
M5,04/07/23,16:07:30,    14,  5208,   426, 1000.9, 300,22.7,27.2, 0.0,  0, 0.0000,     0,23.3,24.4,23.0, 20,    11,     4, 0.0000, 0.0000
M5,04/07/23,16:07:31,    14,  5209,   427, 1000.9, 300,22.7,27.2, 0.0,  0, 0.0000,     0,23.3,24.5,23.0, 20,    13,     5, 0.0000, 0.0000
M5,04/07/23,16:07:32,    14,  5210,   429, 1000.9, 300,22.7,27.2, 0.0,  0, 0.0000,     0,23.3,24.5,23.0, 20,    14,     6, 0.0000, 0.0000
M5,04/07/23,16:07:33,    14,  5211,   430, 1000.9, 300,22.7,27.2, 0.0,  0, 0.0000,     0,23.3,24.5,23.0, 20,    15,     7, 0.0000, 0.0000
M5,04/07/23,16:07:34,    14,  5212,   430, 1000.9, 300,22.8,27.2, 0.0,  0, 0.0000,     0,23.3,24.5,23.0, 20,    16,     8, 0.0000, 0.0000
M5,04/07/23,16:07:35,    14,  5213,   431, 1000.9, 300,22.8,27.2, 0.0,  0, 0.0000,     0,23.3,24.5,23.0, 20,    16,     9, 0.0000, 0.0000
M5,04/07/23,16:07:37,    14,  5214,   431, 1000.9, 300,22.8,27.2, 0.0,  0, 0.0000,     0,23.3,24.5,23.0, 25,    17,    10, 0.0000, 0.0000
M5,04/07/23,16:07:38,    14,  5215,   431, 1000.9, 300,22.8,27.2, 0.0,  0, 0.0000,     0,23.3,24.6,23.0, 25,    17,    11, 0.0000, 0.0000
M5,04/07/23,16:07:39,    14,  5216,   432, 1000.9, 300,22.9,27.2, 0.0,  0, 0.0000,     0,23.3,24.6,23.0, 25,    18,    12, 0.0000, 0.0000
M5,04/07/23,16:07:40,    14,  5217,   433, 1000.9, 300,22.9,27.2, 0.0, 21, 0.0000,     0,23.0,24.6,23.0, 25,    19,    13, 0.8174, 0.2117
M5,04/07/23,16:07:41,    14,  5218,   434, 1000.9, 300,22.9,27.2, 0.0, 21, 0.0000,     0,23.0,24.6,23.0, 25,    19,    14, 0.8555, 0.5087
M5,04/07/23,16:07:42,    14,  5219,   434, 1000.9, 300,22.9,27.2, 0.0,  0, 0.0000,     0,23.0,24.6,23.0, 25,    20,    15, 0.8386, 0.7474
M5,04/07/23,16:07:43,    14,  5220,   434, 1000.9, 300,22.9,27.2, 0.0,  0, 0.0000,     0,23.0,24.6,23.0, 25,    20,    16, 0.7767, 0.9268
M5,04/07/23,16:07:44,    14,  5221,   435, 1000.9, 300,23.0,27.2, 0.0,  0, 0.0000,     0,23.0,24.6,23.0, 25,    21,    17, 0.7413, 0.9620
M5,04/07/23,16:07:45,    14,  5222,   436, 1000.9, 300,23.0,27.2, 0.0,  0, 0.0000,     0,23.3,24.6,22.9, 25,    21,    18, 0.7273, 0.9095
M5,04/07/23,16:07:46,    14,  5223,   436, 1000.9, 300,23.0,27.2, 0.0,  0, 0.0000,     0,23.3,24.6,22.9, 25,    22,    19, 0.7267, 0.8529
M5,04/07/23,16:07:47,    14,  5224,   437, 1000.9, 300,23.0,27.2, 0.0,  0, 0.0000,     0,23.3,24.7,22.9, 25,    22,    20, 0.7196, 0.8281
M5,04/07/23,16:07:48,    14,  5225,   437, 1000.9, 300,23.0,27.2, 0.0,  0, 0.0000,     0,23.3,24.7,22.9, 25,    23,    21, 0.7114, 0.8161
M5,04/07/23,16:07:49,    14,  5226,   438, 1000.9, 300,23.1,27.2, 0.0,  0, 0.0000,     0,23.3,24.7,22.9, 25,    23,    22, 0.7062, 0.8118
M5,04/07/23,16:07:50,    14,  5227,   438, 1000.9, 300,23.1,27.2, 0.0,  0, 0.0000,     0,23.3,24.7,22.9, 25,    24,    23, 0.6982, 0.8055
M5,04/07/23,16:07:51,    14,  5228,   439, 1000.9, 300,23.1,27.2, 0.0,  0, 0.0000,     0,23.0,24.7,23.0, 25,    25,    24, 0.7026, 0.7691
M5,04/07/23,16:07:52,    14,  5229,   440, 1000.9, 300,23.1,27.2, 0.0,  0, 0.0000,     0,23.0,24.7,23.0, 25,    25,    25, 0.7068, 0.7369
M5,04/07/23,16:07:53,    14,  5230,   440, 1000.9, 300,23.2,27.2, 0.0,  0, 0.0000,     0,23.0,24.7,23.0, 25,    26,    26, 0.7064, 0.7390
M5,04/07/23,16:07:54,    14,  5231,   440, 1000.9, 300,23.2,27.2, 0.0,  0, 0.0000,     0,23.0,24.7,23.0, 25,    26,    27, 0.6991, 0.7528
M5,04/07/23,16:07:55,    14,  5232,   441, 1000.9, 300,23.2,27.2, 0.0,  0, 0.0000,     0,23.0,24.7,23.0, 25,    26,    28, 0.6891, 0.7723
M5,04/07/23,16:07:56,    14,  5233,   441, 1000.9, 300,23.2,27.2, 0.0,  0, 0.0000,     0,23.0,24.7,23.0, 25,    27,    29, 0.6791, 0.7928
M5,04/07/23,16:07:57,    14,  5234,   442, 1000.9, 300,23.2,27.2, 0.0,  0, 0.0000,     0,23.0,24.7,23.0, 25,    27,    30, 0.6698, 0.8010
M5,04/07/23,16:07:58,    14,  5235,   442, 1000.9, 300,23.3,27.2, 0.0,  0, 0.0000,     0,23.0,24.7,23.0, 25,    28,    31, 0.6631, 0.8028
M5,04/07/23,16:07:59,    14,  5236,   443, 1000.9, 300,23.3,27.2, 0.0,  0, 0.0000,     0,23.0,24.7,23.0, 25,    28,    32, 0.6567, 0.7992
M5,04/07/23,16:08:00,    14,  5237,   443, 1000.9, 300,23.3,27.2, 0.0,  0, 0.0000,     0,23.0,24.7,23.0, 25,    28,    33, 0.6501, 0.8006
M5,04/07/23,16:08:01,    14,  5238,   443, 1000.9, 300,23.3,27.2, 0.0,  0, 0.0000,     0,23.0,24.7,23.0, 25,    29,    34, 0.6422, 0.8032
M5,04/07/23,16:08:02,    14,  5239,   444, 1000.9, 300,23.4,27.2, 0.0,  0, 0.0000,     0,23.0,24.7,23.0, 25,    29,    35, 0.6387, 0.7956
M5,04/07/23,16:08:03,    14,  5240,   445, 1000.9, 300,23.4,27.2, 0.0,  0, 0.0000,     0,23.0,24.7,23.0, 25,    30,    36, 0.6353, 0.7835
M5,04/07/23,16:08:04,    14,  5241,   445, 1000.9, 300,23.4,27.2, 0.0,  0, 0.0000,     0,23.0,24.7,23.0, 25,    31,    37, 0.6355, 0.7611
M5,04/07/23,16:08:05,    14,  5242,   446, 1000.9, 300,23.4,27.2, 0.0,  0, 0.0000,     0,23.0,24.7,23.0, 25,    32,    38, 0.6389, 0.7338
M5,04/07/23,16:08:06,    14,  5243,   447, 1000.9, 300,23.4,27.2, 0.0,  0, 0.0000,     0,23.0,24.7,23.0, 25,    32,    39, 0.6410, 0.7126
M5,04/07/23,16:08:07,    14,  5244,   447, 1000.9, 300,23.4,27.2, 0.0,  0, 0.0000,     0,23.0,24.7,23.0, 25,    33,    40, 0.6434, 0.6974
M5,04/07/23,16:08:08,    14,  5245,   448, 1000.9, 300,23.4,27.2, 0.0,  0, 0.0000,     0,23.0,24.7,23.0, 25,    33,    41, 0.6445, 0.6853
M5,04/07/23,16:08:09,    14,  5246,   448, 1000.9, 300,23.4,27.2, 0.0,  0, 0.0000,     0,23.0,24.7,23.0, 25,    34,    42, 0.6454, 0.6763
M5,04/07/23,16:08:10,    14,  5247,   449, 1000.9, 300,23.4,27.2, 0.0,  0, 0.0000,     0,23.0,24.7,23.0, 25,    34,    43, 0.6460, 0.6692
M5,04/07/23,16:08:11,    14,  5248,   449, 1000.9, 300,23.4,27.2, 0.0,  0, 0.0000,     0,23.0,24.7,23.0, 25,    35,    44, 0.6473, 0.6605
M5,04/07/23,16:08:12,    14,  5249,   450, 1000.9, 300,23.5,27.2, 0.0,  0, 0.0000,     0,23.0,24.7,23.0, 25,    36,    45, 0.6496, 0.6513
M5,04/07/23,16:08:13,    14,  5250,   451, 1000.9, 300,23.5,27.2, 0.0,  0, 0.0000,     0,23.0,24.7,23.0, 25,    36,    46, 0.6510, 0.6445
M5,04/07/23,16:08:14,    14,  5251,   451, 1000.9, 300,23.5,27.2, 0.0,  0, 0.0000,     0,23.0,24.7,23.0, 25,    36,    47, 0.6520, 0.6436
M5,04/07/23,16:08:15,    14,  5252,   451, 1000.9, 300,23.5,27.2, 0.0,  0, 0.0000,     0,23.0,24.7,23.0, 25,    37,    48, 0.6521, 0.6427
M5,04/07/23,16:08:16,    14,  5253,   452, 1000.9, 299,23.5,27.2, 0.0,  0, 0.0000,     0,23.0,24.7,23.0, 25,    38,    49, 0.6533, 0.6403
M5,04/07/23,16:08:17,    14,  5254,   453, 1000.9, 300,23.5,27.2, 0.0,  0, 0.0000,     0,23.0,24.7,23.0, 25,    38,    50, 0.6545, 0.6360
M5,04/07/23,16:08:18,    14,  5255,   453, 1000.9, 300,23.5,27.2, 0.0,  0, 0.0000,     0,23.0,24.7,23.0, 25,    39,    51, 0.6554, 0.6331
M5,04/07/23,16:08:19,    14,  5256,   454, 1000.9, 300,23.6,27.2, 0.0,  0, 0.0000,     0,23.0,24.7,23.0, 25,    39,    52, 0.6564, 0.6318
M5,04/07/23,16:08:20,    14,  5257,   454, 1000.9, 300,23.6,27.2, 0.0,  0, 0.0000,     0,23.0,24.7,23.0, 25,    40,    53, 0.6562, 0.6334
M5,04/07/23,16:08:21,    14,  5258,   454, 1000.9, 300,23.6,27.2, 0.0,  0, 0.0000,     0,23.0,24.7,23.0, 25,    40,    54, 0.6552, 0.6400
M5,04/07/23,16:08:22,    14,  5259,   455, 1000.9, 300,23.6,27.2, 0.0,  0, 0.0000,     0,23.0,24.7,23.0, 25,    40,    55, 0.6533, 0.6474
M5,04/07/23,16:08:23,    14,  5260,   455, 1000.9, 300,23.6,27.2, 0.0,  0, 0.0000,     0,23.0,24.7,23.0, 25,    41,    56, 0.6518, 0.6547
M5,04/07/23,16:08:24,    14,  5261,   456, 1000.9, 300,23.6,27.2, 0.0,  0, 0.0000,     0,23.0,24.7,23.0, 25,    41,    57, 0.6499, 0.6603
M5,04/07/23,16:08:25,    14,  5262,   456, 1000.9, 300,23.7,27.2, 0.0,  0, 0.0000,     0,23.0,24.7,23.0, 25,    41,    58, 0.6480, 0.6670
M5,04/07/23,16:08:26,    14,  5263,   456, 1000.9, 300,23.7,27.2, 0.0,  0, 0.0000,     0,23.0,24.7,23.0, 25,    42,    59, 0.6455, 0.6739
M5,04/07/23,16:08:27,    14,  5264,   456, 1000.9, 300,23.7,27.2, 0.0,  0, 0.0000,     0,23.0,24.7,23.0, 25,    42,    60, 0.6422, 0.6827
R5,04/07/23,16:08:27,    14,  5264,   456, 1000.9, 300,23.7,27.2, 0.0,  0, 0.0000,     0,23.0,24.7,23.0, 25,    42,    60, 0.6422, 0.6827
End
Start
M5,04/07/23,16:12:34,    15,  5510,   413, 1001.1, 300,21.4,27.0, 0.0,  0, 0.0000,     0,23.0,23.9,25.3, 20,     0,     1, 0.0000, 0.0000
M5,04/07/23,16:12:35,    15,  5511,   413, 1001.1, 301,21.5,27.0, 0.0,  0, 0.0000,     0,23.0,23.9,25.3, 20,     0,     2, 0.0000, 0.0000
M5,04/07/23,16:12:36,    15,  5512,   414, 1001.0, 300,21.5,27.0, 0.0,  0, 0.0000,     0,23.0,24.0,25.3, 20,     0,     3, 0.0000, 0.0000
M5,04/07/23,16:12:37,    15,  5513,   414, 1001.0, 300,21.6,27.0, 0.0,  0, 0.0000,     0,23.0,24.0,25.3, 20,     0,     4, 0.0000, 0.0000
M5,04/07/23,16:12:38,    15,  5514,   414, 1001.0, 299,21.6,27.0, 0.0,  0, 0.0000,     0,23.0,24.0,25.3, 20,     1,     5, 0.0000, 0.0000
M5,04/07/23,16:12:39,    15,  5515,   414, 1001.0, 299,21.7,27.0, 0.0,  0, 0.0000,     0,23.0,24.0,25.3, 20,     1,     6, 0.0000, 0.0000
M5,04/07/23,16:12:40,    15,  5516,   414, 1001.0, 300,21.7,27.0, 0.0,  0, 0.0000,     0,23.0,24.0,25.3, 20,     1,     7, 0.0000, 0.0000
M5,04/07/23,16:12:41,    15,  5517,   415, 1000.9, 300,21.7,27.0, 0.0,  0, 0.0000,     0,23.0,24.0,25.3, 20,     1,     8, 0.0000, 0.0000
M5,04/07/23,16:12:42,    15,  5518,   415, 1000.9, 300,21.9,27.0, 0.0,  0, 0.0000,     0,23.0,24.0,25.3, 20,     2,     9, 0.0000, 0.0000
M5,04/07/23,16:12:43,    15,  5519,   415, 1001.0, 300,21.9,27.0, 0.0,  0, 0.0000,     0,23.0,24.0,25.3, 25,     2,    10, 0.0000, 0.0000
M5,04/07/23,16:12:44,    15,  5520,   415, 1001.0, 299,22.1,27.0, 0.0,  0, 0.0000,     0,23.0,24.1,25.3, 25,     1,    11, 0.0000, 0.0000
M5,04/07/23,16:12:45,    15,  5521,   415, 1001.0, 299,22.1,27.0, 0.0,  0, 0.0000,     0,23.0,24.1,25.1, 25,     1,    12, 0.0000, 0.0000
M5,04/07/23,16:12:46,    15,  5522,   415, 1001.0, 300,22.2,27.0, 0.0, 21, 0.0000,     0,23.0,24.1,25.1, 25,     2,    13, 0.1008,-0.3416
M5,04/07/23,16:12:47,    15,  5523,   415, 1001.0, 300,22.2,27.0, 0.0, 21, 0.0000,     0,23.0,24.1,25.1, 25,     2,    14, 0.2233,-0.3308
M5,04/07/23,16:12:48,    15,  5524,   416, 1001.0, 300,22.2,27.0, 0.0, 21, 0.0000,     0,23.0,24.1,25.1, 25,     2,    15, 0.2803,-0.1812
M5,04/07/23,16:12:49,    15,  5525,   416, 1001.0, 300,22.4,27.0, 0.0, 21, 0.0000,     0,23.0,24.1,25.1, 25,     2,    16, 0.2840, 0.0503
M5,04/07/23,16:12:50,    15,  5526,   416, 1001.0, 300,22.4,27.0, 0.0, 21, 0.0000,     0,23.0,24.1,25.0, 25,     3,    17, 0.2724, 0.1581
M5,04/07/23,16:12:51,    15,  5527,   416, 1001.0, 300,22.5,27.0, 0.0, 21, 0.0000,     0,23.0,24.1,25.0, 25,     3,    18, 0.2857, 0.1912
M5,04/07/23,16:12:52,    15,  5528,   417, 1001.0, 300,22.5,27.0, 0.0, 21, 0.0000,     0,23.0,24.1,25.0, 25,     4,    19, 0.3127, 0.1334
M5,04/07/23,16:12:53,    15,  5529,   417, 1001.0, 300,22.7,27.0, 0.0, 21, 0.0000,     0,23.0,24.1,25.0, 25,     4,    20, 0.3285, 0.1558
M5,04/07/23,16:12:54,    15,  5530,   417, 1001.2, 300,22.7,27.0, 0.0, 21, 0.0000,     0,23.0,24.1,25.0, 25,     4,    21, 0.3169, 0.2268
M5,04/07/23,16:12:55,    15,  5531,   417, 1001.2, 300,22.7,27.0, 0.0,  0, 0.0000,     0,23.0,24.1,25.0, 25,     4,    22, 0.3061, 0.2724
M5,04/07/23,16:12:56,    15,  5532,   417, 1001.1, 299,22.8,27.0, 0.0,  0, 0.0000,     0,23.0,24.2,25.0, 25,     4,    23, 0.3074, 0.2890
M5,04/07/23,16:12:57,    15,  5533,   418, 1001.1, 300,22.8,27.0, 0.0,  0, 0.0000,     0,23.0,24.2,25.0, 25,     4,    24, 0.3024, 0.2990
M5,04/07/23,16:12:58,    15,  5534,   418, 1001.1, 300,22.9,27.0, 0.0,  0, 0.0000,     0,23.0,24.2,25.0, 25,     4,    25, 0.2975, 0.3259
M5,04/07/23,16:12:59,    15,  5535,   418, 1001.1, 300,22.9,27.0, 0.0,  0, 0.0000,     0,23.0,24.2,25.0, 25,     5,    26, 0.2890, 0.3379
M5,04/07/23,16:13:00,    15,  5536,   418, 1001.0, 300,23.1,27.0, 0.0,  0, 0.0000,     0,23.0,24.2,25.0, 25,     5,    27, 0.2817, 0.3585
M5,04/07/23,16:13:01,    15,  5537,   418, 1001.0, 300,23.1,27.0, 0.0,  0, 0.0000,     0,23.0,24.2,25.2, 25,     5,    28, 0.2727, 0.3652
M5,04/07/23,16:13:02,    15,  5538,   418, 1001.0, 300,23.2,27.0, 0.0,  0, 0.0000,     0,23.0,24.2,25.2, 25,     5,    29, 0.2738, 0.3506
M5,04/07/23,16:13:03,    15,  5539,   419, 1001.0, 300,23.2,27.0, 0.0,  0, 0.0000,     0,23.0,24.2,25.2, 25,     5,    30, 0.2713, 0.3384
M5,04/07/23,16:13:04,    15,  5540,   418, 1001.0, 300,23.2,27.0, 0.0,  0, 0.0000,     0,23.0,24.2,25.2, 25,     5,    31, 0.2627, 0.3494
M5,04/07/23,16:13:05,    15,  5541,   418, 1001.0, 300,23.3,27.0, 0.0,  0, 0.0000,     0,23.0,24.2,25.2, 25,     5,    32, 0.2555, 0.3630
M5,04/07/23,16:13:06,    15,  5542,   419, 1001.0, 300,23.3,27.0, 0.0,  0, 0.0000,     0,23.0,24.2,25.3, 25,     5,    33, 0.2478, 0.3670
M5,04/07/23,16:13:07,    15,  5543,   419, 1001.0, 300,23.4,27.0, 0.0,  0, 0.0000,     0,23.0,24.2,25.3, 25,     5,    34, 0.2432, 0.3675
M5,04/07/23,16:13:08,    15,  5544,   419, 1001.0, 300,23.4,27.0, 0.0,  0, 0.0000,     0,23.0,24.2,25.3, 25,     6,    35, 0.2377, 0.3631
M5,04/07/23,16:13:09,    15,  5545,   419, 1001.0, 300,23.4,27.0, 0.0,  0, 0.0000,     0,23.0,24.2,25.3, 25,     6,    36, 0.2348, 0.3581
M5,04/07/23,16:13:10,    15,  5546,   419, 1001.0, 300,23.4,27.0, 0.0,  0, 0.0000,     0,23.0,24.2,25.3, 25,     6,    37, 0.2309, 0.3505
M5,04/07/23,16:13:11,    15,  5547,   419, 1001.0, 300,23.4,27.0, 0.0,  0, 0.0000,     0,23.0,24.2,25.3, 25,     6,    38, 0.2275, 0.3423
M5,04/07/23,16:13:12,    15,  5548,   420, 1001.0, 300,23.5,27.0, 0.0,  0, 0.0000,     0,23.0,24.2,25.2, 25,     6,    39, 0.2260, 0.3354
M5,04/07/23,16:13:13,    15,  5549,   420, 1001.0, 300,23.5,27.0, 0.0,  0, 0.0000,     0,23.0,24.2,25.2, 25,     7,    40, 0.2246, 0.3230
M5,04/07/23,16:13:15,    15,  5550,   420, 1001.0, 300,23.6,26.9, 0.0,  0, 0.0000,     0,23.0,24.2,25.2, 25,     7,    41, 0.2253, 0.3093
M5,04/07/23,16:13:16,    15,  5551,   420, 1001.0, 300,23.6,26.9, 0.0,  0, 0.0000,     0,23.0,24.2,25.2, 25,     7,    42, 0.2250, 0.2970
M5,04/07/23,16:13:17,    15,  5552,   420, 1001.0, 300,23.6,26.9, 0.0,  0, 0.0000,     0,23.0,24.2,25.2, 25,     7,    43, 0.2245, 0.2907
M5,04/07/23,16:13:18,    15,  5553,   421, 1001.0, 300,23.6,26.9, 0.0,  0, 0.0000,     0,23.0,24.2,25.2, 25,     7,    44, 0.2232, 0.2844
M5,04/07/23,16:13:19,    15,  5554,   421, 1001.0, 300,23.6,26.9, 0.0,  0, 0.0000,     0,23.0,24.2,25.2, 25,     7,    45, 0.2212, 0.2817
M5,04/07/23,16:13:20,    15,  5555,   421, 1001.0, 300,23.7,26.9, 0.0,  0, 0.0000,     0,23.0,24.2,25.2, 25,     7,    46, 0.2204, 0.2798
M5,04/07/23,16:13:21,    15,  5556,   421, 1001.0, 300,23.7,26.9, 0.0,  0, 0.0000,     0,23.0,24.2,25.2, 25,     8,    47, 0.2187, 0.2766
M5,04/07/23,16:13:22,    15,  5557,   421, 1001.0, 300,23.8,26.9, 0.0,  0, 0.0000,     0,23.0,24.2,25.2, 25,     8,    48, 0.2179, 0.2740
M5,04/07/23,16:13:23,    15,  5558,   421, 1001.0, 300,23.8,26.9, 0.0,  0, 0.0000,     0,23.0,24.2,25.2, 25,     8,    49, 0.2166, 0.2706
M5,04/07/23,16:13:24,    15,  5559,   421, 1001.0, 300,23.8,26.9, 0.0,  0, 0.0000,     0,23.0,24.2,25.2, 25,     8,    50, 0.2154, 0.2704
M5,04/07/23,16:13:25,    15,  5560,   421, 1001.0, 300,23.8,26.9, 0.0,  0, 0.0000,     0,23.0,24.2,25.2, 25,     8,    51, 0.2130, 0.2711
M5,04/07/23,16:13:26,    15,  5561,   422, 1001.0, 300,23.9,26.9, 0.0,  0, 0.0000,     0,23.0,24.2,25.2, 25,     8,    52, 0.2124, 0.2695
M5,04/07/23,16:13:27,    15,  5562,   422, 1001.0, 300,23.9,26.9, 0.0,  0, 0.0000,     0,23.0,24.2,25.2, 25,     8,    53, 0.2111, 0.2668
M5,04/07/23,16:13:28,    15,  5563,   422, 1001.0, 301,23.9,26.9, 0.0,  0, 0.0000,     0,23.0,24.2,25.2, 25,     9,    54, 0.2099, 0.2640
M5,04/07/23,16:13:29,    15,  5564,   422, 1001.0, 301,23.9,26.9, 0.0,  0, 0.0000,     0,23.0,24.2,25.2, 25,     9,    55, 0.2086, 0.2633
M5,04/07/23,16:13:30,    15,  5565,   422, 1001.0, 300,23.9,26.9, 0.0,  0, 0.0000,     0,23.0,24.2,25.2, 25,     9,    56, 0.2072, 0.2619
M5,04/07/23,16:13:31,    15,  5566,   422, 1001.0, 300,24.0,26.9, 0.0,  0, 0.0000,     0,23.0,24.2,25.2, 25,     9,    57, 0.2059, 0.2624
M5,04/07/23,16:13:32,    15,  5567,   422, 1001.0, 300,24.0,26.9, 0.0,  0, 0.0000,     0,23.0,24.2,25.2, 25,     9,    58, 0.2043, 0.2617
M5,04/07/23,16:13:33,    15,  5568,   422, 1001.0, 300,24.0,26.9, 0.0,  0, 0.0000,     0,23.0,24.2,25.2, 25,     9,    59, 0.2033, 0.2610
M5,04/07/23,16:13:34,    15,  5569,   423, 1001.0, 300,24.0,26.9, 0.0,  0, 0.0000,     0,23.0,24.2,25.2, 25,     9,    60, 0.2024, 0.2578
R5,04/07/23,16:13:34,    15,  5569,   423, 1001.0, 300,24.0,26.9, 0.0,  0, 0.0000,     0,23.0,24.2,25.2, 25,     9,    60, 0.2024, 0.2578
End
Start
M5,04/07/23,16:14:16,    15,  5611,   414, 1001.0, 300,23.2,26.9, 0.0,  0, 0.0000,     0,22.8,23.5,24.8, 20,     1,     1, 0.0000, 0.0000
M5,04/07/23,16:14:17,    15,  5612,   414, 1001.0, 300,23.1,26.9, 0.0,  0, 0.0000,     0,22.8,23.6,24.8, 20,     2,     2, 0.0000, 0.0000
M5,04/07/23,16:14:18,    15,  5613,   414, 1001.0, 300,23.1,26.9, 0.0,  0, 0.0000,     0,22.8,23.6,24.8, 20,     2,     3, 0.0000, 0.0000
M5,04/07/23,16:14:19,    15,  5614,   415, 1001.0, 300,23.0,26.8, 0.0,  0, 0.0000,     0,22.8,23.6,24.8, 20,     2,     4, 0.0000, 0.0000
M5,04/07/23,16:14:20,    15,  5615,   415, 1001.0, 300,23.0,26.8, 0.0,  0, 0.0000,     0,22.8,23.6,24.8, 20,     2,     5, 0.0000, 0.0000
M5,04/07/23,16:14:21,    15,  5616,   415, 1000.9, 300,23.0,26.8, 0.0,  0, 0.0000,     0,22.8,23.6,24.8, 20,     2,     6, 0.0000, 0.0000
M5,04/07/23,16:14:22,    15,  5617,   415, 1000.9, 300,23.0,26.8, 0.0,  0, 0.0000,     0,22.8,23.7,24.8, 20,     3,     7, 0.0000, 0.0000
M5,04/07/23,16:14:23,    15,  5618,   416, 1000.9, 300,23.0,26.8, 0.0,  0, 0.0000,     0,22.8,23.7,24.8, 20,     3,     8, 0.0000, 0.0000
M5,04/07/23,16:14:24,    15,  5619,   416, 1000.9, 300,23.0,26.8, 0.0,  0, 0.0000,     0,22.8,23.7,24.8, 20,     3,     9, 0.0000, 0.0000
M5,04/07/23,16:14:25,    15,  5620,   416, 1000.9, 300,23.0,26.8, 0.0,  0, 0.0000,     0,22.8,23.7,24.8, 25,     4,    10, 0.0000, 0.0000
M5,04/07/23,16:14:26,    15,  5621,   416, 1000.9, 300,23.1,26.8, 0.0,  0, 0.0000,     0,22.8,23.7,24.8, 25,     4,    11, 0.0000, 0.0000
M5,04/07/23,16:14:27,    15,  5622,   416, 1000.9, 300,23.1,26.8, 0.0,  0, 0.0000,     0,22.8,23.8,24.9, 25,     4,    12, 0.0000, 0.0000
M5,04/07/23,16:14:28,    15,  5623,   416, 1000.9, 300,23.1,26.8, 0.0,  0, 0.0000,     0,22.8,23.8,24.9, 25,     4,    13, 0.1516, 0.3030
M5,04/07/23,16:14:29,    15,  5624,   416, 1000.9, 300,23.1,26.8, 0.0,  0, 0.0000,     0,22.8,23.8,24.9, 25,     4,    14, 0.1150, 0.2846
M5,04/07/23,16:14:30,    15,  5625,   417, 1000.9, 300,23.1,26.8, 0.0,  0, 0.0000,     0,22.8,23.8,24.9, 25,     4,    15, 0.1407, 0.1289
M5,04/07/23,16:14:31,    15,  5626,   417, 1000.9, 300,23.2,26.8, 0.0, 21, 0.0000,     0,22.8,23.8,24.9, 25,     5,    16, 0.1631, 0.0950
M5,04/07/23,16:14:32,    15,  5627,   417, 1000.9, 300,23.2,26.8, 0.0, 21, 0.0000,     0,22.8,23.8,24.9, 25,     5,    17, 0.1878, 0.0525
M5,04/07/23,16:14:33,    15,  5628,   417, 1000.9, 300,23.3,26.8, 0.0, 21, 0.0000,     0,22.8,23.8,24.8, 25,     5,    18, 0.2051, 0.0701
M5,04/07/23,16:14:34,    15,  5629,   418, 1000.9, 300,23.3,26.8, 0.0, 21, 0.0000,     0,22.8,23.8,24.8, 25,     5,    19, 0.2104, 0.0943
M5,04/07/23,16:14:35,    15,  5630,   417, 1000.9, 300,23.4,26.8, 0.0,  0, 0.0000,     0,22.8,23.8,24.8, 25,     5,    20, 0.1981, 0.1706
M5,04/07/23,16:14:36,    15,  5631,   418, 1000.9, 300,23.4,26.8, 0.0,  0, 0.0000,     0,22.8,23.8,24.8, 25,     5,    21, 0.1891, 0.1986
M5,04/07/23,16:14:37,    15,  5632,   418, 1000.9, 300,23.4,26.8, 0.0,  0, 0.0000,     0,22.8,23.9,24.8, 25,     6,    22, 0.1898, 0.1886
M5,04/07/23,16:14:38,    15,  5633,   418, 1000.9, 300,23.4,26.8, 0.0,  0, 0.0000,     0,22.8,23.9,24.8, 25,     6,    23, 0.1990, 0.1692
M5,04/07/23,16:14:39,    15,  5634,   419, 1000.9, 300,23.4,26.8, 0.0, 21, 0.0000,     0,22.8,23.9,24.8, 25,     6,    24, 0.2122, 0.1303
M5,04/07/23,16:14:40,    15,  5635,   419, 1000.9, 300,23.5,26.8, 0.0, 21, 0.0000,     0,22.8,23.9,24.8, 25,     7,    25, 0.2273, 0.1069
M5,04/07/23,16:14:41,    15,  5636,   419, 1000.9, 300,23.5,26.8, 0.0, 21, 0.0000,     0,22.8,23.9,24.8, 25,     7,    26, 0.2390, 0.0907
M5,04/07/23,16:14:42,    15,  5637,   420, 1000.9, 300,23.6,26.8, 0.0, 21, 0.0000,     0,22.8,23.9,24.8, 25,     7,    27, 0.2490, 0.0952
M5,04/07/23,16:14:43,    15,  5638,   420, 1000.9, 300,23.6,26.8, 0.0, 21, 0.0000,     0,22.8,23.9,24.8, 25,     7,    28, 0.2504, 0.1163
M5,04/07/23,16:14:44,    15,  5639,   420, 1000.9, 300,23.6,26.8, 0.0, 21, 0.0000,     0,22.8,23.9,24.8, 25,     7,    29, 0.2478, 0.1455
M5,04/07/23,16:14:45,    15,  5640,   419, 1000.9, 300,23.7,26.8, 0.0,  0, 0.0000,     0,22.8,23.9,24.8, 25,     7,    30, 0.2419, 0.1863
M5,04/07/23,16:14:46,    15,  5641,   420, 1000.9, 300,23.7,26.8, 0.0,  0, 0.0000,     0,22.8,23.9,24.8, 25,     7,    31, 0.2359, 0.2125
M5,04/07/23,16:14:47,    15,  5642,   420, 1000.9, 300,23.7,26.8, 0.0,  0, 0.0000,     0,22.8,23.9,24.8, 25,     7,    32, 0.2317, 0.2309
M5,04/07/23,16:14:48,    15,  5643,   420, 1000.9, 300,23.7,26.8, 0.0,  0, 0.0000,     0,22.8,23.9,24.8, 25,     8,    33, 0.2294, 0.2360
M5,04/07/23,16:14:49,    15,  5644,   420, 1000.9, 300,23.8,26.8, 0.0,  0, 0.0000,     0,22.8,23.9,24.9, 25,     8,    34, 0.2307, 0.2351
M5,04/07/23,16:14:50,    15,  5645,   421, 1000.9, 300,23.8,26.8, 0.0,  0, 0.0000,     0,22.8,23.9,24.9, 25,     8,    35, 0.2333, 0.2225
M5,04/07/23,16:14:51,    15,  5646,   421, 1000.9, 300,23.8,26.8, 0.0,  0, 0.0000,     0,22.8,23.9,24.9, 25,     9,    36, 0.2350, 0.2152
M5,04/07/23,16:14:52,    15,  5647,   421, 1000.9, 300,23.8,26.8, 0.0,  0, 0.0000,     0,22.8,24.0,24.9, 25,     9,    37, 0.2372, 0.2124
M5,04/07/23,16:14:53,    15,  5648,   421, 1000.9, 300,23.8,26.8, 0.0,  0, 0.0000,     0,22.8,24.0,24.9, 25,     9,    38, 0.2378, 0.2110
M5,04/07/23,16:14:54,    15,  5649,   422, 1000.9, 300,23.9,26.8, 0.0,  0, 0.0000,     0,22.8,24.0,24.8, 25,     9,    39, 0.2388, 0.2122
M5,04/07/23,16:14:55,    15,  5650,   422, 1000.9, 300,23.9,26.8, 0.0,  0, 0.0000,     0,22.8,24.0,24.8, 25,     9,    40, 0.2375, 0.2176
M5,04/07/23,16:14:56,    15,  5651,   422, 1000.9, 300,23.9,26.8, 0.0,  0, 0.0000,     0,22.8,24.0,24.8, 25,     9,    41, 0.2372, 0.2233
M5,04/07/23,16:14:57,    15,  5652,   422, 1000.9, 300,23.9,26.8, 0.0,  0, 0.0000,     0,22.8,24.0,24.8, 25,     9,    42, 0.2359, 0.2277
M5,04/07/23,16:14:58,    15,  5653,   422, 1000.9, 300,24.0,26.8, 0.0,  0, 0.0000,     0,22.8,24.0,24.8, 25,    10,    43, 0.2352, 0.2320
M5,04/07/23,16:14:59,    15,  5654,   422, 1000.9, 300,24.0,26.8, 0.0,  0, 0.0000,     0,22.8,24.0,24.9, 25,    10,    44, 0.2338, 0.2351
M5,04/07/23,16:15:00,    15,  5655,   422, 1000.9, 300,24.0,26.8, 0.0,  0, 0.0000,     0,22.8,24.0,24.9, 25,    10,    45, 0.2317, 0.2408
M5,04/07/23,16:15:01,    15,  5656,   422, 1000.9, 300,24.0,26.8, 0.0,  0, 0.0000,     0,22.8,24.0,24.9, 25,    10,    46, 0.2299, 0.2454
M5,04/07/23,16:15:02,    15,  5657,   423, 1000.9, 300,24.0,26.8, 0.0,  0, 0.0000,     0,22.8,24.0,24.9, 25,    10,    47, 0.2281, 0.2488
M5,04/07/23,16:15:03,    15,  5658,   423, 1000.9, 300,24.0,26.8, 0.0,  0, 0.0000,     0,22.8,24.0,24.9, 25,    10,    48, 0.2274, 0.2488
M5,04/07/23,16:15:04,    15,  5659,   423, 1000.9, 300,24.0,26.8, 0.0,  0, 0.0000,     0,22.8,24.0,24.9, 25,    11,    49, 0.2279, 0.2433
M5,04/07/23,16:15:05,    15,  5660,   424, 1000.9, 300,24.1,26.8, 0.0,  0, 0.0000,     0,22.8,24.0,24.9, 25,    11,    50, 0.2290, 0.2384
M5,04/07/23,16:15:06,    15,  5661,   424, 1000.9, 300,24.1,26.8, 0.0,  0, 0.0000,     0,22.8,24.0,24.9, 25,    12,    51, 0.2307, 0.2298
M5,04/07/23,16:15:07,    15,  5662,   424, 1000.9, 300,24.1,26.8, 0.0,  0, 0.0000,     0,22.8,24.0,24.9, 25,    12,    52, 0.2321, 0.2234
M5,04/07/23,16:15:08,    15,  5663,   424, 1000.9, 300,24.1,26.8, 0.0,  0, 0.0000,     0,22.8,24.0,24.9, 25,    12,    53, 0.2326, 0.2211
M5,04/07/23,16:15:09,    15,  5664,   424, 1000.9, 300,24.1,26.8, 0.0,  0, 0.0000,     0,22.8,24.0,24.9, 25,    12,    54, 0.2318, 0.2236
M5,04/07/23,16:15:10,    15,  5665,   424, 1000.9, 300,24.1,26.8, 0.0,  0, 0.0000,     0,22.8,24.0,24.9, 25,    12,    55, 0.2315, 0.2263
M5,04/07/23,16:15:11,    15,  5666,   424, 1000.9, 300,24.1,26.8, 0.0,  0, 0.0000,     0,22.8,24.0,24.9, 25,    12,    56, 0.2307, 0.2284
M5,04/07/23,16:15:12,    15,  5667,   425, 1000.9, 300,24.1,26.8, 0.0,  0, 0.0000,     0,22.8,24.0,24.9, 25,    12,    57, 0.2301, 0.2306
M5,04/07/23,16:15:13,    15,  5668,   425, 1000.9, 300,24.1,26.8, 0.0,  0, 0.0000,     0,22.8,24.0,24.9, 25,    12,    58, 0.2293, 0.2323
M5,04/07/23,16:15:14,    15,  5669,   425, 1000.9, 300,24.1,26.8, 0.0,  0, 0.0000,     0,22.8,24.0,24.9, 25,    13,    59, 0.2290, 0.2322
M5,04/07/23,16:15:15,    15,  5670,   425, 1000.9, 300,24.1,26.8, 0.0,  0, 0.0000,     0,22.8,24.0,24.8, 25,    13,    60, 0.2286, 0.2322
R5,04/07/23,16:15:15,    15,  5670,   425, 1000.9, 300,24.1,26.8, 0.0,  0, 0.0000,     0,22.8,24.0,24.8, 25,    13,    60, 0.2286, 0.2322
End
Start
M5,04/07/23,16:15:58,    15,  5713,   407, 1001.0, 300,23.4,26.7, 0.0,  0, 0.0000,     0,22.6,23.2,24.8, 20,     0,     1, 0.0000, 0.0000
M5,04/07/23,16:15:59,    15,  5714,   408, 1001.0, 300,23.4,26.7, 0.0,  0, 0.0000,     0,22.6,23.2,24.8, 20,     0,     2, 0.0000, 0.0000
M5,04/07/23,16:16:00,    15,  5715,   408, 1001.0, 300,23.4,26.7, 0.0,  0, 0.0000,     0,22.6,23.2,24.8, 20,     0,     3, 0.0000, 0.0000
M5,04/07/23,16:16:01,    15,  5716,   408, 1001.0, 300,23.3,26.7, 0.0,  0, 0.0000,     0,22.6,23.3,24.8, 20,     1,     4, 0.0000, 0.0000
M5,04/07/23,16:16:02,    15,  5717,   408, 1001.0, 300,23.3,26.7, 0.0,  0, 0.0000,     0,22.6,23.3,24.8, 20,     1,     5, 0.0000, 0.0000
M5,04/07/23,16:16:04,    15,  5718,   408, 1001.0, 300,23.2,26.7, 0.0,  0, 0.0000,     0,22.8,23.3,24.8, 20,     1,     6, 0.0000, 0.0000
M5,04/07/23,16:16:05,    15,  5719,   408, 1001.0, 300,23.2,26.7, 0.0,  0, 0.0000,     0,22.8,23.3,24.8, 20,     1,     7, 0.0000, 0.0000
M5,04/07/23,16:16:06,    15,  5720,   408, 1001.0, 300,23.2,26.7, 0.0,  0, 0.0000,     0,22.8,23.3,24.8, 20,     1,     8, 0.0000, 0.0000
M5,04/07/23,16:16:07,    15,  5721,   408, 1001.0, 300,23.2,26.7, 0.0,  0, 0.0000,     0,22.8,23.4,24.8, 20,     1,     9, 0.0000, 0.0000
M5,04/07/23,16:16:08,    15,  5722,   408, 1001.0, 300,23.2,26.7, 0.0,  0, 0.0000,     0,22.8,23.4,24.8, 25,     1,    10, 0.0000, 0.0000
M5,04/07/23,16:16:09,    15,  5723,   409, 1001.0, 300,23.2,26.7, 0.0,  0, 0.0000,     0,22.8,23.4,24.8, 25,     2,    11, 0.0000, 0.0000
M5,04/07/23,16:16:10,    15,  5724,   409, 1000.9, 300,23.2,26.7, 0.0,  0, 0.0000,     0,22.8,23.4,24.8, 25,     2,    12, 0.0000, 0.0000
M5,04/07/23,16:16:11,    15,  5725,   409, 1000.9, 300,23.2,26.7, 0.0,  0, 0.0000,     0,22.8,23.4,24.8, 25,     2,    13, 0.3563, 0.3562
M5,04/07/23,16:16:12,    15,  5726,   409, 1000.9, 300,23.2,26.7, 0.0,  0, 0.0000,     0,22.8,23.4,24.8, 25,     2,    14, 0.3145, 0.4256
M5,04/07/23,16:16:13,    15,  5727,   410, 1000.9, 300,23.3,26.7, 0.0,  0, 0.0000,     0,22.8,23.4,24.8, 25,     3,    15, 0.2879, 0.4266
M5,04/07/23,16:16:14,    15,  5728,   410, 1000.9, 300,23.3,26.7, 0.0,  0, 0.0000,     0,22.8,23.5,24.8, 25,     3,    16, 0.2871, 0.3584
M5,04/07/23,16:16:15,    15,  5729,   410, 1000.9, 300,23.3,26.7, 0.0,  0, 0.0000,     0,22.8,23.5,24.8, 25,     3,    17, 0.2842, 0.3508
M5,04/07/23,16:16:16,    15,  5730,   410, 1000.9, 300,23.3,26.7, 0.0,  0, 0.0000,     0,22.8,23.5,24.8, 25,     3,    18, 0.2746, 0.3455
M5,04/07/23,16:16:17,    15,  5731,   410, 1000.9, 300,23.3,26.7, 0.0,  0, 0.0000,     0,22.8,23.5,24.8, 25,     3,    19, 0.2652, 0.3424
M5,04/07/23,16:16:18,    15,  5732,   410, 1000.9, 300,23.4,26.7, 0.0,  0, 0.0000,     0,22.8,23.5,24.8, 25,     3,    20, 0.2511, 0.3658
M5,04/07/23,16:16:19,    15,  5733,   410, 1000.9, 300,23.4,26.7, 0.0,  0, 0.0000,     0,22.8,23.5,24.8, 25,     3,    21, 0.2315, 0.3853
M5,04/07/23,16:16:20,    15,  5734,   410, 1000.9, 300,23.5,26.7, 0.0,  0, 0.0000,     0,22.6,23.5,24.8, 25,     3,    22, 0.2148, 0.4004
M5,04/07/23,16:16:21,    15,  5735,   411, 1000.9, 300,23.5,26.7, 0.0,  0, 0.0000,     0,22.6,23.5,24.8, 25,     3,    23, 0.2019, 0.3888
M5,04/07/23,16:16:22,    15,  5736,   411, 1000.9, 300,23.6,26.7, 0.0,  0, 0.0000,     0,22.6,23.5,24.8, 25,     4,    24, 0.1963, 0.3706
M5,04/07/23,16:16:23,    15,  5737,   411, 1000.9, 300,23.6,26.7, 0.0,  0, 0.0000,     0,22.6,23.6,24.8, 25,     4,    25, 0.1903, 0.3464
M5,04/07/23,16:16:24,    15,  5738,   411, 1000.9, 300,23.6,26.7, 0.0,  0, 0.0000,     0,22.6,23.6,24.8, 25,     4,    26, 0.1900, 0.3107
M5,04/07/23,16:16:25,    15,  5739,   411, 1000.9, 300,23.6,26.7, 0.0,  0, 0.0000,     0,22.6,23.6,24.8, 25,     4,    27, 0.1909, 0.2850
M5,04/07/23,16:16:26,    15,  5740,   411, 1000.9, 300,23.6,26.7, 0.0,  0, 0.0000,     0,22.6,23.6,24.8, 25,     4,    28, 0.1891, 0.2700
M5,04/07/23,16:16:27,    15,  5741,   412, 1000.9, 300,23.7,26.7, 0.0,  0, 0.0000,     0,22.6,23.6,24.8, 25,     5,    29, 0.1894, 0.2584
M5,04/07/23,16:16:28,    15,  5742,   412, 1000.9, 300,23.7,26.7, 0.0,  0, 0.0000,     0,22.6,23.6,24.8, 25,     5,    30, 0.1909, 0.2386
M5,04/07/23,16:16:29,    15,  5743,   412, 1000.9, 299,23.7,26.7, 0.0,  0, 0.0000,     0,22.6,23.6,24.8, 25,     5,    31, 0.1929, 0.2251
M5,04/07/23,16:16:30,    15,  5744,   412, 1000.9, 300,23.7,26.7, 0.0,  0, 0.0000,     0,22.6,23.6,24.8, 25,     5,    32, 0.1937, 0.2146
M5,04/07/23,16:16:31,    15,  5745,   413, 1000.9, 300,23.7,26.7, 0.0,  0, 0.0000,     0,22.6,23.6,24.8, 25,     6,    33, 0.1974, 0.2015
M5,04/07/23,16:16:32,    15,  5746,   413, 1000.9, 300,23.7,26.7, 0.0,  0, 0.0000,     0,22.6,23.6,24.8, 25,     6,    34, 0.2028, 0.1800
M5,04/07/23,16:16:33,    15,  5747,   413, 1000.9, 300,23.7,26.7, 0.0,  0, 0.0000,     0,22.6,23.6,24.8, 25,     6,    35, 0.2070, 0.1668
M5,04/07/23,16:16:34,    15,  5748,   413, 1000.9, 300,23.8,26.7, 0.0,  0, 0.0000,     0,22.6,23.6,24.8, 25,     6,    36, 0.2112, 0.1603
M5,04/07/23,16:16:35,    15,  5749,   413, 1000.9, 301,23.8,26.7, 0.0,  0, 0.0000,     0,22.6,23.6,24.8, 25,     6,    37, 0.2122, 0.1616
M5,04/07/23,16:16:36,    15,  5750,   413, 1000.9, 300,23.8,26.7, 0.0,  0, 0.0000,     0,22.6,23.6,24.8, 25,     6,    38, 0.2123, 0.1693
M5,04/07/23,16:16:37,    15,  5751,   414, 1000.9, 300,23.8,26.7, 0.0,  0, 0.0000,     0,22.6,23.6,24.8, 25,     6,    39, 0.2116, 0.1752
M5,04/07/23,16:16:38,    15,  5752,   414, 1000.9, 300,23.9,26.7, 0.0,  0, 0.0000,     0,22.6,23.7,24.8, 25,     7,    40, 0.2118, 0.1811
M5,04/07/23,16:16:39,    15,  5753,   414, 1000.9, 300,23.9,26.7, 0.0,  0, 0.0000,     0,22.6,23.7,24.8, 25,     7,    41, 0.2123, 0.1815
M5,04/07/23,16:16:40,    15,  5754,   414, 1000.9, 300,23.9,26.7, 0.0,  0, 0.0000,     0,22.6,23.7,24.8, 25,     7,    42, 0.2135, 0.1789
M5,04/07/23,16:16:41,    15,  5755,   415, 1000.9, 300,23.9,26.7, 0.0,  0, 0.0000,     0,22.6,23.7,24.8, 25,     8,    43, 0.2157, 0.1746
M5,04/07/23,16:16:42,    15,  5756,   415, 1000.9, 300,23.9,26.7, 0.0,  0, 0.0000,     0,22.6,23.7,24.8, 25,     8,    44, 0.2172, 0.1723
M5,04/07/23,16:16:43,    15,  5757,   415, 1000.9, 300,24.0,26.7, 0.0,  0, 0.0000,     0,22.6,23.7,24.8, 25,     8,    45, 0.2184, 0.1755
M5,04/07/23,16:16:44,    15,  5758,   415, 1000.9, 300,24.0,26.7, 0.0,  0, 0.0000,     0,22.6,23.7,24.8, 25,     8,    46, 0.2185, 0.1780
M5,04/07/23,16:16:45,    15,  5759,   415, 1000.9, 300,24.0,26.7, 0.0,  0, 0.0000,     0,22.6,23.7,24.8, 25,     8,    47, 0.2186, 0.1808
M5,04/07/23,16:16:46,    15,  5760,   415, 1000.9, 300,24.0,26.7, 0.0,  0, 0.0000,     0,22.6,23.7,24.8, 25,     8,    48, 0.2181, 0.1850
M5,04/07/23,16:16:47,    15,  5761,   416, 1000.9, 300,24.0,26.7, 0.0,  0, 0.0000,     0,22.6,23.7,24.8, 25,     9,    49, 0.2182, 0.1863
M5,04/07/23,16:16:48,    15,  5762,   416, 1000.9, 300,24.0,26.7, 0.0,  0, 0.0000,     0,22.6,23.7,24.8, 25,     9,    50, 0.2188, 0.1884
M5,04/07/23,16:16:49,    15,  5763,   416, 1000.9, 300,24.0,26.7, 0.0,  0, 0.0000,     0,22.6,23.7,24.8, 25,     9,    51, 0.2194, 0.1878
M5,04/07/23,16:16:50,    15,  5764,   416, 1000.9, 300,24.1,26.7, 0.0,  0, 0.0000,     0,22.6,23.7,24.8, 25,     9,    52, 0.2202, 0.1883
M5,04/07/23,16:16:51,    15,  5765,   417, 1000.9, 300,24.1,26.7, 0.0,  0, 0.0000,     0,22.6,23.7,24.8, 25,    10,    53, 0.2211, 0.1868
M5,04/07/23,16:16:52,    15,  5766,   417, 1000.9, 300,24.1,26.7, 0.0,  0, 0.0000,     0,22.6,23.7,24.8, 25,    10,    54, 0.2221, 0.1865
M5,04/07/23,16:16:53,    15,  5767,   417, 1000.9, 300,24.1,26.7, 0.0,  0, 0.0000,     0,22.6,23.7,24.8, 25,    10,    55, 0.2221, 0.1885
M5,04/07/23,16:16:54,    15,  5768,   417, 1000.9, 300,24.1,26.7, 0.0,  0, 0.0000,     0,22.6,23.7,24.8, 25,    10,    56, 0.2222, 0.1908
M5,04/07/23,16:16:55,    15,  5769,   417, 1000.9, 300,24.1,26.7, 0.0,  0, 0.0000,     0,22.6,23.7,24.8, 25,    10,    57, 0.2220, 0.1929
M5,04/07/23,16:16:56,    15,  5770,   417, 1000.9, 300,24.1,26.7, 0.0,  0, 0.0000,     0,22.6,23.7,24.8, 25,    10,    58, 0.2213, 0.1968
M5,04/07/23,16:16:57,    15,  5771,   417, 1000.9, 300,24.2,26.7, 0.0,  0, 0.0000,     0,22.6,23.7,24.8, 25,    10,    59, 0.2211, 0.2007
M5,04/07/23,16:16:58,    15,  5772,   418, 1000.9, 300,24.2,26.7, 0.0,  0, 0.0000,     0,22.6,23.7,24.8, 25,    10,    60, 0.2209, 0.2021
R5,04/07/23,16:16:58,    15,  5772,   418, 1000.9, 300,24.2,26.7, 0.0,  0, 0.0000,     0,22.6,23.7,24.8, 25,    10,    60, 0.2209, 0.2021
End
