Tag(M3),Date,Time,Plot_No,Rec_No,CO2,Pressure,Flow,H2O,Tsen,O2,Error,Aux_V,PAR,Tsoil,Tair,Msoil
Zero
Start
M5,27/07/23,17:16:23,    16,  2479,   434,  997.2, 300,14.4,24.7, 0.0,  0, 0.0000,     0,21.5,21.8,11.5, 20,     2,     1, 0.0000, 0.0000
M5,27/07/23,17:16:24,    16,  2480,   436,  997.2, 300,14.4,24.7, 0.0,  0, 0.0000,     0,21.5,21.8,11.5, 20,     4,     2, 0.0000, 0.0000
M5,27/07/23,17:16:26,    16,  2481,   438,  997.2, 300,14.4,24.7, 0.0,  0, 0.0000,     0,21.5,21.8,11.5, 20,     6,     3, 0.0000, 0.0000
M5,27/07/23,17:16:27,    16,  2482,   439,  997.2, 300,14.6,24.7, 0.0,  0, 0.0000,     0,21.5,21.8,11.5, 20,     7,     4, 0.0000, 0.0000
M5,27/07/23,17:16:28,    16,  2483,   440,  997.2, 300,14.6,24.7, 0.0,  0, 0.0000,     0,21.5,21.8,11.5, 20,     9,     5, 0.0000, 0.0000
M5,27/07/23,17:16:29,    16,  2484,   441,  997.2, 300,14.8,24.7, 0.0,  0, 0.0000,     0,21.5,21.8,11.5, 20,    10,     6, 0.0000, 0.0000
M5,27/07/23,17:16:30,    16,  2485,   442,  997.2, 300,14.8,24.7, 0.0,  0, 0.0000,     0,21.5,21.8,11.5, 20,    11,     7, 0.0000, 0.0000
M5,27/07/23,17:16:31,    16,  2486,   443,  997.2, 300,15.0,24.7, 0.0,  0, 0.0000,     0,21.5,21.8,11.5, 20,    12,     8, 0.0000, 0.0000
M5,27/07/23,17:16:32,    16,  2487,   445,  997.2, 300,15.0,24.7, 0.0,  0, 0.0000,     0,21.5,21.8,11.5, 20,    13,     9, 0.0000, 0.0000
M5,27/07/23,17:16:33,    16,  2488,   446,  997.2, 300,15.3,24.7, 0.0,  0, 0.0000,     0,21.5,21.8,11.5, 25,    14,    10, 0.0000, 0.0000
M5,27/07/23,17:16:34,    16,  2489,   447,  997.2, 300,15.3,24.7, 0.0,  0, 0.0000,     0,21.5,21.8,11.5, 25,    16,    11, 0.0000, 0.0000
M5,27/07/23,17:16:35,    16,  2490,   448,  997.2, 300,15.3,24.7, 0.0,  0, 0.0000,     0,21.5,21.8,11.5, 25,    17,    12, 0.0000, 0.0000
M5,27/07/23,17:16:36,    16,  2491,   449,  997.2, 300,15.5,24.7, 0.0,  0, 0.0000,     0,21.5,21.8,11.5, 25,    18,    13, 1.4543, 1.6053
M5,27/07/23,17:16:37,    16,  2492,   450,  997.2, 300,15.5,24.7, 0.0,  0, 0.0000,     0,21.5,21.9,11.5, 25,    19,    14, 1.4431, 1.4985
M5,27/07/23,17:16:38,    16,  2493,   452,  997.2, 300,15.8,24.7, 0.0,  0, 0.0000,     0,21.5,21.9,11.5, 25,    20,    15, 1.4976, 1.4211
M5,27/07/23,17:16:39,    16,  2494,   453,  997.2, 300,15.8,24.7, 0.0,  0, 0.0000,     0,21.5,21.9,11.5, 25,    22,    16, 1.5209, 1.3707
M5,27/07/23,17:16:40,    16,  2495,   455,  997.2, 300,16.0,24.7, 0.0,  0, 0.0000,     0,21.5,21.9,11.5, 25,    23,    17, 1.5607, 1.3768
M5,27/07/23,17:16:41,    16,  2496,   456,  997.2, 300,16.0,24.7, 0.0,  0, 0.0000,     0,21.5,21.9,11.5, 25,    24,    18, 1.5754, 1.3801
M5,27/07/23,17:16:42,    16,  2497,   457,  997.2, 300,16.0,24.7, 0.0,  0, 0.0000,     0,21.5,21.9,11.7, 25,    26,    19, 1.5987, 1.3616
M5,27/07/23,17:16:43,    16,  2498,   459,  997.2, 300,16.3,24.7, 0.0,  0, 0.0000,     0,21.5,21.9,11.7, 25,    27,    20, 1.6182, 1.4149
M5,27/07/23,17:16:44,    16,  2499,   460,  997.2, 300,16.3,24.7, 0.0,  0, 0.0000,     0,21.5,21.9,11.7, 25,    28,    21, 1.6067, 1.4882
M5,27/07/23,17:16:45,    16,  2500,   460,  997.2, 300,16.5,24.7, 0.0,  0, 0.0000,     0,21.5,21.9,11.7, 25,    28,    22, 1.5786, 1.6328
M5,27/07/23,17:16:46,    16,  2501,   461,  997.2, 300,16.5,24.7, 0.0,  0, 0.0000,     0,21.5,21.9,11.7, 25,    30,    23, 1.5558, 1.6711
M5,27/07/23,17:16:47,    16,  2502,   463,  997.2, 300,16.7,24.7, 0.0,  0, 0.0000,     0,21.5,21.9,11.7, 25,    31,    24, 1.5474, 1.6891
M5,27/07/23,17:16:48,    16,  2503,   464,  997.2, 300,16.7,24.7, 0.0,  0, 0.0000,     0,21.5,21.9,11.5, 25,    32,    25, 1.5292, 1.6987
M5,27/07/23,17:16:49,    16,  2504,   465,  997.2, 300,16.7,24.7, 0.0,  0, 0.0000,     0,21.5,21.9,11.5, 25,    33,    26, 1.5114, 1.7055
M5,27/07/23,17:16:50,    16,  2505,   466,  997.2, 300,16.9,24.7, 0.0,  0, 0.0000,     0,21.5,21.9,11.5, 25,    34,    27, 1.5047, 1.7036
M5,27/07/23,17:16:51,    16,  2506,   467,  997.2, 300,16.9,24.7, 0.0,  0, 0.0000,     0,21.5,21.9,11.5, 25,    36,    28, 1.5008, 1.6653
M5,27/07/23,17:16:52,    16,  2507,   468,  997.2, 300,17.1,24.7, 0.0,  0, 0.0000,     0,21.5,21.9,11.5, 25,    37,    29, 1.5002, 1.6501
M5,27/07/23,17:16:53,    16,  2508,   469,  997.2, 300,17.1,24.7, 0.0,  0, 0.0000,     0,21.5,21.9,11.5, 25,    38,    30, 1.4920, 1.6394
M5,27/07/23,17:16:54,    16,  2509,   471,  997.2, 300,17.3,24.7, 0.0,  0, 0.0000,     0,21.5,22.0,11.5, 25,    39,    31, 1.4908, 1.6307
M5,27/07/23,17:16:55,    16,  2510,   472,  997.2, 300,17.3,24.7, 0.0,  0, 0.0000,     0,21.5,22.0,11.5, 25,    40,    32, 1.4832, 1.6230
M5,27/07/23,17:16:56,    16,  2511,   473,  997.2, 300,17.4,24.7, 0.0,  0, 0.0000,     0,21.5,22.0,11.5, 25,    42,    33, 1.4878, 1.5946
M5,27/07/23,17:16:57,    16,  2512,   475,  997.2, 300,17.4,24.7, 0.0,  0, 0.0000,     0,21.5,22.0,11.5, 25,    43,    34, 1.4917, 1.5557
M5,27/07/23,17:16:58,    16,  2513,   476,  997.2, 300,17.4,24.7, 0.0,  0, 0.0000,     0,21.5,22.0,11.7, 25,    44,    35, 1.4910, 1.5398
M5,27/07/23,17:16:59,    16,  2514,   477,  997.2, 300,17.6,24.7, 0.0,  0, 0.0000,     0,21.5,22.0,11.7, 25,    45,    36, 1.4909, 1.5418
M5,27/07/23,17:17:00,    16,  2515,   478,  997.2, 300,17.6,24.7, 0.0,  0, 0.0000,     0,21.5,22.0,11.7, 25,    46,    37, 1.4860, 1.5435
M5,27/07/23,17:17:01,    16,  2516,   479,  997.2, 300,17.8,24.7, 0.0,  0, 0.0000,     0,21.5,22.0,11.7, 25,    47,    38, 1.4851, 1.5451
M5,27/07/23,17:17:02,    16,  2517,   480,  997.2, 300,17.8,24.7, 0.0,  0, 0.0000,     0,21.5,22.0,11.7, 25,    48,    39, 1.4818, 1.5416
M5,27/07/23,17:17:03,    16,  2518,   481,  997.2, 300,17.9,24.7, 0.0,  0, 0.0000,     0,21.5,22.0,11.7, 25,    50,    40, 1.4806, 1.5441
M5,27/07/23,17:17:04,    16,  2519,   482,  997.2, 300,17.9,24.7, 0.0,  0, 0.0000,     0,21.5,22.0,11.5, 25,    51,    41, 1.4761, 1.5455
R5,27/07/23,17:17:04,    16,  2519,   482,  997.2, 300,17.9,24.7, 0.0,  0, 0.0000,     0,21.5,22.0,11.5, 25,    51,    41, 1.4761, 1.5455
End
Start
M5,27/07/23,17:18:16,    16,  2591,   470,  997.2, 300,16.3,24.6, 0.0,  0, 0.0000,     0,21.5,22.0,11.5, 20,    -1,     1, 0.0000, 0.0000
M5,27/07/23,17:18:17,    16,  2592,   471,  997.2, 300,16.3,24.6, 0.0,  0, 0.0000,     0,21.5,22.0,11.5, 20,     0,     2, 0.0000, 0.0000
M5,27/07/23,17:18:18,    16,  2593,   472,  997.2, 300,16.3,24.6, 0.0,  0, 0.0000,     0,21.5,22.0,11.5, 20,     1,     3, 0.0000, 0.0000
M5,27/07/23,17:18:19,    16,  2594,   474,  997.2, 300,16.3,24.6, 0.0,  0, 0.0000,     0,21.5,22.0,11.5, 20,     3,     4, 0.0000, 0.0000
M5,27/07/23,17:18:20,    16,  2595,   475,  997.2, 300,16.3,24.6, 0.0,  0, 0.0000,     0,21.5,22.0,11.5, 20,     4,     5, 0.0000, 0.0000
M5,27/07/23,17:18:21,    16,  2596,   476,  997.2, 300,16.3,24.6, 0.0,  0, 0.0000,     0,21.5,22.0,11.5, 20,     6,     6, 0.0000, 0.0000
M5,27/07/23,17:18:22,    16,  2597,   478,  997.2, 300,16.4,24.6, 0.0,  0, 0.0000,     0,21.5,22.0,11.5, 20,     7,     7, 0.0000, 0.0000
M5,27/07/23,17:18:23,    16,  2598,   479,  997.2, 300,16.4,24.6, 0.0,  0, 0.0000,     0,21.5,22.0,11.5, 20,     9,     8, 0.0000, 0.0000
M5,27/07/23,17:18:24,    16,  2599,   481,  997.2, 300,16.6,24.6, 0.0,  0, 0.0000,     0,21.5,22.0,11.5, 20,    10,     9, 0.0000, 0.0000
M5,27/07/23,17:18:25,    16,  2600,   482,  997.2, 300,16.6,24.6, 0.0,  0, 0.0000,     0,21.5,22.1,11.5, 25,    12,    10, 0.0000, 0.0000
M5,27/07/23,17:18:26,    16,  2601,   484,  997.2, 300,16.7,24.6, 0.0,  0, 0.0000,     0,21.5,22.1,11.5, 25,    13,    11, 0.0000, 0.0000
M5,27/07/23,17:18:27,    16,  2602,   485,  997.2, 300,16.7,24.6, 0.0,  0, 0.0000,     0,21.5,22.1,11.5, 25,    14,    12, 0.0000, 0.0000
M5,27/07/23,17:18:28,    16,  2603,   486,  997.2, 300,16.9,24.6, 0.0,  0, 0.0000,     0,21.5,22.1,11.5, 25,    15,    13, 1.6035, 1.7580
M5,27/07/23,17:18:29,    16,  2604,   488,  997.2, 300,16.9,24.6, 0.0,  0, 0.0000,     0,21.5,22.1,11.3, 25,    17,    14, 1.6068, 1.6034
M5,27/07/23,17:18:30,    16,  2605,   489,  997.2, 300,16.9,24.6, 0.0,  0, 0.0000,     0,21.5,22.1,11.3, 25,    18,    15, 1.5884, 1.6094
M5,27/07/23,17:18:31,    16,  2606,   490,  997.2, 300,17.1,24.6, 0.0,  0, 0.0000,     0,21.5,22.1,11.3, 25,    19,    16, 1.5883, 1.6339
M5,27/07/23,17:18:32,    16,  2607,   491,  997.2, 300,17.1,24.6, 0.0,  0, 0.0000,     0,21.5,22.1,11.3, 25,    20,    17, 1.5361, 1.7180
M5,27/07/23,17:18:33,    16,  2608,   492,  997.2, 300,17.3,24.6, 0.0,  0, 0.0000,     0,21.5,22.1,11.3, 25,    21,    18, 1.5094, 1.7527
M5,27/07/23,17:18:34,    16,  2609,   493,  997.2, 300,17.3,24.6, 0.0,  0, 0.0000,     0,21.5,22.1,11.5, 25,    22,    19, 1.4747, 1.7411
M5,27/07/23,17:18:35,    16,  2610,   494,  997.2, 300,17.5,24.6, 0.0,  0, 0.0000,     0,21.5,22.1,11.5, 25,    23,    20, 1.4685, 1.7012
M5,27/07/23,17:18:36,    16,  2611,   495,  997.2, 300,17.5,24.6, 0.0,  0, 0.0000,     0,21.5,22.2,11.5, 25,    25,    21, 1.4584, 1.6426
M5,27/07/23,17:18:37,    16,  2612,   497,  997.2, 300,17.5,24.6, 0.0,  0, 0.0000,     0,21.5,22.2,11.5, 25,    26,    22, 1.4535, 1.5900
M5,27/07/23,17:18:38,    16,  2613,   497,  997.2, 300,17.7,24.6, 0.0,  0, 0.0000,     0,21.5,22.2,11.5, 25,    27,    23, 1.4482, 1.5920
M5,27/07/23,17:18:39,    16,  2614,   498,  997.2, 300,17.7,24.6, 0.0,  0, 0.0000,     0,21.5,22.2,11.5, 25,    28,    24, 1.4293, 1.6009
M5,27/07/23,17:18:40,    16,  2615,   499,  997.2, 300,17.9,24.6, 0.0,  0, 0.0000,     0,21.5,22.2,11.5, 25,    29,    25, 1.4208, 1.6059
M5,27/07/23,17:18:41,    16,  2616,   501,  997.2, 300,17.9,24.6, 0.0,  0, 0.0000,     0,21.5,22.2,11.5, 25,    30,    26, 1.4112, 1.5833
M5,27/07/23,17:18:42,    16,  2617,   502,  997.2, 300,18.0,24.6, 0.0,  0, 0.0000,     0,21.5,22.2,11.5, 25,    31,    27, 1.4085, 1.5702
M5,27/07/23,17:18:43,    16,  2618,   502,  997.2, 300,18.0,24.6, 0.0,  0, 0.0000,     0,21.5,22.2,11.5, 25,    32,    28, 1.3969, 1.5648
M5,27/07/23,17:18:44,    16,  2619,   504,  997.2, 300,18.0,24.6, 0.0,  0, 0.0000,     0,21.5,22.2,11.5, 25,    33,    29, 1.3869, 1.5558
M5,27/07/23,17:18:45,    16,  2620,   504,  997.2, 300,18.2,24.6, 0.0,  0, 0.0000,     0,21.5,22.2,11.5, 25,    34,    30, 1.3790, 1.5631
M5,27/07/23,17:18:46,    16,  2621,   506,  997.2, 300,18.2,24.6, 0.0,  0, 0.0000,     0,21.5,22.2,11.5, 25,    35,    31, 1.3709, 1.5495
M5,27/07/23,17:18:47,    16,  2622,   507,  997.2, 300,18.3,24.6, 0.0,  0, 0.0000,     0,21.5,22.2,11.5, 25,    36,    32, 1.3706, 1.5319
M5,27/07/23,17:18:48,    16,  2623,   508,  997.2, 300,18.3,24.6, 0.0,  0, 0.0000,     0,21.5,22.2,11.5, 25,    37,    33, 1.3681, 1.5058
M5,27/07/23,17:18:49,    16,  2624,   509,  997.2, 300,18.5,24.6, 0.0,  0, 0.0000,     0,21.5,22.2,11.5, 25,    38,    34, 1.3671, 1.4957
M5,27/07/23,17:18:50,    16,  2625,   510,  997.2, 300,18.5,24.6, 0.0,  0, 0.0000,     0,21.5,22.2,11.5, 25,    39,    35, 1.3610, 1.4898
M5,27/07/23,17:18:51,    16,  2626,   511,  997.2, 300,18.6,24.6, 0.0,  0, 0.0000,     0,21.5,22.2,11.5, 25,    40,    36, 1.3605, 1.4791
M5,27/07/23,17:18:52,    16,  2627,   513,  997.2, 300,18.6,24.6, 0.0,  0, 0.0000,     0,21.5,22.2,11.5, 25,    42,    37, 1.3619, 1.4505
M5,27/07/23,17:18:53,    16,  2628,   514,  997.2, 300,18.6,24.6, 0.0,  0, 0.0000,     0,21.5,22.2,11.5, 25,    43,    38, 1.3655, 1.4189
M5,27/07/23,17:18:54,    16,  2629,   515,  997.2, 300,18.7,24.6, 0.0,  0, 0.0000,     0,21.5,22.3,11.5, 25,    45,    39, 1.3724, 1.3944
M5,27/07/23,17:18:55,    16,  2630,   516,  997.2, 300,18.7,24.6, 0.0,  0, 0.0000,     0,21.5,22.3,11.5, 25,    46,    40, 1.3764, 1.3707
M5,27/07/23,17:18:56,    16,  2631,   518,  997.2, 300,18.9,24.6, 0.0,  0, 0.0000,     0,21.5,22.3,11.5, 25,    47,    41, 1.3819, 1.3573
M5,27/07/23,17:18:57,    16,  2632,   519,  997.2, 300,18.9,24.6, 0.0,  0, 0.0000,     0,21.5,22.3,11.5, 25,    48,    42, 1.3838, 1.3470
M5,27/07/23,17:18:58,    16,  2633,   520,  997.2, 300,18.9,24.6, 0.0,  0, 0.0000,     0,21.5,22.3,11.5, 25,    49,    43, 1.3891, 1.3346
M5,27/07/23,17:18:59,    16,  2634,   521,  997.2, 300,18.9,24.6, 0.0,  0, 0.0000,     0,21.5,22.3,11.5, 25,    50,    44, 1.3915, 1.3258
R5,27/07/23,17:18:59,    16,  2634,   521,  997.2, 300,18.9,24.6, 0.0,  0, 0.0000,     0,21.5,22.3,11.5, 25,    50,    44, 1.3915, 1.3258
End
Start
M5,27/07/23,17:19:59,    16,  2693,   476,  997.3, 300,15.6,24.6, 0.0,  0, 0.0000,     0,21.5,22.1,11.5, 20,     2,     1, 0.0000, 0.0000
M5,27/07/23,17:20:00,    16,  2694,   478,  997.3, 300,15.6,24.6, 0.0,  0, 0.0000,     0,21.5,22.1,11.5, 20,     3,     2, 0.0000, 0.0000
M5,27/07/23,17:20:01,    16,  2695,   479,  997.3, 300,15.8,24.6, 0.0,  0, 0.0000,     0,21.5,22.1,11.5, 20,     5,     3, 0.0000, 0.0000
M5,27/07/23,17:20:02,    16,  2696,   481,  997.3, 300,15.8,24.6, 0.0,  0, 0.0000,     0,21.5,22.1,11.5, 20,     6,     4, 0.0000, 0.0000
M5,27/07/23,17:20:03,    16,  2697,   481,  997.3, 300,15.8,24.6, 0.0,  0, 0.0000,     0,21.5,22.1,11.5, 20,     7,     5, 0.0000, 0.0000
M5,27/07/23,17:20:04,    16,  2698,   482,  997.3, 300,15.9,24.6, 0.0,  0, 0.0000,     0,21.5,22.1,11.5, 20,     8,     6, 0.0000, 0.0000
M5,27/07/23,17:20:05,    16,  2699,   483,  997.3, 299,15.9,24.6, 0.0,  0, 0.0000,     0,21.5,22.1,11.5, 20,     9,     7, 0.0000, 0.0000
M5,27/07/23,17:20:06,    16,  2700,   484,  997.3, 299,16.1,24.6, 0.0,  0, 0.0000,     0,21.5,22.1,11.5, 20,    10,     8, 0.0000, 0.0000
M5,27/07/23,17:20:07,    16,  2701,   485,  997.3, 300,16.1,24.6, 0.0,  0, 0.0000,     0,21.5,22.2,11.5, 20,    11,     9, 0.0000, 0.0000
M5,27/07/23,17:20:08,    16,  2702,   486,  997.3, 300,16.4,24.6, 0.0,  0, 0.0000,     0,21.5,22.2,11.5, 25,    12,    10, 0.0000, 0.0000
M5,27/07/23,17:20:09,    16,  2703,   487,  997.3, 300,16.4,24.6, 0.0,  0, 0.0000,     0,21.5,22.2,11.5, 25,    13,    11, 0.0000, 0.0000
M5,27/07/23,17:20:10,    16,  2704,   488,  997.3, 300,16.4,24.6, 0.0,  0, 0.0000,     0,21.5,22.2,11.5, 25,    14,    12, 0.0000, 0.0000
M5,27/07/23,17:20:11,    16,  2705,   490,  997.3, 300,16.6,24.6, 0.0,  0, 0.0000,     0,21.5,22.2,11.5, 25,    15,    13, 1.3036, 1.3016
M5,27/07/23,17:20:12,    16,  2706,   491,  997.3, 300,16.6,24.6, 0.0,  0, 0.0000,     0,21.5,22.2,11.5, 25,    16,    14, 1.2931, 1.2915
M5,27/07/23,17:20:13,    16,  2707,   491,  997.3, 300,16.8,24.6, 0.0,  0, 0.0000,     0,21.5,22.2,11.5, 25,    17,    15, 1.2542, 1.4399
M5,27/07/23,17:20:14,    16,  2708,   492,  997.3, 300,16.8,24.6, 0.0,  0, 0.0000,     0,21.5,22.2,11.5, 25,    18,    16, 1.2307, 1.3786
M5,27/07/23,17:20:15,    16,  2709,   494,  997.3, 300,17.0,24.6, 0.0,  0, 0.0000,     0,21.5,22.2,11.5, 25,    19,    17, 1.2803, 1.2422
M5,27/07/23,17:20:16,    16,  2710,   495,  997.3, 300,17.0,24.6, 0.0,  0, 0.0000,     0,21.5,22.2,11.5, 25,    20,    18, 1.3067, 1.1607
M5,27/07/23,17:20:17,    16,  2711,   496,  997.3, 300,17.0,24.6, 0.0,  0, 0.0000,     0,21.5,22.3,11.5, 25,    21,    19, 1.3187, 1.1565
M5,27/07/23,17:20:18,    16,  2712,   497,  997.3, 300,17.2,24.6, 0.0,  0, 0.0000,     0,21.5,22.3,11.5, 25,    22,    20, 1.3265, 1.2162
M5,27/07/23,17:20:19,    16,  2713,   498,  997.3, 300,17.2,24.6, 0.0,  0, 0.0000,     0,21.5,22.3,11.5, 25,    23,    21, 1.3215, 1.2442
M5,27/07/23,17:20:20,    16,  2714,   499,  997.3, 300,17.4,24.6, 0.0,  0, 0.0000,     0,21.5,22.3,11.5, 25,    24,    22, 1.3213, 1.2938
M5,27/07/23,17:20:21,    16,  2715,   500,  997.3, 300,17.4,24.6, 0.0,  0, 0.0000,     0,21.5,22.3,11.5, 25,    25,    23, 1.3188, 1.2913
M5,27/07/23,17:20:22,    16,  2716,   501,  997.3, 300,17.6,24.6, 0.0,  0, 0.0000,     0,21.5,22.3,11.5, 25,    26,    24, 1.3245, 1.2985
M5,27/07/23,17:20:23,    16,  2717,   502,  997.3, 300,17.6,24.6, 0.0,  0, 0.0000,     0,21.5,22.3,11.5, 25,    28,    25, 1.3264, 1.2830
M5,27/07/23,17:20:24,    16,  2718,   503,  997.3, 300,17.8,24.6, 0.0,  0, 0.0000,     0,21.5,22.3,11.5, 25,    29,    26, 1.3350, 1.2847
M5,27/07/23,17:20:25,    16,  2719,   504,  997.3, 300,17.8,24.6, 0.0,  0, 0.0000,     0,21.5,22.3,11.5, 25,    30,    27, 1.3346, 1.2822
M5,27/07/23,17:20:26,    16,  2720,   505,  997.3, 300,17.8,24.6, 0.0,  0, 0.0000,     0,21.5,22.3,11.5, 25,    30,    28, 1.3248, 1.3115
M5,27/07/23,17:20:27,    16,  2721,   506,  997.3, 300,18.0,24.6, 0.0,  0, 0.0000,     0,21.5,22.3,11.5, 25,    32,    29, 1.3261, 1.3233
M5,27/07/23,17:20:28,    16,  2722,   508,  997.3, 300,18.0,24.6, 0.0,  0, 0.0000,     0,21.5,22.3,11.5, 25,    33,    30, 1.3278, 1.3070
M5,27/07/23,17:20:29,    16,  2723,   509,  997.3, 300,18.2,24.6, 0.0,  0, 0.0000,     0,21.5,22.3,11.5, 25,    34,    31, 1.3364, 1.2940
M5,27/07/23,17:20:30,    16,  2724,   510,  997.3, 300,18.2,24.6, 0.0,  0, 0.0000,     0,21.5,22.3,11.5, 25,    35,    32, 1.3383, 1.2837
M5,27/07/23,17:20:31,    16,  2725,   511,  997.3, 300,18.3,24.6, 0.0,  0, 0.0000,     0,21.5,22.3,11.5, 25,    36,    33, 1.3412, 1.2900
M5,27/07/23,17:20:32,    16,  2726,   512,  997.3, 300,18.3,24.6, 0.0,  0, 0.0000,     0,21.5,22.3,11.5, 25,    37,    34, 1.3398, 1.2926
M5,27/07/23,17:20:33,    16,  2727,   513,  997.3, 300,18.3,24.6, 0.0,  0, 0.0000,     0,21.5,22.4,11.5, 25,    38,    35, 1.3383, 1.2957
M5,27/07/23,17:20:34,    16,  2728,   514,  997.3, 300,18.5,24.6, 0.0,  0, 0.0000,     0,21.5,22.4,11.5, 25,    39,    36, 1.3423, 1.2965
M5,27/07/23,17:20:35,    16,  2729,   515,  997.3, 300,18.5,24.6, 0.0,  0, 0.0000,     0,21.5,22.4,11.5, 25,    41,    37, 1.3453, 1.2842
M5,27/07/23,17:20:36,    16,  2730,   517,  997.3, 300,18.6,24.6, 0.0,  0, 0.0000,     0,21.5,22.4,11.5, 25,    42,    38, 1.3533, 1.2702
M5,27/07/23,17:20:37,    16,  2731,   518,  997.3, 300,18.6,24.6, 0.0,  0, 0.0000,     0,21.5,22.4,11.5, 25,    43,    39, 1.3569, 1.2603
M5,27/07/23,17:20:38,    16,  2732,   519,  997.3, 300,18.8,24.6, 0.0,  0, 0.0000,     0,21.5,22.4,11.5, 25,    44,    40, 1.3626, 1.2587
M5,27/07/23,17:20:39,    16,  2733,   520,  997.3, 300,18.8,24.6, 0.0,  0, 0.0000,     0,21.5,22.4,11.5, 25,    46,    41, 1.3656, 1.2532
M5,27/07/23,17:20:40,    16,  2734,   521,  997.3, 300,18.8,24.6, 0.0,  0, 0.0000,     0,21.5,22.4,11.5, 25,    47,    42, 1.3678, 1.2517
M5,27/07/23,17:20:41,    16,  2735,   522,  997.3, 300,18.9,24.6, 0.0,  0, 0.0000,     0,21.5,22.4,11.5, 25,    48,    43, 1.3704, 1.2590
M5,27/07/23,17:20:42,    16,  2736,   523,  997.3, 300,18.9,24.6, 0.0,  0, 0.0000,     0,21.5,22.4,11.5, 25,    49,    44, 1.3705, 1.2648
M5,27/07/23,17:20:43,    16,  2737,   525,  997.3, 300,19.0,24.6, 0.0,  0, 0.0000,     0,21.5,22.4,11.5, 25,    50,    45, 1.3742, 1.2663
R5,27/07/23,17:20:43,    16,  2737,   525,  997.3, 300,19.0,24.6, 0.0,  0, 0.0000,     0,21.5,22.4,11.5, 25,    50,    45, 1.3742, 1.2663
End
Start
M5,27/07/23,17:22:27,    17,  2840,   450,  997.3, 300,14.6,24.6, 0.0,  0, 0.0000,     0,21.3,22.3,21.4, 20,    -1,     1, 0.0000, 0.0000
M5,27/07/23,17:22:28,    17,  2841,   450,  997.3, 300,14.6,24.6, 0.0,  0, 0.0000,     0,21.3,22.3,21.4, 20,    -0,     2, 0.0000, 0.0000
M5,27/07/23,17:22:29,    17,  2842,   451,  997.3, 300,14.6,24.6, 0.0,  0, 0.0000,     0,21.3,22.3,21.4, 20,     0,     3, 0.0000, 0.0000
M5,27/07/23,17:22:30,    17,  2843,   451,  997.3, 300,14.7,24.6, 0.0,  0, 0.0000,     0,21.3,22.4,21.4, 20,     1,     4, 0.0000, 0.0000
M5,27/07/23,17:22:31,    17,  2844,   452,  997.3, 300,14.7,24.6, 0.0,  0, 0.0000,     0,21.3,22.4,21.4, 20,     2,     5, 0.0000, 0.0000
M5,27/07/23,17:22:32,    17,  2845,   453,  997.3, 300,14.8,24.6, 0.0,  0, 0.0000,     0,21.3,22.4,21.4, 20,     2,     6, 0.0000, 0.0000
M5,27/07/23,17:22:33,    17,  2846,   453,  997.3, 300,14.8,24.6, 0.0,  0, 0.0000,     0,21.3,22.4,21.4, 20,     2,     7, 0.0000, 0.0000
M5,27/07/23,17:22:34,    17,  2847,   453,  997.3, 300,15.0,24.6, 0.0,  0, 0.0000,     0,21.3,22.4,21.4, 20,     3,     8, 0.0000, 0.0000
M5,27/07/23,17:22:35,    17,  2848,   454,  997.3, 300,15.0,24.6, 0.0,  0, 0.0000,     0,21.3,22.4,21.4, 20,     3,     9, 0.0000, 0.0000
M5,27/07/23,17:22:36,    17,  2849,   455,  997.3, 300,15.0,24.6, 0.0,  0, 0.0000,     0,21.3,22.4,21.4, 25,     4,    10, 0.0000, 0.0000
M5,27/07/23,17:22:37,    17,  2850,   455,  997.3, 300,15.2,24.6, 0.0,  0, 0.0000,     0,21.3,22.5,21.4, 25,     5,    11, 0.0000, 0.0000
M5,27/07/23,17:22:38,    17,  2851,   456,  997.3, 300,15.2,24.6, 0.0,  0, 0.0000,     0,21.3,22.5,21.4, 25,     5,    12, 0.0000, 0.0000
M5,27/07/23,17:22:39,    17,  2852,   457,  997.3, 300,15.5,24.6, 0.0,  0, 0.0000,     0,21.3,22.5,21.4, 25,     6,    13, 0.8503, 0.6961
M5,27/07/23,17:22:40,    17,  2853,   457,  997.3, 300,15.5,24.6, 0.0,  0, 0.0000,     0,21.3,22.5,21.4, 25,     7,    14, 0.8475, 0.7347
M5,27/07/23,17:22:41,    17,  2854,   458,  997.3, 300,15.7,24.6, 0.0,  0, 0.0000,     0,21.3,22.5,21.4, 25,     7,    15, 0.8407, 0.8452
M5,27/07/23,17:22:42,    17,  2855,   459,  997.3, 300,15.7,24.6, 0.0,  0, 0.0000,     0,21.3,22.5,21.4, 25,     8,    16, 0.8494, 0.7803
M5,27/07/23,17:22:43,    17,  2856,   459,  997.3, 300,15.9,24.6, 0.0,  0, 0.0000,     0,21.3,22.5,21.4, 25,     9,    17, 0.8869, 0.7451
M5,27/07/23,17:22:44,    17,  2857,   460,  997.3, 300,15.9,24.6, 0.0,  0, 0.0000,     0,21.3,22.5,21.4, 25,    10,    18, 0.9055, 0.7166
M5,27/07/23,17:22:45,    17,  2858,   461,  997.3, 300,15.9,24.6, 0.0,  0, 0.0000,     0,21.3,22.5,21.4, 25,    10,    19, 0.9114, 0.7389
M5,27/07/23,17:22:46,    17,  2859,   462,  997.3, 300,16.1,24.6, 0.0,  0, 0.0000,     0,21.3,22.5,21.4, 25,    11,    20, 0.9243, 0.7826
M5,27/07/23,17:22:47,    17,  2860,   462,  997.3, 300,16.1,24.6, 0.0,  0, 0.0000,     0,21.3,22.5,21.5, 25,    11,    21, 0.9015, 0.8682
M5,27/07/23,17:22:48,    17,  2861,   463,  997.3, 300,16.3,24.6, 0.0,  0, 0.0000,     0,21.3,22.6,21.5, 25,    12,    22, 0.8956, 0.9152
M5,27/07/23,17:22:49,    17,  2862,   463,  997.3, 300,16.3,24.6, 0.0,  0, 0.0000,     0,21.3,22.6,21.5, 25,    13,    23, 0.8895, 0.9095
M5,27/07/23,17:22:50,    17,  2863,   464,  997.3, 300,16.5,24.6, 0.0,  0, 0.0000,     0,21.3,22.6,21.5, 25,    13,    24, 0.8872, 0.9279
M5,27/07/23,17:22:51,    17,  2864,   464,  997.3, 300,16.5,24.6, 0.0,  0, 0.0000,     0,21.3,22.6,21.5, 25,    14,    25, 0.8741, 0.9432
M5,27/07/23,17:22:52,    17,  2865,   465,  997.3, 300,16.5,24.6, 0.0,  0, 0.0000,     0,21.3,22.6,21.5, 25,    14,    26, 0.8645, 0.9443
M5,27/07/23,17:22:53,    17,  2866,   466,  997.3, 300,16.7,24.6, 0.0,  0, 0.0000,     0,21.3,22.6,21.5, 25,    15,    27, 0.8600, 0.9560
M5,27/07/23,17:22:54,    17,  2867,   467,  997.3, 300,16.7,24.6, 0.0,  0, 0.0000,     0,21.3,22.6,21.5, 25,    16,    28, 0.8584, 0.9297
M5,27/07/23,17:22:55,    17,  2868,   467,  997.3, 300,16.9,24.6, 0.0,  0, 0.0000,     0,21.3,22.6,21.5, 25,    17,    29, 0.8659, 0.9065
M5,27/07/23,17:22:56,    17,  2869,   468,  997.3, 300,16.9,24.6, 0.0,  0, 0.0000,     0,21.3,22.6,21.5, 25,    18,    30, 0.8663, 0.8856
M5,27/07/23,17:22:57,    17,  2870,   469,  997.3, 300,17.1,24.6, 0.0,  0, 0.0000,     0,21.3,22.6,21.5, 25,    18,    31, 0.8685, 0.8837
M5,27/07/23,17:22:58,    17,  2871,   469,  997.3, 300,17.1,24.6, 0.0,  0, 0.0000,     0,21.1,22.6,21.5, 25,    19,    32, 0.8663, 0.8777
M5,27/07/23,17:22:59,    17,  2872,   470,  997.3, 300,17.1,24.6, 0.0,  0, 0.0000,     0,21.1,22.6,21.5, 25,    19,    33, 0.8623, 0.8794
M5,27/07/23,17:23:00,    17,  2873,   470,  997.3, 300,17.2,24.6, 0.0,  0, 0.0000,     0,21.1,22.6,21.5, 25,    20,    34, 0.8608, 0.8890
M5,27/07/23,17:23:01,    17,  2874,   471,  997.3, 300,17.2,24.6, 0.0,  0, 0.0000,     0,21.1,22.6,21.5, 25,    20,    35, 0.8564, 0.8910
M5,27/07/23,17:23:02,    17,  2875,   472,  997.3, 300,17.4,24.6, 0.0,  0, 0.0000,     0,21.1,22.6,21.5, 25,    21,    36, 0.8579, 0.8878
M5,27/07/23,17:23:03,    17,  2876,   473,  997.3, 300,17.4,24.6, 0.0,  0, 0.0000,     0,21.1,22.6,21.5, 25,    22,    37, 0.8577, 0.8760
M5,27/07/23,17:23:04,    17,  2877,   473,  997.3, 300,17.5,24.6, 0.0,  0, 0.0000,     0,21.1,22.6,21.5, 25,    23,    38, 0.8605, 0.8696
M5,27/07/23,17:23:05,    17,  2878,   474,  997.3, 300,17.5,24.6, 0.0,  0, 0.0000,     0,21.1,22.6,21.5, 25,    23,    39, 0.8601, 0.8619
M5,27/07/23,17:23:06,    17,  2879,   475,  997.3, 300,17.7,24.6, 0.0,  0, 0.0000,     0,21.1,22.6,21.5, 25,    24,    40, 0.8625, 0.8584
M5,27/07/23,17:23:07,    17,  2880,   475,  997.3, 300,17.7,24.6, 0.0,  0, 0.0000,     0,21.1,22.6,21.5, 25,    24,    41, 0.8593, 0.8626
M5,27/07/23,17:23:08,    17,  2881,   476,  997.3, 300,17.7,24.6, 0.0,  0, 0.0000,     0,21.1,22.7,21.4, 25,    25,    42, 0.8567, 0.8647
M5,27/07/23,17:23:09,    17,  2882,   476,  997.3, 300,17.8,24.6, 0.0,  0, 0.0000,     0,21.1,22.7,21.4, 25,    26,    43, 0.8560, 0.8717
M5,27/07/23,17:23:10,    17,  2883,   477,  997.3, 300,17.8,24.6, 0.0,  0, 0.0000,     0,21.1,22.7,21.4, 25,    26,    44, 0.8531, 0.8738
M5,27/07/23,17:23:11,    17,  2884,   478,  997.3, 300,18.0,24.6, 0.0,  0, 0.0000,     0,21.1,22.7,21.4, 25,    27,    45, 0.8526, 0.8762
M5,27/07/23,17:23:12,    17,  2885,   478,  997.3, 300,18.0,24.6, 0.0,  0, 0.0000,     0,21.1,22.7,21.4, 25,    28,    46, 0.8496, 0.8786
M5,27/07/23,17:23:13,    17,  2886,   479,  997.3, 300,18.1,24.6, 0.0,  0, 0.0000,     0,21.1,22.7,21.4, 25,    28,    47, 0.8491, 0.8812
M5,27/07/23,17:23:14,    17,  2887,   479,  997.3, 300,18.1,24.6, 0.0,  0, 0.0000,     0,21.1,22.7,21.5, 25,    29,    48, 0.8460, 0.8833
M5,27/07/23,17:23:15,    17,  2888,   480,  997.3, 300,18.1,24.6, 0.0,  0, 0.0000,     0,21.1,22.7,21.5, 25,    30,    49, 0.8442, 0.8810
M5,27/07/23,17:23:16,    17,  2889,   481,  997.3, 300,18.2,24.6, 0.0,  0, 0.0000,     0,21.1,22.7,21.5, 25,    30,    50, 0.8446, 0.8799
M5,27/07/23,17:23:17,    17,  2890,   481,  997.3, 300,18.2,24.6, 0.0,  0, 0.0000,     0,21.1,22.7,21.5, 25,    31,    51, 0.8425, 0.8791
M5,27/07/23,17:23:18,    17,  2891,   482,  997.3, 300,18.3,24.5, 0.0,  0, 0.0000,     0,21.1,22.7,21.5, 25,    32,    52, 0.8418, 0.8784
M5,27/07/23,17:23:19,    17,  2892,   483,  997.3, 300,18.3,24.5, 0.0,  0, 0.0000,     0,21.1,22.7,21.5, 25,    32,    53, 0.8403, 0.8760
M5,27/07/23,17:23:20,    17,  2893,   484,  997.3, 300,18.4,24.6, 0.0,  0, 0.0000,     0,21.1,22.7,21.5, 25,    33,    54, 0.8420, 0.8704
M5,27/07/23,17:23:21,    17,  2894,   485,  997.3, 300,18.4,24.6, 0.0,  0, 0.0000,     0,21.1,22.7,21.5, 25,    34,    55, 0.8426, 0.8615
M5,27/07/23,17:23:22,    17,  2895,   485,  997.3, 300,18.4,24.6, 0.0,  0, 0.0000,     0,21.1,22.7,21.5, 25,    35,    56, 0.8431, 0.8537
M5,27/07/23,17:23:23,    17,  2896,   486,  997.3, 300,18.5,24.6, 0.0,  0, 0.0000,     0,21.1,22.7,21.5, 25,    35,    57, 0.8441, 0.8500
M5,27/07/23,17:23:24,    17,  2897,   487,  997.3, 300,18.5,24.6, 0.0,  0, 0.0000,     0,21.1,22.7,21.5, 25,    36,    58, 0.8441, 0.8457
M5,27/07/23,17:23:25,    17,  2898,   487,  997.3, 300,18.6,24.5, 0.0,  0, 0.0000,     0,21.1,22.7,21.5, 25,    37,    59, 0.8451, 0.8427
M5,27/07/23,17:23:26,    17,  2899,   488,  997.3, 300,18.6,24.5, 0.0,  0, 0.0000,     0,21.1,22.7,21.5, 25,    38,    60, 0.8455, 0.8374
R5,27/07/23,17:23:26,    17,  2899,   488,  997.3, 300,18.6,24.5, 0.0,  0, 0.0000,     0,21.1,22.7,21.5, 25,    38,    60, 0.8455, 0.8374
End
Start
M5,27/07/23,17:24:10,    17,  2943,   444,  997.3, 300,15.6,24.5, 0.0,  0, 0.0000,     0,21.1,22.2,21.4, 20,     2,     1, 0.0000, 0.0000
M5,27/07/23,17:24:11,    17,  2944,   445,  997.3, 300,15.6,24.5, 0.0,  0, 0.0000,     0,21.1,22.2,21.4, 20,     3,     2, 0.0000, 0.0000
M5,27/07/23,17:24:12,    17,  2945,   446,  997.3, 300,15.6,24.5, 0.0,  0, 0.0000,     0,21.1,22.2,21.4, 20,     4,     3, 0.0000, 0.0000
M5,27/07/23,17:24:13,    17,  2946,   447,  997.3, 300,15.6,24.5, 0.0,  0, 0.0000,     0,21.1,22.2,21.4, 20,     5,     4, 0.0000, 0.0000
M5,27/07/23,17:24:14,    17,  2947,   447,  997.3, 300,15.6,24.5, 0.0,  0, 0.0000,     0,21.1,22.2,21.4, 20,     5,     5, 0.0000, 0.0000
M5,27/07/23,17:24:15,    17,  2948,   447,  997.3, 300,15.7,24.5, 0.0,  0, 0.0000,     0,21.1,22.2,21.4, 20,     5,     6, 0.0000, 0.0000
M5,27/07/23,17:24:16,    17,  2949,   448,  997.3, 300,15.7,24.5, 0.0,  0, 0.0000,     0,21.1,22.3,21.4, 20,     6,     7, 0.0000, 0.0000
M5,27/07/23,17:24:17,    17,  2950,   449,  997.3, 300,15.7,24.5, 0.0,  0, 0.0000,     0,21.1,22.3,21.4, 20,     6,     8, 0.0000, 0.0000
M5,27/07/23,17:24:18,    17,  2951,   449,  997.3, 300,15.9,24.5, 0.0,  0, 0.0000,     0,20.9,22.3,21.5, 20,     7,     9, 0.0000, 0.0000
M5,27/07/23,17:24:19,    17,  2952,   450,  997.3, 300,15.9,24.5, 0.0,  0, 0.0000,     0,20.9,22.3,21.5, 25,     8,    10, 0.0000, 0.0000
M5,27/07/23,17:24:20,    17,  2953,   451,  997.3, 300,16.0,24.5, 0.0,  0, 0.0000,     0,20.9,22.3,21.5, 25,     9,    11, 0.0000, 0.0000
M5,27/07/23,17:24:21,    17,  2954,   452,  997.3, 300,16.0,24.5, 0.0,  0, 0.0000,     0,20.9,22.3,21.5, 25,     9,    12, 0.0000, 0.0000
M5,27/07/23,17:24:22,    17,  2955,   452,  997.3, 300,16.2,24.5, 0.0,  0, 0.0000,     0,20.9,22.3,21.5, 25,    10,    13, 0.7910, 0.7909
M5,27/07/23,17:24:23,    17,  2956,   453,  997.3, 300,16.2,24.5, 0.0,  0, 0.0000,     0,20.9,22.3,21.5, 25,    11,    14, 0.8385, 0.6626
M5,27/07/23,17:24:24,    17,  2957,   454,  997.3, 300,16.2,24.5, 0.0,  0, 0.0000,     0,20.9,22.4,21.5, 25,    12,    15, 0.8798, 0.6417
M5,27/07/23,17:24:25,    17,  2958,   455,  997.3, 300,16.3,24.5, 0.0,  0, 0.0000,     0,20.9,22.4,21.5, 25,    12,    16, 0.9274, 0.6780
M5,27/07/23,17:24:26,    17,  2959,   455,  997.3, 300,16.3,24.5, 0.0,  0, 0.0000,     0,20.9,22.4,21.5, 25,    13,    17, 0.9310, 0.7505
M5,27/07/23,17:24:27,    17,  2960,   456,  997.3, 300,16.5,24.5, 0.0,  0, 0.0000,     0,20.9,22.4,21.5, 25,    14,    18, 0.9229, 0.8697
M5,27/07/23,17:24:28,    17,  2961,   457,  997.3, 300,16.5,24.5, 0.0,  0, 0.0000,     0,20.9,22.4,21.4, 25,    14,    19, 0.9063, 0.9142
M5,27/07/23,17:24:29,    17,  2962,   457,  997.3, 300,16.7,24.5, 0.0,  0, 0.0000,     0,20.9,22.4,21.4, 25,    15,    20, 0.9033, 0.9404
M5,27/07/23,17:24:30,    17,  2963,   458,  997.3, 300,16.7,24.5, 0.0,  0, 0.0000,     0,20.9,22.4,21.4, 25,    16,    21, 0.8929, 0.9434
M5,27/07/23,17:24:31,    17,  2964,   458,  997.3, 300,16.7,24.5, 0.0,  0, 0.0000,     0,20.9,22.4,21.4, 25,    16,    22, 0.8779, 0.9606
M5,27/07/23,17:24:32,    17,  2965,   459,  997.2, 300,16.9,24.5, 0.0,  0, 0.0000,     0,20.9,22.4,21.4, 25,    17,    23, 0.8697, 0.9850
M5,27/07/23,17:24:33,    17,  2966,   460,  997.2, 300,16.9,24.5, 0.0,  0, 0.0000,     0,20.9,22.4,21.4, 25,    17,    24, 0.8579, 0.9813
M5,27/07/23,17:24:34,    17,  2967,   460,  997.2, 300,17.1,24.5, 0.0,  0, 0.0000,     0,20.9,22.4,21.5, 25,    18,    25, 0.8515, 0.9898
M5,27/07/23,17:24:35,    17,  2968,   461,  997.2, 300,17.1,24.5, 0.0,  0, 0.0000,     0,20.9,22.4,21.5, 25,    19,    26, 0.8420, 0.9791
M5,27/07/23,17:24:36,    17,  2969,   462,  997.2, 300,17.2,24.5, 0.0,  0, 0.0000,     0,20.9,22.4,21.5, 25,    19,    27, 0.8437, 0.9561
M5,27/07/23,17:24:37,    17,  2970,   462,  997.2, 300,17.2,24.5, 0.0,  0, 0.0000,     0,20.9,22.4,21.5, 25,    20,    28, 0.8413, 0.9317
M5,27/07/23,17:24:38,    17,  2971,   463,  997.2, 300,17.4,24.5, 0.0,  0, 0.0000,     0,20.9,22.4,21.5, 25,    21,    29, 0.8501, 0.8967
M5,27/07/23,17:24:39,    17,  2972,   464,  997.2, 300,17.4,24.5, 0.0,  0, 0.0000,     0,20.9,22.5,21.4, 25,    22,    30, 0.8528, 0.8700
M5,27/07/23,17:24:40,    17,  2973,   465,  997.2, 300,17.4,24.5, 0.0,  0, 0.0000,     0,20.9,22.5,21.4, 25,    22,    31, 0.8546, 0.8522
M5,27/07/23,17:24:41,    17,  2974,   465,  997.2, 300,17.5,24.5, 0.0,  0, 0.0000,     0,20.9,22.5,21.4, 25,    23,    32, 0.8574, 0.8519
M5,27/07/23,17:24:42,    17,  2975,   466,  997.2, 300,17.5,24.5, 0.0,  0, 0.0000,     0,20.9,22.5,21.4, 25,    24,    33, 0.8584, 0.8414
M5,27/07/23,17:24:43,    17,  2976,   467,  997.2, 300,17.7,24.5, 0.0,  0, 0.0000,     0,20.9,22.5,21.4, 25,    25,    34, 0.8648, 0.8321
M5,27/07/23,17:24:44,    17,  2977,   468,  997.2, 300,17.7,24.5, 0.0,  0, 0.0000,     0,20.9,22.5,21.5, 25,    25,    35, 0.8665, 0.8238
M5,27/07/23,17:24:45,    17,  2978,   468,  997.2, 300,17.8,24.5, 0.0,  0, 0.0000,     0,20.9,22.5,21.5, 25,    26,    36, 0.8703, 0.8218
M5,27/07/23,17:24:46,    17,  2979,   469,  997.2, 300,17.8,24.5, 0.0,  0, 0.0000,     0,20.9,22.5,21.5, 25,    27,    37, 0.8725, 0.8138
M5,27/07/23,17:24:47,    17,  2980,   470,  997.2, 300,17.8,24.5, 0.0,  0, 0.0000,     0,20.9,22.5,21.5, 25,    27,    38, 0.8714, 0.8189
M5,27/07/23,17:24:48,    17,  2981,   470,  997.2, 300,17.9,24.5, 0.0,  0, 0.0000,     0,20.9,22.5,21.5, 25,    28,    39, 0.8718, 0.8310
M5,27/07/23,17:24:49,    17,  2982,   471,  997.2, 300,17.9,24.5, 0.0,  0, 0.0000,     0,20.9,22.5,21.5, 25,    29,    40, 0.8709, 0.8335
M5,27/07/23,17:24:50,    17,  2983,   472,  997.2, 300,18.0,24.5, 0.0,  0, 0.0000,     0,20.9,22.5,21.4, 25,    29,    41, 0.8719, 0.8377
M5,27/07/23,17:24:51,    17,  2984,   472,  997.2, 300,18.0,24.5, 0.0,  0, 0.0000,     0,20.9,22.5,21.4, 25,    30,    42, 0.8720, 0.8357
M5,27/07/23,17:24:52,    17,  2985,   473,  997.2, 300,18.1,24.5, 0.0,  0, 0.0000,     0,20.9,22.5,21.4, 25,    31,    43, 0.8750, 0.8331
M5,27/07/23,17:24:53,    17,  2986,   474,  997.2, 300,18.1,24.5, 0.0,  0, 0.0000,     0,20.9,22.5,21.4, 25,    32,    44, 0.8766, 0.8267
M5,27/07/23,17:24:55,    17,  2987,   475,  997.2, 300,18.1,24.5, 0.0,  0, 0.0000,     0,20.9,22.5,21.4, 25,    33,    45, 0.8778, 0.8227
M5,27/07/23,17:24:56,    17,  2988,   475,  997.2, 300,18.3,24.5, 0.0,  0, 0.0000,     0,20.9,22.5,21.4, 25,    33,    46, 0.8806, 0.8224
M5,27/07/23,17:24:57,    17,  2989,   476,  997.2, 300,18.3,24.5, 0.0,  0, 0.0000,     0,20.9,22.5,21.4, 25,    34,    47, 0.8803, 0.8246
M5,27/07/23,17:24:58,    17,  2990,   477,  997.2, 300,18.4,24.5, 0.0,  0, 0.0000,     0,20.9,22.5,21.4, 25,    34,    48, 0.8807, 0.8315
M5,27/07/23,17:24:59,    17,  2991,   477,  997.2, 300,18.4,24.5, 0.0,  0, 0.0000,     0,20.9,22.5,21.4, 25,    35,    49, 0.8788, 0.8389
M5,27/07/23,17:25:00,    17,  2992,   478,  997.2, 300,18.5,24.5, 0.0,  0, 0.0000,     0,20.9,22.5,21.4, 25,    35,    50, 0.8786, 0.8463
M5,27/07/23,17:25:01,    17,  2993,   478,  997.2, 300,18.5,24.5, 0.0,  0, 0.0000,     0,20.9,22.5,21.4, 25,    36,    51, 0.8770, 0.8511
M5,27/07/23,17:25:02,    17,  2994,   479,  997.2, 300,18.6,24.5, 0.0,  0, 0.0000,     0,20.9,22.5,21.4, 25,    37,    52, 0.8775, 0.8539
M5,27/07/23,17:25:03,    17,  2995,   480,  997.2, 300,18.6,24.5, 0.0,  0, 0.0000,     0,20.9,22.5,21.4, 25,    38,    53, 0.8766, 0.8552
M5,27/07/23,17:25:04,    17,  2996,   481,  997.2, 300,18.6,24.5, 0.0,  0, 0.0000,     0,20.9,22.5,21.4, 25,    38,    54, 0.8758, 0.8564
M5,27/07/23,17:25:05,    17,  2997,   481,  997.2, 300,18.7,24.5, 0.0,  0, 0.0000,     0,20.9,22.5,21.4, 25,    39,    55, 0.8761, 0.8585
M5,27/07/23,17:25:06,    17,  2998,   482,  997.2, 300,18.7,24.5, 0.0,  0, 0.0000,     0,20.9,22.5,21.4, 25,    40,    56, 0.8753, 0.8594
M5,27/07/23,17:25:07,    17,  2999,   483,  997.2, 300,18.7,24.5, 0.0,  0, 0.0000,     0,20.9,22.5,21.4, 25,    40,    57, 0.8757, 0.8612
M5,27/07/23,17:25:08,    17,  3000,   483,  997.2, 300,18.7,24.5, 0.0,  0, 0.0000,     0,20.9,22.5,21.4, 25,    41,    58, 0.8736, 0.8665
M5,27/07/23,17:25:09,    17,  3001,   484,  997.2, 300,18.8,24.5, 0.0,  0, 0.0000,     0,20.9,22.5,21.4, 25,    41,    59, 0.8722, 0.8733
M5,27/07/23,17:25:10,    17,  3002,   484,  997.2, 300,18.8,24.5, 0.0,  0, 0.0000,     0,20.9,22.5,21.4, 25,    42,    60, 0.8696, 0.8798
R5,27/07/23,17:25:10,    17,  3002,   484,  997.2, 300,18.8,24.5, 0.0,  0, 0.0000,     0,20.9,22.5,21.4, 25,    42,    60, 0.8696, 0.8798
End
Start
M5,27/07/23,17:25:53,    17,  3045,   449,  997.2, 300,15.9,24.5, 0.0,  0, 0.0000,     0,20.7,22.1,21.2, 20,     1,     1, 0.0000, 0.0000
M5,27/07/23,17:25:54,    17,  3046,   450,  997.2, 300,15.9,24.5, 0.0,  0, 0.0000,     0,20.7,22.1,21.2, 20,     1,     2, 0.0000, 0.0000
M5,27/07/23,17:25:55,    17,  3047,   450,  997.2, 300,15.9,24.5, 0.0,  0, 0.0000,     0,20.7,22.1,21.2, 20,     2,     3, 0.0000, 0.0000
M5,27/07/23,17:25:56,    17,  3048,   451,  997.2, 300,15.9,24.5, 0.0,  0, 0.0000,     0,20.7,22.2,21.2, 20,     2,     4, 0.0000, 0.0000
M5,27/07/23,17:25:57,    17,  3049,   452,  997.2, 300,15.9,24.5, 0.0,  0, 0.0000,     0,20.7,22.2,21.2, 20,     3,     5, 0.0000, 0.0000
M5,27/07/23,17:25:58,    17,  3050,   452,  997.2, 300,16.0,24.5, 0.0,  0, 0.0000,     0,20.7,22.2,21.2, 20,     4,     6, 0.0000, 0.0000
M5,27/07/23,17:25:59,    17,  3051,   452,  997.3, 300,16.0,24.5, 0.0,  0, 0.0000,     0,20.7,22.2,21.2, 20,     4,     7, 0.0000, 0.0000
M5,27/07/23,17:26:00,    17,  3052,   453,  997.3, 300,16.2,24.5, 0.0,  0, 0.0000,     0,20.7,22.2,21.4, 20,     4,     8, 0.0000, 0.0000
M5,27/07/23,17:26:01,    17,  3053,   454,  997.3, 300,16.2,24.5, 0.0,  0, 0.0000,     0,20.7,22.2,21.4, 20,     5,     9, 0.0000, 0.0000
M5,27/07/23,17:26:02,    17,  3054,   455,  997.3, 300,16.3,24.5, 0.0,  0, 0.0000,     0,20.7,22.2,21.4, 25,     6,    10, 0.0000, 0.0000
M5,27/07/23,17:26:03,    17,  3055,   455,  997.3, 300,16.3,24.5, 0.0,  0, 0.0000,     0,20.7,22.2,21.4, 25,     7,    11, 0.0000, 0.0000
M5,27/07/23,17:26:04,    17,  3056,   456,  997.3, 300,16.3,24.5, 0.0,  0, 0.0000,     0,20.7,22.2,21.4, 25,     7,    12, 0.0000, 0.0000
M5,27/07/23,17:26:05,    17,  3057,   456,  997.3, 300,16.4,24.5, 0.0,  0, 0.0000,     0,20.7,22.3,21.2, 25,     8,    13, 0.7868, 0.9400
M5,27/07/23,17:26:06,    17,  3058,   457,  997.2, 300,16.4,24.5, 0.0,  0, 0.0000,     0,20.7,22.3,21.2, 25,     9,    14, 0.8235, 0.7562
M5,27/07/23,17:26:07,    17,  3059,   458,  997.2, 300,16.6,24.5, 0.0,  0, 0.0000,     0,20.7,22.3,21.2, 25,     9,    15, 0.8529, 0.7739
M5,27/07/23,17:26:08,    17,  3060,   459,  997.2, 300,16.6,24.5, 0.0,  0, 0.0000,     0,20.7,22.3,21.2, 25,    10,    16, 0.8384, 0.8247
M5,27/07/23,17:26:09,    17,  3061,   459,  997.2, 300,16.8,24.5, 0.0,  0, 0.0000,     0,20.7,22.3,21.2, 25,    11,    17, 0.8442, 0.8449
M5,27/07/23,17:26:10,    17,  3062,   460,  997.2, 300,16.8,24.5, 0.0,  0, 0.0000,     0,20.7,22.3,21.2, 25,    11,    18, 0.8393, 0.8401
M5,27/07/23,17:26:11,    17,  3063,   461,  997.2, 300,16.9,24.5, 0.0,  0, 0.0000,     0,20.7,22.3,21.2, 25,    12,    19, 0.8468, 0.8442
M5,27/07/23,17:26:12,    17,  3064,   461,  997.2, 300,16.9,24.5, 0.0,  0, 0.0000,     0,20.7,22.3,21.2, 25,    13,    20, 0.8346, 0.8643
M5,27/07/23,17:26:13,    17,  3065,   462,  997.2, 300,16.9,24.5, 0.0,  0, 0.0000,     0,20.7,22.3,21.2, 25,    13,    21, 0.8275, 0.8633
M5,27/07/23,17:26:14,    17,  3066,   463,  997.2, 300,17.1,24.5, 0.0,  0, 0.0000,     0,20.7,22.3,21.2, 25,    14,    22, 0.8376, 0.8418
M5,27/07/23,17:26:15,    17,  3067,   464,  997.2, 300,17.1,24.5, 0.0,  0, 0.0000,     0,20.7,22.3,21.2, 25,    15,    23, 0.8507, 0.7893
M5,27/07/23,17:26:16,    17,  3068,   464,  997.2, 300,17.2,24.5, 0.0,  0, 0.0000,     0,20.7,22.3,21.4, 25,    16,    24, 0.8702, 0.7590
M5,27/07/23,17:26:17,    17,  3069,   465,  997.3, 300,17.2,24.5, 0.0,  0, 0.0000,     0,20.7,22.3,21.4, 25,    17,    25, 0.8823, 0.7353
M5,27/07/23,17:26:18,    17,  3070,   466,  997.3, 300,17.4,24.5, 0.0,  0, 0.0000,     0,20.7,22.3,21.4, 25,    18,    26, 0.8993, 0.7263
M5,27/07/23,17:26:19,    17,  3071,   467,  997.3, 300,17.4,24.5, 0.0,  0, 0.0000,     0,20.7,22.3,21.4, 25,    18,    27, 0.9060, 0.7299
M5,27/07/23,17:26:20,    17,  3072,   468,  997.3, 300,17.4,24.5, 0.0,  0, 0.0000,     0,20.7,22.3,21.4, 25,    19,    28, 0.9130, 0.7322
M5,27/07/23,17:26:21,    17,  3073,   469,  997.3, 300,17.5,24.4, 0.0,  0, 0.0000,     0,20.7,22.3,21.4, 25,    20,    29, 0.9241, 0.7386
M5,27/07/23,17:26:22,    17,  3074,   469,  997.3, 300,17.5,24.4, 0.0,  0, 0.0000,     0,20.7,22.4,21.4, 25,    21,    30, 0.9280, 0.7502
M5,27/07/23,17:26:23,    17,  3075,   470,  997.3, 300,17.7,24.5, 0.0,  0, 0.0000,     0,20.7,22.4,21.4, 25,    22,    31, 0.9366, 0.7625
M5,27/07/23,17:26:24,    17,  3076,   471,  997.3, 300,17.7,24.5, 0.0,  0, 0.0000,     0,20.7,22.4,21.4, 25,    22,    32, 0.9387, 0.7760
M5,27/07/23,17:26:25,    17,  3077,   472,  997.3, 300,17.8,24.4, 0.0,  0, 0.0000,     0,20.7,22.4,21.4, 25,    23,    33, 0.9443, 0.7880
M5,27/07/23,17:26:26,    17,  3078,   472,  997.3, 300,17.8,24.4, 0.0,  0, 0.0000,     0,20.7,22.4,21.4, 25,    24,    34, 0.9454, 0.8009
M5,27/07/23,17:26:27,    17,  3079,   473,  997.3, 300,17.8,24.4, 0.0,  0, 0.0000,     0,20.7,22.4,21.2, 25,    25,    35, 0.9471, 0.8094
M5,27/07/23,17:26:28,    17,  3080,   474,  997.3, 300,17.9,24.5, 0.0,  0, 0.0000,     0,20.7,22.4,21.2, 25,    25,    36, 0.9490, 0.8297
M5,27/07/23,17:26:29,    17,  3081,   474,  997.3, 300,17.9,24.5, 0.0,  0, 0.0000,     0,20.7,22.4,21.2, 25,    26,    37, 0.9457, 0.8515
M5,27/07/23,17:26:30,    17,  3082,   475,  997.3, 300,18.0,24.4, 0.0,  0, 0.0000,     0,20.7,22.4,21.2, 25,    26,    38, 0.9447, 0.8725
M5,27/07/23,17:26:31,    17,  3083,   476,  997.3, 300,18.0,24.4, 0.0,  0, 0.0000,     0,20.7,22.4,21.2, 25,    27,    39, 0.9412, 0.8884
M5,27/07/23,17:26:32,    17,  3084,   476,  997.3, 300,18.1,24.4, 0.0,  0, 0.0000,     0,20.7,22.4,21.2, 25,    28,    40, 0.9387, 0.9085
M5,27/07/23,17:26:33,    17,  3085,   477,  997.3, 300,18.1,24.4, 0.0,  0, 0.0000,     0,20.7,22.4,21.2, 25,    28,    41, 0.9343, 0.9228
M5,27/07/23,17:26:34,    17,  3086,   478,  997.3, 300,18.3,24.5, 0.0,  0, 0.0000,     0,20.7,22.4,21.2, 25,    29,    42, 0.9335, 0.9325
M5,27/07/23,17:26:35,    17,  3087,   478,  997.3, 300,18.3,24.5, 0.0,  0, 0.0000,     0,20.7,22.4,21.2, 25,    30,    43, 0.9305, 0.9387
M5,27/07/23,17:26:36,    17,  3088,   479,  997.3, 300,18.3,24.5, 0.0,  0, 0.0000,     0,20.7,22.4,21.2, 25,    30,    44, 0.9275, 0.9439
M5,27/07/23,17:26:37,    17,  3089,   480,  997.3, 300,18.4,24.4, 0.0,  0, 0.0000,     0,20.7,22.4,21.2, 25,    31,    45, 0.9261, 0.9495
M5,27/07/23,17:26:38,    17,  3090,   480,  997.3, 300,18.4,24.4, 0.0,  0, 0.0000,     0,20.7,22.4,21.2, 25,    32,    46, 0.9233, 0.9527
M5,27/07/23,17:26:39,    17,  3091,   481,  997.3, 300,18.5,24.4, 0.0,  0, 0.0000,     0,20.7,22.4,21.2, 25,    33,    47, 0.9222, 0.9568
M5,27/07/23,17:26:40,    17,  3092,   482,  997.3, 300,18.5,24.4, 0.0,  0, 0.0000,     0,20.7,22.4,21.2, 25,    33,    48, 0.9196, 0.9587
M5,27/07/23,17:26:41,    17,  3093,   482,  997.3, 300,18.6,24.4, 0.0,  0, 0.0000,     0,20.7,22.4,21.2, 25,    34,    49, 0.9172, 0.9673
M5,27/07/23,17:26:42,    17,  3094,   483,  997.3, 300,18.6,24.4, 0.0,  0, 0.0000,     0,20.7,22.4,21.2, 25,    34,    50, 0.9135, 0.9723
M5,27/07/23,17:26:43,    17,  3095,   484,  997.3, 300,18.6,24.4, 0.0,  0, 0.0000,     0,20.7,22.4,21.2, 25,    35,    51, 0.9108, 0.9733
M5,27/07/23,17:26:44,    17,  3096,   485,  997.3, 300,18.7,24.4, 0.0,  0, 0.0000,     0,20.7,22.4,21.2, 25,    36,    52, 0.9109, 0.9703
M5,27/07/23,17:26:45,    17,  3097,   486,  997.3, 300,18.7,24.4, 0.0,  0, 0.0000,     0,20.7,22.4,21.2, 25,    37,    53, 0.9103, 0.9643
M5,27/07/23,17:26:46,    17,  3098,   486,  997.3, 300,18.7,24.4, 0.0,  0, 0.0000,     0,20.7,22.4,21.2, 25,    38,    54, 0.9101, 0.9626
M5,27/07/23,17:26:47,    17,  3099,   487,  997.3, 300,18.7,24.4, 0.0,  0, 0.0000,     0,20.7,22.4,21.2, 25,    38,    55, 0.9087, 0.9601
M5,27/07/23,17:26:48,    17,  3100,   487,  997.3, 300,18.8,24.4, 0.0,  0, 0.0000,     0,20.7,22.4,21.2, 25,    39,    56, 0.9074, 0.9612
M5,27/07/23,17:26:49,    17,  3101,   488,  997.3, 300,18.8,24.4, 0.0,  0, 0.0000,     0,20.7,22.4,21.2, 25,    39,    57, 0.9055, 0.9611
M5,27/07/23,17:26:50,    17,  3102,   488,  997.3, 300,18.8,24.4, 0.0,  0, 0.0000,     0,20.7,22.4,21.2, 25,    40,    58, 0.9030, 0.9626
M5,27/07/23,17:26:51,    17,  3103,   489,  997.3, 300,18.9,24.4, 0.0,  0, 0.0000,     0,20.7,22.4,21.2, 25,    41,    59, 0.9017, 0.9642
M5,27/07/23,17:26:52,    17,  3104,   490,  997.3, 300,18.9,24.4, 0.0,  0, 0.0000,     0,20.7,22.4,21.2, 25,    41,    60, 0.8996, 0.9644
R5,27/07/23,17:26:52,    17,  3104,   490,  997.3, 300,18.9,24.4, 0.0,  0, 0.0000,     0,20.7,22.4,21.2, 25,    41,    60, 0.8996, 0.9644
End
Zero
Start
M5,27/07/23,17:29:58,    18,  3289,   435,  997.3, 300,14.9,24.4, 0.0,  0, 0.0000,     0,20.7,22.0,21.8, 20,     1,     1, 0.0000, 0.0000
M5,27/07/23,17:29:59,    18,  3290,   436,  997.3, 300,14.9,24.4, 0.0,  0, 0.0000,     0,20.7,22.0,21.8, 20,     2,     2, 0.0000, 0.0000
M5,27/07/23,17:30:00,    18,  3291,   437,  997.3, 300,15.1,24.4, 0.0,  0, 0.0000,     0,20.7,22.0,21.8, 20,     3,     3, 0.0000, 0.0000
M5,27/07/23,17:30:01,    18,  3292,   438,  997.3, 300,15.1,24.4, 0.0,  0, 0.0000,     0,20.7,22.0,22.0, 20,     4,     4, 0.0000, 0.0000
M5,27/07/23,17:30:02,    18,  3293,   438,  997.3, 300,15.3,24.4, 0.0,  0, 0.0000,     0,20.7,22.0,22.0, 20,     4,     5, 0.0000, 0.0000
M5,27/07/23,17:30:03,    18,  3294,   439,  997.3, 300,15.3,24.4, 0.0,  0, 0.0000,     0,20.7,22.1,22.0, 20,     5,     6, 0.0000, 0.0000
M5,27/07/23,17:30:04,    18,  3295,   440,  997.3, 300,15.3,24.4, 0.0,  0, 0.0000,     0,20.7,22.1,22.0, 20,     6,     7, 0.0000, 0.0000
M5,27/07/23,17:30:05,    18,  3296,   440,  997.3, 300,15.5,24.4, 0.0,  0, 0.0000,     0,20.7,22.1,22.0, 20,     6,     8, 0.0000, 0.0000
M5,27/07/23,17:30:06,    18,  3297,   441,  997.3, 300,15.5,24.4, 0.0,  0, 0.0000,     0,20.7,22.1,22.0, 20,     7,     9, 0.0000, 0.0000
M5,27/07/23,17:30:07,    18,  3298,   441,  997.3, 300,15.8,24.4, 0.0,  0, 0.0000,     0,20.7,22.1,22.0, 25,     7,    10, 0.0000, 0.0000
M5,27/07/23,17:30:08,    18,  3299,   443,  997.3, 300,15.8,24.4, 0.0,  0, 0.0000,     0,20.7,22.1,22.0, 25,     9,    11, 0.0000, 0.0000
M5,27/07/23,17:30:09,    18,  3300,   443,  997.3, 300,16.0,24.4, 0.0,  0, 0.0000,     0,20.7,22.1,22.0, 25,     9,    12, 0.0000, 0.0000
M5,27/07/23,17:30:10,    18,  3301,   444,  997.3, 300,16.0,24.4, 0.0,  0, 0.0000,     0,20.7,22.1,22.0, 25,    10,    13, 1.0163, 1.6076
M5,27/07/23,17:30:11,    18,  3302,   445,  997.3, 300,16.0,24.4, 0.0,  0, 0.0000,     0,20.7,22.1,22.0, 25,    11,    14, 0.9697, 1.2948
M5,27/07/23,17:30:12,    18,  3303,   446,  997.3, 300,16.3,24.4, 0.0,  0, 0.0000,     0,20.7,22.1,22.0, 25,    12,    15, 1.0156, 1.0870
M5,27/07/23,17:30:13,    18,  3304,   447,  997.3, 300,16.3,24.4, 0.0,  0, 0.0000,     0,20.7,22.1,22.0, 25,    13,    16, 1.0613, 0.9168
M5,27/07/23,17:30:14,    18,  3305,   448,  997.3, 300,16.6,24.4, 0.0,  0, 0.0000,     0,20.7,22.1,22.0, 25,    14,    17, 1.0956, 0.9387
M5,27/07/23,17:30:15,    18,  3306,   448,  997.3, 299,16.6,24.4, 0.0,  0, 0.0000,     0,20.7,22.1,22.0, 25,    14,    18, 1.0685, 1.0425
M5,27/07/23,17:30:16,    18,  3307,   449,  997.3, 300,16.8,24.4, 0.0,  0, 0.0000,     0,20.7,22.2,22.0, 25,    15,    19, 1.0429, 1.1499
M5,27/07/23,17:30:17,    18,  3308,   449,  997.3, 300,16.8,24.4, 0.0,  0, 0.0000,     0,20.5,22.2,22.0, 25,    16,    20, 1.0103, 1.1861
M5,27/07/23,17:30:18,    18,  3309,   450,  997.3, 300,16.8,24.4, 0.0,  0, 0.0000,     0,20.5,22.2,22.0, 25,    16,    21, 0.9915, 1.1708
M5,27/07/23,17:30:19,    18,  3310,   451,  997.3, 300,17.0,24.4, 0.0,  0, 0.0000,     0,20.5,22.2,22.0, 25,    17,    22, 0.9836, 1.1675
M5,27/07/23,17:30:20,    18,  3311,   451,  997.3, 300,17.0,24.4, 0.0,  0, 0.0000,     0,20.5,22.2,22.0, 25,    18,    23, 0.9615, 1.1713
M5,27/07/23,17:30:21,    18,  3312,   452,  997.3, 300,17.2,24.4, 0.0,  0, 0.0000,     0,20.5,22.2,22.0, 25,    18,    24, 0.9524, 1.1718
M5,27/07/23,17:30:22,    18,  3313,   453,  997.3, 300,17.2,24.4, 0.0,  0, 0.0000,     0,20.5,22.2,22.0, 25,    19,    25, 0.9323, 1.1703
M5,27/07/23,17:30:23,    18,  3314,   453,  997.3, 300,17.4,24.4, 0.0,  0, 0.0000,     0,20.5,22.2,22.0, 25,    19,    26, 0.9231, 1.1644
M5,27/07/23,17:30:24,    18,  3315,   454,  997.3, 300,17.4,24.4, 0.0,  0, 0.0000,     0,20.5,22.2,22.0, 25,    20,    27, 0.9096, 1.1456
M5,27/07/23,17:30:25,    18,  3316,   455,  997.3, 300,17.6,24.4, 0.0,  0, 0.0000,     0,20.5,22.2,22.0, 25,    21,    28, 0.9045, 1.1306
M5,27/07/23,17:30:26,    18,  3317,   455,  997.3, 300,17.6,24.4, 0.0,  0, 0.0000,     0,20.5,22.2,22.0, 25,    21,    29, 0.8948, 1.1086
M5,27/07/23,17:30:27,    18,  3318,   456,  997.3, 300,17.6,24.4, 0.0,  0, 0.0000,     0,20.5,22.2,22.0, 25,    22,    30, 0.8892, 1.0785
M5,27/07/23,17:30:28,    18,  3319,   457,  997.3, 300,17.8,24.4, 0.0,  0, 0.0000,     0,20.5,22.2,21.9, 25,    23,    31, 0.8862, 1.0660
M5,27/07/23,17:30:29,    18,  3320,   456,  997.3, 300,17.8,24.4, 0.0,  0, 0.0000,     0,20.5,22.2,21.9, 25,    23,    32, 0.8687, 1.0860
M5,27/07/23,17:30:30,    18,  3321,   457,  997.3, 300,18.0,24.4, 0.0,  0, 0.0000,     0,20.5,22.2,21.9, 25,    23,    33, 0.8567, 1.1017
M5,27/07/23,17:30:31,    18,  3322,   458,  997.3, 300,18.0,24.4, 0.0,  0, 0.0000,     0,20.5,22.2,21.9, 25,    24,    34, 0.8438, 1.1003
M5,27/07/23,17:30:32,    18,  3323,   458,  997.3, 300,18.1,24.4, 0.0,  0, 0.0000,     0,20.5,22.2,21.9, 25,    24,    35, 0.8369, 1.0944
M5,27/07/23,17:30:33,    18,  3324,   459,  997.3, 300,18.1,24.4, 0.0,  0, 0.0000,     0,20.5,22.2,21.9, 25,    25,    36, 0.8283, 1.0797
M5,27/07/23,17:30:34,    18,  3325,   460,  997.3, 300,18.1,24.4, 0.0,  0, 0.0000,     0,20.5,22.2,21.9, 25,    26,    37, 0.8214, 1.0622
M5,27/07/23,17:30:35,    18,  3326,   461,  997.3, 300,18.3,24.4, 0.0,  0, 0.0000,     0,20.5,22.3,21.9, 25,    27,    38, 0.8201, 1.0413
M5,27/07/23,17:30:37,    18,  3327,   461,  997.3, 300,18.3,24.4, 0.0,  0, 0.0000,     0,20.5,22.3,21.9, 25,    27,    39, 0.8165, 1.0186
M5,27/07/23,17:30:38,    18,  3328,   462,  997.3, 300,18.4,24.4, 0.0,  0, 0.0000,     0,20.5,22.3,21.9, 25,    28,    40, 0.8148, 1.0040
M5,27/07/23,17:30:39,    18,  3329,   462,  997.3, 300,18.4,24.4, 0.0,  0, 0.0000,     0,20.5,22.3,21.9, 25,    29,    41, 0.8114, 0.9870
M5,27/07/23,17:30:40,    18,  3330,   463,  997.3, 300,18.6,24.4, 0.0,  0, 0.0000,     0,20.5,22.3,21.9, 25,    29,    42, 0.8101, 0.9768
M5,27/07/23,17:30:41,    18,  3331,   463,  997.3, 300,18.6,24.4, 0.0,  0, 0.0000,     0,20.5,22.3,21.9, 25,    30,    43, 0.8058, 0.9668
M5,27/07/23,17:30:42,    18,  3332,   464,  997.3, 300,18.6,24.4, 0.0,  0, 0.0000,     0,20.5,22.3,21.9, 25,    30,    44, 0.8024, 0.9557
M5,27/07/23,17:30:43,    18,  3333,   465,  997.3, 300,18.7,24.4, 0.0,  0, 0.0000,     0,20.5,22.3,21.9, 25,    31,    45, 0.8016, 0.9461
M5,27/07/23,17:30:44,    18,  3334,   465,  997.3, 300,18.7,24.4, 0.0,  0, 0.0000,     0,20.5,22.3,21.9, 25,    32,    46, 0.7992, 0.9342
M5,27/07/23,17:30:45,    18,  3335,   466,  997.3, 300,18.8,24.4, 0.0,  0, 0.0000,     0,20.5,22.3,21.9, 25,    32,    47, 0.7988, 0.9238
M5,27/07/23,17:30:46,    18,  3336,   467,  997.2, 300,18.8,24.4, 0.0,  0, 0.0000,     0,20.5,22.3,21.9, 25,    33,    48, 0.7964, 0.9147
M5,27/07/23,17:30:47,    18,  3337,   468,  997.2, 300,18.9,24.4, 0.0,  0, 0.0000,     0,20.5,22.3,21.9, 25,    34,    49, 0.7969, 0.9043
M5,27/07/23,17:30:48,    18,  3338,   468,  997.2, 300,18.9,24.4, 0.0,  0, 0.0000,     0,20.5,22.3,21.9, 25,    34,    50, 0.7966, 0.8903
M5,27/07/23,17:30:49,    18,  3339,   469,  997.2, 300,19.0,24.4, 0.0,  0, 0.0000,     0,20.5,22.3,21.9, 25,    35,    51, 0.7989, 0.8769
M5,27/07/23,17:30:50,    18,  3340,   470,  997.2, 300,19.0,24.4, 0.0,  0, 0.0000,     0,20.5,22.3,21.9, 25,    36,    52, 0.7982, 0.8677
M5,27/07/23,17:30:51,    18,  3341,   470,  997.2, 300,19.0,24.4, 0.0,  0, 0.0000,     0,20.5,22.3,21.9, 25,    36,    53, 0.7964, 0.8636
M5,27/07/23,17:30:52,    18,  3342,   470,  997.3, 300,19.1,24.4, 0.0,  0, 0.0000,     0,20.5,22.3,21.9, 25,    37,    54, 0.7955, 0.8624
M5,27/07/23,17:30:53,    18,  3343,   471,  997.3, 300,19.1,24.4, 0.0,  0, 0.0000,     0,20.5,22.3,21.9, 25,    37,    55, 0.7931, 0.8611
M5,27/07/23,17:30:54,    18,  3344,   472,  997.3, 300,19.2,24.4, 0.0,  0, 0.0000,     0,20.5,22.3,21.9, 25,    38,    56, 0.7923, 0.8599
M5,27/07/23,17:30:55,    18,  3345,   472,  997.3, 300,19.2,24.4, 0.0,  0, 0.0000,     0,20.5,22.3,21.9, 25,    38,    57, 0.7906, 0.8567
M5,27/07/23,17:30:56,    18,  3346,   473,  997.3, 300,19.3,24.4, 0.0,  0, 0.0000,     0,20.5,22.3,21.9, 25,    39,    58, 0.7897, 0.8557
M5,27/07/23,17:30:57,    18,  3347,   474,  997.3, 300,19.3,24.4, 0.0,  0, 0.0000,     0,20.5,22.3,21.9, 25,    40,    59, 0.7881, 0.8528
M5,27/07/23,17:30:58,    18,  3348,   474,  997.3, 300,19.3,24.4, 0.0,  0, 0.0000,     0,20.5,22.3,21.9, 25,    40,    60, 0.7867, 0.8494
R5,27/07/23,17:30:58,    18,  3348,   474,  997.3, 300,19.3,24.4, 0.0,  0, 0.0000,     0,20.5,22.3,21.9, 25,    40,    60, 0.7867, 0.8494
End
Start
M5,27/07/23,17:31:44,    18,  3394,   433,  997.3, 300,15.7,24.4, 0.0,  0, 0.0000,     0,20.5,22.1,22.0, 20,     2,     1, 0.0000, 0.0000
M5,27/07/23,17:31:45,    18,  3395,   435,  997.3, 300,15.6,24.4, 0.0,  0, 0.0000,     0,20.5,22.1,22.0, 20,     4,     2, 0.0000, 0.0000
M5,27/07/23,17:31:46,    18,  3396,   436,  997.3, 300,15.6,24.4, 0.0,  0, 0.0000,     0,20.5,22.1,22.0, 20,     5,     3, 0.0000, 0.0000
M5,27/07/23,17:31:47,    18,  3397,   437,  997.3, 300,15.7,24.4, 0.0,  0, 0.0000,     0,20.5,22.1,22.0, 20,     6,     4, 0.0000, 0.0000
M5,27/07/23,17:31:48,    18,  3398,   438,  997.3, 300,15.7,24.4, 0.0,  0, 0.0000,     0,20.5,22.2,22.0, 20,     7,     5, 0.0000, 0.0000
M5,27/07/23,17:31:49,    18,  3399,   439,  997.3, 300,15.9,24.4, 0.0,  0, 0.0000,     0,20.5,22.2,22.0, 20,     7,     6, 0.0000, 0.0000
M5,27/07/23,17:31:50,    18,  3400,   440,  997.3, 300,15.9,24.4, 0.0,  0, 0.0000,     0,20.5,22.2,22.0, 20,     8,     7, 0.0000, 0.0000
M5,27/07/23,17:31:51,    18,  3401,   440,  997.3, 300,15.9,24.4, 0.0,  0, 0.0000,     0,20.5,22.2,22.0, 20,     9,     8, 0.0000, 0.0000
M5,27/07/23,17:31:52,    18,  3402,   441,  997.3, 300,16.1,24.4, 0.0,  0, 0.0000,     0,20.5,22.2,22.0, 20,     9,     9, 0.0000, 0.0000
M5,27/07/23,17:31:53,    18,  3403,   441,  997.3, 300,16.1,24.4, 0.0,  0, 0.0000,     0,20.5,22.3,22.0, 25,    10,    10, 0.0000, 0.0000
M5,27/07/23,17:31:54,    18,  3404,   442,  997.3, 300,16.2,24.4, 0.0,  0, 0.0000,     0,20.5,22.3,22.0, 25,    10,    11, 0.0000, 0.0000
M5,27/07/23,17:31:55,    18,  3405,   442,  997.3, 300,16.2,24.4, 0.0,  0, 0.0000,     0,20.5,22.3,22.0, 25,    11,    12, 0.0000, 0.0000
M5,27/07/23,17:31:56,    18,  3406,   443,  997.3, 300,16.5,24.4, 0.0,  0, 0.0000,     0,20.5,22.3,22.0, 25,    12,    13, 0.8782, 1.0246
M5,27/07/23,17:31:57,    18,  3407,   444,  997.3, 300,16.5,24.4, 0.0,  0, 0.0000,     0,20.5,22.3,22.0, 25,    12,    14, 0.8413, 0.9524
M5,27/07/23,17:31:58,    18,  3408,   444,  997.3, 300,16.7,24.4, 0.0,  0, 0.0000,     0,20.5,22.3,22.0, 25,    13,    15, 0.7938, 1.0387
M5,27/07/23,17:31:59,    18,  3409,   444,  997.3, 300,16.7,24.4, 0.0,  0, 0.0000,     0,20.5,22.3,22.0, 25,    13,    16, 0.7461, 0.9985
M5,27/07/23,17:32:00,    18,  3410,   445,  997.3, 300,16.7,24.4, 0.0,  0, 0.0000,     0,20.5,22.3,22.0, 25,    14,    17, 0.7148, 0.9436
M5,27/07/23,17:32:01,    18,  3411,   446,  997.3, 300,16.9,24.4, 0.0,  0, 0.0000,     0,20.5,22.4,22.0, 25,    15,    18, 0.7343, 0.8385
M5,27/07/23,17:32:02,    18,  3412,   446,  997.3, 300,16.9,24.4, 0.0,  0, 0.0000,     0,20.5,22.4,22.0, 25,    15,    19, 0.7396, 0.7646
M5,27/07/23,17:32:03,    18,  3413,   447,  997.3, 300,17.1,24.4, 0.0,  0, 0.0000,     0,20.5,22.4,22.0, 25,    16,    20, 0.7574, 0.7323
M5,27/07/23,17:32:04,    18,  3414,   448,  997.3, 300,17.1,24.4, 0.0,  0, 0.0000,     0,20.5,22.4,22.0, 25,    17,    21, 0.7620, 0.7057
M5,27/07/23,17:32:05,    18,  3415,   449,  997.3, 300,17.3,24.4, 0.0,  0, 0.0000,     0,20.5,22.4,22.0, 25,    17,    22, 0.7820, 0.6803
M5,27/07/23,17:32:06,    18,  3416,   449,  997.3, 300,17.3,24.4, 0.0,  0, 0.0000,     0,20.5,22.4,22.0, 25,    18,    23, 0.7834, 0.6840
M5,27/07/23,17:32:07,    18,  3417,   450,  997.3, 300,17.3,24.4, 0.0,  0, 0.0000,     0,20.5,22.4,22.0, 25,    18,    24, 0.7801, 0.7029
M5,27/07/23,17:32:08,    18,  3418,   450,  997.3, 300,17.5,24.4, 0.0,  0, 0.0000,     0,20.5,22.4,22.0, 25,    19,    25, 0.7810, 0.7328
M5,27/07/23,17:32:09,    18,  3419,   451,  997.3, 300,17.5,24.4, 0.0,  0, 0.0000,     0,20.5,22.4,22.0, 25,    19,    26, 0.7732, 0.7543
M5,27/07/23,17:32:10,    18,  3420,   450,  997.3, 300,17.7,24.4, 0.0,  0, 0.0000,     0,20.5,22.4,22.0, 25,    19,    27, 0.7583, 0.8214
M5,27/07/23,17:32:11,    18,  3421,   451,  997.3, 300,17.7,24.4, 0.0,  0, 0.0000,     0,20.5,22.4,22.0, 25,    20,    28, 0.7437, 0.8450
M5,27/07/23,17:32:12,    18,  3422,   452,  997.3, 300,17.9,24.4, 0.0,  0, 0.0000,     0,20.5,22.4,22.0, 25,    21,    29, 0.7388, 0.8523
M5,27/07/23,17:32:13,    18,  3423,   452,  997.3, 300,17.9,24.4, 0.0,  0, 0.0000,     0,20.5,22.4,22.0, 25,    21,    30, 0.7324, 0.8428
M5,27/07/23,17:32:14,    18,  3424,   453,  997.3, 300,17.9,24.4, 0.0,  0, 0.0000,     0,20.5,22.5,22.0, 25,    22,    31, 0.7284, 0.8272
M5,27/07/23,17:32:15,    18,  3425,   454,  997.3, 300,18.1,24.4, 0.0,  0, 0.0000,     0,20.5,22.5,22.0, 25,    22,    32, 0.7285, 0.8206
M5,27/07/23,17:32:16,    18,  3426,   454,  997.3, 300,18.1,24.4, 0.0,  0, 0.0000,     0,20.5,22.5,22.0, 25,    23,    33, 0.7279, 0.7990
M5,27/07/23,17:32:17,    18,  3427,   455,  997.3, 300,18.2,24.4, 0.0,  0, 0.0000,     0,20.5,22.5,22.0, 25,    24,    34, 0.7335, 0.7758
M5,27/07/23,17:32:18,    18,  3428,   456,  997.3, 300,18.2,24.4, 0.0,  0, 0.0000,     0,20.5,22.5,22.0, 25,    25,    35, 0.7375, 0.7475
M5,27/07/23,17:32:19,    18,  3429,   457,  997.3, 300,18.4,24.4, 0.0,  0, 0.0000,     0,20.5,22.5,22.0, 25,    26,    36, 0.7431, 0.7341
M5,27/07/23,17:32:20,    18,  3430,   457,  997.3, 300,18.4,24.4, 0.0,  0, 0.0000,     0,20.5,22.5,22.0, 25,    26,    37, 0.7438, 0.7250
M5,27/07/23,17:32:21,    18,  3431,   458,  997.3, 300,18.5,24.4, 0.0,  0, 0.0000,     0,20.5,22.5,22.0, 25,    27,    38, 0.7462, 0.7241
M5,27/07/23,17:32:22,    18,  3432,   458,  997.3, 300,18.5,24.4, 0.0,  0, 0.0000,     0,20.5,22.5,22.0, 25,    27,    39, 0.7437, 0.7284
M5,27/07/23,17:32:23,    18,  3433,   458,  997.3, 300,18.5,24.4, 0.0,  0, 0.0000,     0,20.5,22.5,22.0, 25,    27,    40, 0.7384, 0.7419
M5,27/07/23,17:32:24,    18,  3434,   458,  997.3, 300,18.7,24.4, 0.0,  0, 0.0000,     0,20.5,22.5,22.0, 25,    27,    41, 0.7334, 0.7634
M5,27/07/23,17:32:25,    18,  3435,   459,  997.3, 300,18.7,24.4, 0.0,  0, 0.0000,     0,20.5,22.5,22.0, 25,    28,    42, 0.7256, 0.7814
M5,27/07/23,17:32:26,    18,  3436,   459,  997.3, 300,18.8,24.4, 0.0,  0, 0.0000,     0,20.5,22.5,22.0, 25,    28,    43, 0.7208, 0.7967
M5,27/07/23,17:32:27,    18,  3437,   460,  997.3, 300,18.8,24.4, 0.0,  0, 0.0000,     0,20.5,22.5,22.0, 25,    29,    44, 0.7143, 0.8058
M5,27/07/23,17:32:28,    18,  3438,   460,  997.2, 300,18.9,24.4, 0.0,  0, 0.0000,     0,20.5,22.5,22.0, 25,    29,    45, 0.7102, 0.8134
M5,27/07/23,17:32:29,    18,  3439,   461,  997.2, 300,18.9,24.4, 0.0,  0, 0.0000,     0,20.5,22.5,22.0, 25,    30,    46, 0.7048, 0.8167
M5,27/07/23,17:32:30,    18,  3440,   461,  997.2, 300,18.9,24.4, 0.0,  0, 0.0000,     0,20.5,22.5,22.0, 25,    30,    47, 0.6992, 0.8203
M5,27/07/23,17:32:31,    18,  3441,   462,  997.2, 300,19.0,24.4, 0.0,  0, 0.0000,     0,20.5,22.5,21.7, 25,    30,    48, 0.6960, 0.8236
M5,27/07/23,17:32:32,    18,  3442,   462,  997.2, 300,19.0,24.4, 0.0,  0, 0.0000,     0,20.5,22.5,21.7, 25,    31,    49, 0.6920, 0.8208
M5,27/07/23,17:32:33,    18,  3443,   463,  997.2, 300,19.1,24.4, 0.0,  0, 0.0000,     0,20.5,22.5,21.7, 25,    32,    50, 0.6905, 0.8163
M5,27/07/23,17:32:34,    18,  3444,   464,  997.2, 300,19.1,24.4, 0.0,  0, 0.0000,     0,20.5,22.5,21.7, 25,    32,    51, 0.6877, 0.8106
M5,27/07/23,17:32:35,    18,  3445,   464,  997.2, 300,19.2,24.4, 0.0,  0, 0.0000,     0,20.5,22.5,21.7, 25,    33,    52, 0.6869, 0.8039
M5,27/07/23,17:32:36,    18,  3446,   465,  997.2, 300,19.2,24.4, 0.0,  0, 0.0000,     0,20.5,22.5,21.7, 25,    34,    53, 0.6855, 0.7946
M5,27/07/23,17:32:37,    18,  3447,   465,  997.2, 300,19.2,24.4, 0.0,  0, 0.0000,     0,20.5,22.5,21.7, 25,    34,    54, 0.6840, 0.7864
M5,27/07/23,17:32:38,    18,  3448,   466,  997.2, 300,19.3,24.4, 0.0,  0, 0.0000,     0,20.5,22.5,21.7, 25,    35,    55, 0.6832, 0.7824
M5,27/07/23,17:32:39,    18,  3449,   466,  997.2, 300,19.3,24.4, 0.0,  0, 0.0000,     0,20.5,22.5,21.7, 25,    35,    56, 0.6812, 0.7775
M5,27/07/23,17:32:40,    18,  3450,   467,  997.2, 300,19.4,24.4, 0.0,  0, 0.0000,     0,20.5,22.5,21.7, 25,    36,    57, 0.6804, 0.7741
M5,27/07/23,17:32:41,    18,  3451,   467,  997.2, 300,19.4,24.4, 0.0,  0, 0.0000,     0,20.5,22.5,21.7, 25,    36,    58, 0.6781, 0.7717
M5,27/07/23,17:32:42,    18,  3452,   467,  997.2, 300,19.5,24.4, 0.0,  0, 0.0000,     0,20.5,22.5,21.7, 25,    36,    59, 0.6765, 0.7719
M5,27/07/23,17:32:43,    18,  3453,   468,  997.2, 300,19.5,24.4, 0.0,  0, 0.0000,     0,20.5,22.5,21.7, 25,    37,    60, 0.6739, 0.7706
R5,27/07/23,17:32:43,    18,  3453,   468,  997.2, 300,19.5,24.4, 0.0,  0, 0.0000,     0,20.5,22.5,21.7, 25,    37,    60, 0.6739, 0.7706
End
Start
M5,27/07/23,17:33:26,    18,  3496,   444,  997.2, 300,15.3,24.4, 0.0,  0, 0.0000,     0,20.5,21.8,21.7, 20,     1,     1, 0.0000, 0.0000
M5,27/07/23,17:33:28,    18,  3497,   445,  997.2, 300,15.3,24.4, 0.0,  0, 0.0000,     0,20.5,21.8,21.7, 20,     1,     2, 0.0000, 0.0000
M5,27/07/23,17:33:29,    18,  3498,   445,  997.2, 300,15.4,24.4, 0.0,  0, 0.0000,     0,20.5,21.8,21.7, 20,     2,     3, 0.0000, 0.0000
M5,27/07/23,17:33:30,    18,  3499,   446,  997.2, 300,15.4,24.4, 0.0,  0, 0.0000,     0,20.5,21.8,21.7, 20,     3,     4, 0.0000, 0.0000
M5,27/07/23,17:33:31,    18,  3500,   447,  997.2, 300,15.5,24.4, 0.0,  0, 0.0000,     0,20.5,21.8,22.0, 20,     4,     5, 0.0000, 0.0000
M5,27/07/23,17:33:32,    18,  3501,   447,  997.2, 300,15.5,24.4, 0.0,  0, 0.0000,     0,20.5,21.9,22.0, 20,     4,     6, 0.0000, 0.0000
M5,27/07/23,17:33:33,    18,  3502,   448,  997.2, 300,15.5,24.4, 0.0,  0, 0.0000,     0,20.5,21.9,22.0, 20,     5,     7, 0.0000, 0.0000
M5,27/07/23,17:33:34,    18,  3503,   449,  997.2, 300,15.7,24.4, 0.0,  0, 0.0000,     0,20.5,21.9,22.0, 20,     6,     8, 0.0000, 0.0000
M5,27/07/23,17:33:35,    18,  3504,   449,  997.2, 300,15.7,24.4, 0.0,  0, 0.0000,     0,20.5,21.9,22.0, 20,     6,     9, 0.0000, 0.0000
M5,27/07/23,17:33:36,    18,  3505,   450,  997.2, 300,15.9,24.4, 0.0,  0, 0.0000,     0,20.5,21.9,22.0, 25,     7,    10, 0.0000, 0.0000
M5,27/07/23,17:33:37,    18,  3506,   451,  997.2, 300,15.9,24.4, 0.0,  0, 0.0000,     0,20.5,21.9,22.0, 25,     7,    11, 0.0000, 0.0000
M5,27/07/23,17:33:38,    18,  3507,   451,  997.2, 300,16.1,24.4, 0.0,  0, 0.0000,     0,20.5,21.9,22.0, 25,     8,    12, 0.0000, 0.0000
M5,27/07/23,17:33:39,    18,  3508,   452,  997.2, 300,16.1,24.4, 0.0,  0, 0.0000,     0,20.5,22.0,22.0, 25,     9,    13, 0.7994, 0.7996
M5,27/07/23,17:33:40,    18,  3509,   452,  997.2, 300,16.1,24.4, 0.0,  0, 0.0000,     0,20.5,22.0,22.0, 25,     9,    14, 0.7511, 0.8577
M5,27/07/23,17:33:41,    18,  3510,   453,  997.2, 300,16.3,24.4, 0.0,  0, 0.0000,     0,20.5,22.0,22.0, 25,    10,    15, 0.7399, 0.8769
M5,27/07/23,17:33:42,    18,  3511,   454,  997.2, 300,16.3,24.4, 0.0,  0, 0.0000,     0,20.5,22.0,22.0, 25,    10,    16, 0.7330, 0.8015
M5,27/07/23,17:33:43,    18,  3512,   454,  997.2, 300,16.6,24.4, 0.0,  0, 0.0000,     0,20.5,22.0,22.0, 25,    11,    17, 0.7546, 0.7620
M5,27/07/23,17:33:44,    18,  3513,   455,  997.2, 300,16.6,24.4, 0.0,  0, 0.0000,     0,20.5,22.0,22.0, 25,    12,    18, 0.7454, 0.7590
M5,27/07/23,17:33:45,    18,  3514,   455,  997.2, 300,16.8,24.4, 0.0,  0, 0.0000,     0,20.5,22.0,22.0, 25,    12,    19, 0.7482, 0.7823
M5,27/07/23,17:33:46,    18,  3515,   456,  997.2, 300,16.8,24.4, 0.0,  0, 0.0000,     0,20.5,22.0,22.0, 25,    12,    20, 0.7256, 0.8141
M5,27/07/23,17:33:47,    18,  3516,   456,  997.2, 299,16.8,24.4, 0.0,  0, 0.0000,     0,20.3,22.0,22.0, 25,    13,    21, 0.7083, 0.8209
M5,27/07/23,17:33:48,    18,  3517,   457,  997.2, 298,17.0,24.4, 0.0,  0, 0.0000,     0,20.3,22.1,22.0, 25,    14,    22, 0.7114, 0.8061
M5,27/07/23,17:33:49,    18,  3518,   458,  997.2, 299,17.0,24.4, 0.0,  0, 0.0000,     0,20.3,22.1,22.0, 25,    14,    23, 0.7151, 0.7543
M5,27/07/23,17:33:50,    18,  3519,   458,  997.2, 300,17.3,24.4, 0.0,  0, 0.0000,     0,20.3,22.1,22.0, 25,    15,    24, 0.7344, 0.7082
M5,27/07/23,17:33:51,    18,  3520,   459,  997.2, 300,17.3,24.4, 0.0,  0, 0.0000,     0,20.3,22.1,22.0, 25,    15,    25, 0.7259, 0.7258
M5,27/07/23,17:33:52,    18,  3521,   459,  997.2, 300,17.5,24.5, 0.0,  0, 0.0000,     0,20.3,22.1,22.0, 25,    16,    26, 0.7297, 0.7331
M5,27/07/23,17:33:53,    18,  3522,   460,  997.2, 300,17.5,24.5, 0.0,  0, 0.0000,     0,20.3,22.1,22.0, 25,    17,    27, 0.7280, 0.7241
M5,27/07/23,17:33:54,    18,  3523,   460,  997.2, 300,17.7,24.4, 0.0,  0, 0.0000,     0,20.3,22.1,22.0, 25,    17,    28, 0.7302, 0.7281
M5,27/07/23,17:33:55,    18,  3524,   461,  997.2, 300,17.7,24.4, 0.0,  0, 0.0000,     0,20.3,22.1,22.0, 25,    18,    29, 0.7290, 0.7204
M5,27/07/23,17:33:56,    18,  3525,   462,  997.2, 300,17.7,24.4, 0.0,  0, 0.0000,     0,20.3,22.1,22.0, 25,    18,    30, 0.7266, 0.7187
M5,27/07/23,17:33:57,    18,  3526,   462,  997.2, 300,17.8,24.4, 0.0,  0, 0.0000,     0,20.3,22.1,22.0, 25,    19,    31, 0.7262, 0.7335
M5,27/07/23,17:33:58,    18,  3527,   462,  997.2, 300,17.8,24.4, 0.0,  0, 0.0000,     0,20.3,22.1,21.9, 25,    19,    32, 0.7207, 0.7408
M5,27/07/23,17:33:59,    18,  3528,   463,  997.2, 300,18.0,24.4, 0.0,  0, 0.0000,     0,20.3,22.1,21.9, 25,    20,    33, 0.7194, 0.7503
M5,27/07/23,17:34:00,    18,  3529,   463,  997.2, 300,18.0,24.4, 0.0,  0, 0.0000,     0,20.3,22.1,21.9, 25,    20,    34, 0.7142, 0.7541
M5,27/07/23,17:34:01,    18,  3530,   464,  997.2, 300,18.2,24.4, 0.0,  0, 0.0000,     0,20.3,22.1,21.9, 25,    21,    35, 0.7109, 0.7660
M5,27/07/23,17:34:02,    18,  3531,   464,  997.2, 300,18.2,24.4, 0.0,  0, 0.0000,     0,20.3,22.1,21.9, 25,    21,    36, 0.7033, 0.7764
M5,27/07/23,17:34:03,    18,  3532,   464,  997.2, 300,18.2,24.4, 0.0,  0, 0.0000,     0,20.3,22.1,22.0, 25,    21,    37, 0.6950, 0.7875
M5,27/07/23,17:34:04,    18,  3533,   465,  997.2, 300,18.3,24.4, 0.0,  0, 0.0000,     0,20.3,22.1,22.0, 25,    22,    38, 0.6909, 0.7963
M5,27/07/23,17:34:05,    18,  3534,   466,  997.2, 300,18.3,24.4, 0.0,  0, 0.0000,     0,20.3,22.1,22.0, 25,    22,    39, 0.6858, 0.7937
M5,27/07/23,17:34:06,    18,  3535,   466,  997.2, 300,18.4,24.4, 0.0,  0, 0.0000,     0,20.3,22.1,22.0, 25,    23,    40, 0.6849, 0.7880
M5,27/07/23,17:34:07,    18,  3536,   467,  997.2, 300,18.4,24.4, 0.0,  0, 0.0000,     0,20.3,22.1,22.0, 25,    24,    41, 0.6817, 0.7803
M5,27/07/23,17:34:08,    18,  3537,   468,  997.2, 300,18.6,24.4, 0.0,  0, 0.0000,     0,20.3,22.1,22.0, 25,    24,    42, 0.6823, 0.7719
M5,27/07/23,17:34:09,    18,  3538,   468,  997.2, 300,18.6,24.4, 0.0,  0, 0.0000,     0,20.3,22.1,22.0, 25,    25,    43, 0.6803, 0.7626
M5,27/07/23,17:34:10,    18,  3539,   469,  997.2, 300,18.6,24.4, 0.0,  0, 0.0000,     0,20.3,22.1,22.0, 25,    26,    44, 0.6793, 0.7511
M5,27/07/23,17:34:11,    18,  3540,   469,  997.2, 300,18.7,24.4, 0.0,  0, 0.0000,     0,20.3,22.1,22.0, 25,    25,    45, 0.6762, 0.7571
M5,27/07/23,17:34:12,    18,  3541,   469,  997.2, 300,18.7,24.4, 0.0,  0, 0.0000,     0,20.3,22.1,22.0, 25,    26,    46, 0.6701, 0.7651
M5,27/07/23,17:34:13,    18,  3542,   469,  997.2, 300,18.8,24.4, 0.0,  0, 0.0000,     0,20.3,22.2,22.0, 25,    26,    47, 0.6666, 0.7717
M5,27/07/23,17:34:14,    18,  3543,   470,  997.2, 300,18.8,24.4, 0.0,  0, 0.0000,     0,20.3,22.2,22.0, 25,    27,    48, 0.6618, 0.7737
M5,27/07/23,17:34:15,    18,  3544,   470,  997.2, 300,18.9,24.4, 0.0,  0, 0.0000,     0,20.3,22.2,22.0, 25,    27,    49, 0.6590, 0.7751
M5,27/07/23,17:34:16,    18,  3545,   471,  997.2, 300,18.9,24.4, 0.0,  0, 0.0000,     0,20.3,22.2,22.0, 25,    28,    50, 0.6558, 0.7708
M5,27/07/23,17:34:17,    18,  3546,   472,  997.2, 300,19.0,24.4, 0.0,  0, 0.0000,     0,20.3,22.2,22.0, 25,    28,    51, 0.6551, 0.7650
M5,27/07/23,17:34:18,    18,  3547,   472,  997.2, 300,19.0,24.4, 0.0,  0, 0.0000,     0,20.3,22.2,22.0, 25,    29,    52, 0.6537, 0.7556
M5,27/07/23,17:34:19,    18,  3548,   473,  997.2, 300,19.0,24.4, 0.0,  0, 0.0000,     0,20.3,22.2,21.9, 25,    30,    53, 0.6524, 0.7471
M5,27/07/23,17:34:20,    18,  3549,   473,  997.2, 300,19.1,24.4, 0.0,  0, 0.0000,     0,20.3,22.2,21.9, 25,    30,    54, 0.6525, 0.7407
M5,27/07/23,17:34:21,    18,  3550,   474,  997.2, 300,19.1,24.4, 0.0,  0, 0.0000,     0,20.3,22.2,21.9, 25,    31,    55, 0.6513, 0.7335
M5,27/07/23,17:34:22,    18,  3551,   474,  997.2, 300,19.2,24.4, 0.0,  0, 0.0000,     0,20.3,22.2,21.9, 25,    31,    56, 0.6515, 0.7282
M5,27/07/23,17:34:23,    18,  3552,   475,  997.2, 300,19.2,24.4, 0.0,  0, 0.0000,     0,20.3,22.2,21.9, 25,    32,    57, 0.6504, 0.7221
M5,27/07/23,17:34:24,    18,  3553,   475,  997.2, 300,19.3,24.4, 0.0,  0, 0.0000,     0,20.3,22.2,21.9, 25,    32,    58, 0.6504, 0.7173
M5,27/07/23,17:34:25,    18,  3554,   476,  997.2, 300,19.3,24.4, 0.0,  0, 0.0000,     0,20.3,22.2,21.9, 25,    33,    59, 0.6494, 0.7120
M5,27/07/23,17:34:26,    18,  3555,   477,  997.2, 300,19.3,24.4, 0.0,  0, 0.0000,     0,20.3,22.2,21.9, 25,    33,    60, 0.6490, 0.7054
R5,27/07/23,17:34:26,    18,  3555,   477,  997.2, 300,19.3,24.4, 0.0,  0, 0.0000,     0,20.3,22.2,21.9, 25,    33,    60, 0.6490, 0.7054
End
