Tag(M3),Date,Time,Plot_No,Rec_No,CO2,Pressure,Flow,H2O,Tsen,O2,Error,Aux_V,PAR,Tsoil,Tair,Msoil
Start
M5,05/07/23,14:51:00,     4,  3700,   437,  987.5, 300,20.3,23.0, 0.0,  0, 0.0000,     0,18.8,20.1,30.6, 20,     2,     1, 0.0000, 0.0000
M5,05/07/23,14:51:01,     4,  3701,   438,  987.5, 300,20.3,23.0, 0.0,  0, 0.0000,     0,18.8,20.1,30.6, 20,     3,     2, 0.0000, 0.0000
M5,05/07/23,14:51:02,     4,  3702,   439,  987.5, 300,20.3,23.0, 0.0,  0, 0.0000,     0,18.8,20.1,30.6, 20,     4,     3, 0.0000, 0.0000
M5,05/07/23,14:51:03,     4,  3703,   440,  987.5, 300,20.3,23.0, 0.0,  0, 0.0000,     0,18.8,20.1,30.6, 20,     5,     4, 0.0000, 0.0000
M5,05/07/23,14:51:04,     4,  3704,   441,  987.5, 300,20.3,23.0, 0.0,  0, 0.0000,     0,18.8,20.1,30.6, 20,     6,     5, 0.0000, 0.0000
M5,05/07/23,14:51:05,     4,  3705,   442,  987.5, 300,20.3,23.0, 0.0,  0, 0.0000,     0,18.8,20.1,30.6, 20,     7,     6, 0.0000, 0.0000
M5,05/07/23,14:51:06,     4,  3706,   442,  987.5, 300,20.3,23.0, 0.0,  0, 0.0000,     0,18.8,20.2,30.6, 20,     7,     7, 0.0000, 0.0000
M5,05/07/23,14:51:07,     4,  3707,   443,  987.5, 300,20.3,23.0, 0.0,  0, 0.0000,     0,18.8,20.2,30.6, 20,     8,     8, 0.0000, 0.0000
M5,05/07/23,14:51:08,     4,  3708,   444,  987.5, 300,20.3,23.0, 0.0,  0, 0.0000,     0,18.8,20.2,30.6, 20,     8,     9, 0.0000, 0.0000
M5,05/07/23,14:51:09,     4,  3709,   444,  987.5, 300,20.3,23.0, 0.0,  0, 0.0000,     0,18.8,20.2,30.6, 25,     9,    10, 0.0000, 0.0000
M5,05/07/23,14:51:10,     4,  3710,   445,  987.5, 300,20.3,23.0, 0.0,  0, 0.0000,     0,18.8,20.2,30.6, 25,     9,    11, 0.0000, 0.0000
M5,05/07/23,14:51:11,     4,  3711,   445,  987.5, 300,20.3,23.0, 0.0,  0, 0.0000,     0,18.8,20.2,30.6, 25,    10,    12, 0.0000, 0.0000
M5,05/07/23,14:51:12,     4,  3712,   445,  987.5, 300,20.2,23.0, 0.0,  0, 0.0000,     0,18.8,20.2,30.6, 25,    10,    13, 0.3863, 0.5317
M5,05/07/23,14:51:13,     4,  3713,   446,  987.5, 300,20.2,23.0, 0.0,  0, 0.0000,     0,18.8,20.2,30.6, 25,    11,    14, 0.4299, 0.3628
M5,05/07/23,14:51:14,     4,  3714,   447,  987.5, 300,20.2,23.0, 0.0, 21, 0.0000,     0,18.8,20.2,30.6, 25,    11,    15, 0.5279, 0.1887
M5,05/07/23,14:51:15,     4,  3715,   447,  987.5, 300,20.2,23.0, 0.0, 21, 0.0000,     0,18.8,20.2,30.6, 25,    12,    16, 0.5956, 0.1907
M5,05/07/23,14:51:16,     4,  3716,   448,  987.5, 300,20.2,23.0, 0.0, 21, 0.0000,     0,18.8,20.2,30.6, 25,    13,    17, 0.6243, 0.2829
M5,05/07/23,14:51:17,     4,  3717,   448,  987.5, 300,20.2,23.0, 0.0, 21, 0.0000,     0,18.8,20.2,30.6, 25,    13,    18, 0.6393, 0.3736
M5,05/07/23,14:51:18,     4,  3718,   449,  987.5, 300,20.2,23.0, 0.0, 21, 0.0000,     0,18.8,20.2,30.6, 25,    14,    19, 0.6573, 0.4167
M5,05/07/23,14:51:19,     4,  3719,   449,  987.5, 300,20.2,23.0, 0.0, 21, 0.0000,     0,18.8,20.2,30.6, 25,    14,    20, 0.6655, 0.4705
M5,05/07/23,14:51:20,     4,  3720,   450,  987.5, 300,20.2,23.0, 0.0,  0, 0.0000,     0,18.8,20.2,30.6, 25,    15,    21, 0.6698, 0.5160
M5,05/07/23,14:51:21,     4,  3721,   451,  987.5, 300,20.2,23.0, 0.0,  0, 0.0000,     0,18.8,20.3,30.6, 25,    15,    22, 0.6778, 0.5352
M5,05/07/23,14:51:22,     4,  3722,   451,  987.5, 300,20.2,23.0, 0.0,  0, 0.0000,     0,18.8,20.3,30.6, 25,    16,    23, 0.6812, 0.5618
M5,05/07/23,14:51:23,     4,  3723,   452,  987.5, 300,20.2,23.0, 0.0,  0, 0.0000,     0,18.8,20.3,30.6, 25,    16,    24, 0.6816, 0.5882
M5,05/07/23,14:51:24,     4,  3724,   452,  987.5, 300,20.2,23.0, 0.0,  0, 0.0000,     0,18.8,20.3,30.6, 25,    17,    25, 0.6763, 0.6268
M5,05/07/23,14:51:25,     4,  3725,   453,  987.5, 300,20.2,23.0, 0.0,  0, 0.0000,     0,18.8,20.3,30.6, 25,    18,    26, 0.6757, 0.6398
M5,05/07/23,14:51:26,     4,  3726,   453,  987.4, 300,20.2,23.0, 0.0,  0, 0.0000,     0,18.8,20.3,30.6, 25,    18,    27, 0.6775, 0.6384
M5,05/07/23,14:51:27,     4,  3727,   454,  987.4, 300,20.2,23.0, 0.0,  0, 0.0000,     0,18.8,20.3,30.6, 25,    19,    28, 0.6819, 0.6323
M5,05/07/23,14:51:28,     4,  3728,   455,  987.4, 300,20.2,23.0, 0.0,  0, 0.0000,     0,18.8,20.3,30.6, 25,    20,    29, 0.6869, 0.6240
M5,05/07/23,14:51:29,     4,  3729,   456,  987.4, 300,20.2,23.0, 0.0,  0, 0.0000,     0,18.8,20.3,30.6, 25,    20,    30, 0.6928, 0.6160
M5,05/07/23,14:51:30,     4,  3730,   456,  987.4, 300,20.2,23.0, 0.0,  0, 0.0000,     0,18.8,20.3,30.6, 25,    21,    31, 0.6961, 0.6170
M5,05/07/23,14:51:31,     4,  3731,   456,  987.4, 300,20.2,23.0, 0.0,  0, 0.0000,     0,18.8,20.3,30.6, 25,    21,    32, 0.6958, 0.6313
M5,05/07/23,14:51:32,     4,  3732,   457,  987.4, 300,20.2,23.0, 0.0,  0, 0.0000,     0,18.8,20.3,30.6, 25,    21,    33, 0.6926, 0.6518
M5,05/07/23,14:51:33,     4,  3733,   457,  987.4, 300,20.2,23.0, 0.0,  0, 0.0000,     0,18.8,20.3,30.6, 25,    22,    34, 0.6916, 0.6619
M5,05/07/23,14:51:34,     4,  3734,   458,  987.5, 300,20.2,23.0, 0.0,  0, 0.0000,     0,18.8,20.3,30.6, 25,    23,    35, 0.6919, 0.6655
M5,05/07/23,14:51:35,     4,  3735,   459,  987.5, 300,20.1,23.0, 0.0,  0, 0.0000,     0,18.8,20.3,30.6, 25,    23,    36, 0.6928, 0.6642
M5,05/07/23,14:51:36,     4,  3736,   459,  987.5, 300,20.1,23.0, 0.0,  0, 0.0000,     0,18.8,20.3,30.6, 25,    24,    37, 0.6934, 0.6662
M5,05/07/23,14:51:37,     4,  3737,   460,  987.5, 300,20.2,23.0, 0.0,  0, 0.0000,     0,18.8,20.3,30.6, 25,    25,    38, 0.6956, 0.6655
M5,05/07/23,14:51:38,     4,  3738,   460,  987.5, 300,20.2,23.0, 0.0,  0, 0.0000,     0,18.8,20.3,30.6, 25,    25,    39, 0.6963, 0.6668
M5,05/07/23,14:51:39,     4,  3739,   461,  987.5, 300,20.1,23.0, 0.0,  0, 0.0000,     0,18.8,20.3,30.6, 25,    25,    40, 0.6930, 0.6780
M5,05/07/23,14:51:40,     4,  3740,   461,  987.5, 300,20.1,23.0, 0.0,  0, 0.0000,     0,18.8,20.3,30.6, 25,    26,    41, 0.6897, 0.6918
M5,05/07/23,14:51:41,     4,  3741,   462,  987.5, 300,20.1,23.0, 0.0,  0, 0.0000,     0,18.8,20.3,30.6, 25,    26,    42, 0.6867, 0.7028
M5,05/07/23,14:51:42,     4,  3742,   462,  987.5, 300,20.1,23.0, 0.0,  0, 0.0000,     0,18.8,20.3,30.6, 25,    26,    43, 0.6818, 0.7192
M5,05/07/23,14:51:43,     4,  3743,   462,  987.5, 300,20.1,23.0, 0.0,  0, 0.0000,     0,18.8,20.3,30.6, 25,    27,    44, 0.6764, 0.7348
M5,05/07/23,14:51:44,     4,  3744,   463,  987.5, 300,20.1,23.0, 0.0,  0, 0.0000,     0,18.8,20.3,30.6, 25,    27,    45, 0.6718, 0.7463
M5,05/07/23,14:51:45,     4,  3745,   463,  987.5, 300,20.1,23.0, 0.0,  0, 0.0000,     0,18.8,20.3,30.6, 25,    28,    46, 0.6685, 0.7509
M5,05/07/23,14:51:46,     4,  3746,   464,  987.5, 300,20.1,23.0, 0.0,  0, 0.0000,     0,18.8,20.3,30.6, 25,    29,    47, 0.6660, 0.7503
M5,05/07/23,14:51:47,     4,  3747,   464,  987.5, 300,20.1,23.0, 0.0,  0, 0.0000,     0,18.8,20.3,30.6, 25,    29,    48, 0.6641, 0.7494
M5,05/07/23,14:51:48,     4,  3748,   465,  987.5, 300,20.1,23.0, 0.0,  0, 0.0000,     0,18.8,20.3,30.6, 25,    30,    49, 0.6622, 0.7480
M5,05/07/23,14:51:49,     4,  3749,   466,  987.5, 300,20.1,23.0, 0.0,  0, 0.0000,     0,18.8,20.3,30.6, 25,    30,    50, 0.6612, 0.7435
M5,05/07/23,14:51:50,     4,  3750,   466,  987.5, 300,20.1,23.0, 0.0,  0, 0.0000,     0,18.8,20.3,30.6, 25,    31,    51, 0.6610, 0.7369
M5,05/07/23,14:51:51,     4,  3751,   467,  987.5, 300,20.1,23.0, 0.0,  0, 0.0000,     0,18.8,20.3,30.6, 25,    32,    52, 0.6614, 0.7290
M5,05/07/23,14:51:52,     4,  3752,   467,  987.5, 300,20.1,23.0, 0.0,  0, 0.0000,     0,18.8,20.3,30.6, 25,    32,    53, 0.6610, 0.7247
M5,05/07/23,14:51:53,     4,  3753,   468,  987.5, 300,20.1,23.0, 0.0,  0, 0.0000,     0,18.8,20.3,30.6, 25,    32,    54, 0.6597, 0.7229
M5,05/07/23,14:51:54,     4,  3754,   468,  987.5, 300,20.1,23.0, 0.0,  0, 0.0000,     0,18.8,20.3,30.6, 25,    33,    55, 0.6587, 0.7215
M5,05/07/23,14:51:55,     4,  3755,   469,  987.5, 300,20.1,23.0, 0.0,  0, 0.0000,     0,18.8,20.4,30.6, 25,    33,    56, 0.6571, 0.7219
M5,05/07/23,14:51:56,     4,  3756,   469,  987.5, 300,20.1,23.0, 0.0,  0, 0.0000,     0,18.8,20.4,30.6, 25,    34,    57, 0.6557, 0.7220
M5,05/07/23,14:51:57,     4,  3757,   470,  987.4, 300,20.1,23.0, 0.0,  0, 0.0000,     0,18.8,20.4,30.6, 25,    34,    58, 0.6544, 0.7215
M5,05/07/23,14:51:58,     4,  3758,   470,  987.4, 300,20.1,23.0, 0.0,  0, 0.0000,     0,18.8,20.4,30.6, 25,    35,    59, 0.6533, 0.7208
M5,05/07/23,14:51:59,     4,  3759,   471,  987.4, 300,20.1,23.0, 0.0,  0, 0.0000,     0,18.8,20.4,30.6, 25,    35,    60, 0.6522, 0.7198
R5,05/07/23,14:51:59,     4,  3759,   471,  987.4, 300,20.1,23.0, 0.0,  0, 0.0000,     0,18.8,20.4,30.6, 25,    35,    60, 0.6522, 0.7198
End
Start
M5,05/07/23,14:52:44,     4,  3803,   419,  987.5, 300,20.0,23.0, 0.0,  0, 0.0000,     0,18.6,20.0,30.6, 20,     2,     1, 0.0000, 0.0000
M5,05/07/23,14:52:45,     4,  3804,   420,  987.5, 300,20.0,23.0, 0.0,  0, 0.0000,     0,18.6,20.0,30.6, 20,     2,     2, 0.0000, 0.0000
M5,05/07/23,14:52:46,     4,  3805,   421,  987.5, 300,20.0,23.0, 0.0,  0, 0.0000,     0,18.6,20.0,30.6, 20,     3,     3, 0.0000, 0.0000
M5,05/07/23,14:52:47,     4,  3806,   421,  987.5, 300,20.0,23.0, 0.0,  0, 0.0000,     0,18.6,20.0,30.6, 20,     4,     4, 0.0000, 0.0000
M5,05/07/23,14:52:48,     4,  3807,   422,  987.5, 300,20.0,23.0, 0.0,  0, 0.0000,     0,18.6,20.0,30.6, 20,     5,     5, 0.0000, 0.0000
M5,05/07/23,14:52:49,     4,  3808,   423,  987.5, 300,20.0,23.0, 0.0,  0, 0.0000,     0,18.6,20.0,30.6, 20,     6,     6, 0.0000, 0.0000
M5,05/07/23,14:52:50,     4,  3809,   424,  987.5, 300,20.0,23.0, 0.0,  0, 0.0000,     0,18.6,20.1,30.6, 20,     7,     7, 0.0000, 0.0000
M5,05/07/23,14:52:51,     4,  3810,   425,  987.5, 300,20.0,23.0, 0.0,  0, 0.0000,     0,18.6,20.1,30.6, 20,     8,     8, 0.0000, 0.0000
M5,05/07/23,14:52:52,     4,  3811,   426,  987.5, 300,20.0,23.0, 0.0,  0, 0.0000,     0,18.6,20.1,30.6, 20,     8,     9, 0.0000, 0.0000
M5,05/07/23,14:52:53,     4,  3812,   427,  987.5, 300,20.0,23.0, 0.0,  0, 0.0000,     0,18.6,20.1,30.6, 25,     9,    10, 0.0000, 0.0000
M5,05/07/23,14:52:54,     4,  3813,   427,  987.5, 300,20.0,23.0, 0.0,  0, 0.0000,     0,18.6,20.1,30.6, 25,    10,    11, 0.0000, 0.0000
M5,05/07/23,14:52:55,     4,  3814,   428,  987.5, 300,20.0,23.0, 0.0,  0, 0.0000,     0,18.6,20.1,30.6, 25,    10,    12, 0.0000, 0.0000
M5,05/07/23,14:52:56,     4,  3815,   428,  987.5, 300,20.0,23.0, 0.0,  0, 0.0000,     0,18.6,20.1,30.6, 25,    11,    13, 0.6772, 0.8296
M5,05/07/23,14:52:57,     4,  3816,   429,  987.5, 300,20.0,23.0, 0.0,  0, 0.0000,     0,18.6,20.1,30.6, 25,    11,    14, 0.6153, 0.8481
M5,05/07/23,14:52:58,     4,  3817,   429,  987.5, 300,20.0,23.0, 0.0,  0, 0.0000,     0,18.6,20.1,30.6, 25,    12,    15, 0.5974, 0.7610
M5,05/07/23,14:52:59,     4,  3818,   430,  987.5, 300,20.0,23.0, 0.0,  0, 0.0000,     0,18.6,20.1,30.6, 25,    13,    16, 0.6136, 0.6420
M5,05/07/23,14:53:00,     4,  3819,   430,  987.5, 300,20.0,23.0, 0.0,  0, 0.0000,     0,18.6,20.1,30.6, 25,    13,    17, 0.6210, 0.6114
M5,05/07/23,14:53:01,     4,  3820,   431,  987.5, 300,20.0,23.0, 0.0,  0, 0.0000,     0,18.6,20.2,30.6, 25,    13,    18, 0.6094, 0.6455
M5,05/07/23,14:53:02,     4,  3821,   431,  987.4, 300,20.0,23.0, 0.0,  0, 0.0000,     0,18.6,20.2,30.6, 25,    14,    19, 0.5821, 0.7080
M5,05/07/23,14:53:03,     4,  3822,   431,  987.4, 300,20.0,23.0, 0.0,  0, 0.0000,     0,18.6,20.2,30.6, 25,    14,    20, 0.5587, 0.7321
M5,05/07/23,14:53:04,     4,  3823,   432,  987.4, 300,20.0,23.0, 0.0,  0, 0.0000,     0,18.6,20.2,30.6, 25,    14,    21, 0.5478, 0.7134
M5,05/07/23,14:53:05,     4,  3824,   432,  987.4, 300,20.0,23.0, 0.0,  0, 0.0000,     0,18.6,20.2,30.6, 25,    15,    22, 0.5511, 0.6622
M5,05/07/23,14:53:06,     4,  3825,   433,  987.4, 300,20.0,23.0, 0.0,  0, 0.0000,     0,18.6,20.2,30.6, 25,    16,    23, 0.5602, 0.6057
M5,05/07/23,14:53:07,     4,  3826,   434,  987.4, 300,20.0,23.0, 0.0,  0, 0.0000,     0,18.6,20.2,30.6, 25,    16,    24, 0.5727, 0.5557
M5,05/07/23,14:53:08,     4,  3827,   434,  987.4, 300,20.0,23.0, 0.0,  0, 0.0000,     0,18.6,20.2,30.6, 25,    17,    25, 0.5869, 0.5161
M5,05/07/23,14:53:09,     4,  3828,   435,  987.4, 300,20.0,23.0, 0.0,  0, 0.0000,     0,18.6,20.2,30.6, 25,    18,    26, 0.5970, 0.4987
M5,05/07/23,14:53:10,     4,  3829,   435,  987.5, 300,20.0,23.0, 0.0,  0, 0.0000,     0,18.6,20.2,30.6, 25,    18,    27, 0.6002, 0.5065
M5,05/07/23,14:53:11,     4,  3830,   436,  987.5, 300,20.0,23.0, 0.0,  0, 0.0000,     0,18.6,20.2,30.6, 25,    18,    28, 0.5998, 0.5258
M5,05/07/23,14:53:12,     4,  3831,   436,  987.5, 300,20.0,23.0, 0.0,  0, 0.0000,     0,18.6,20.2,30.6, 25,    19,    29, 0.6026, 0.5298
M5,05/07/23,14:53:13,     4,  3832,   437,  987.5, 300,20.0,23.0, 0.0,  0, 0.0000,     0,18.6,20.2,30.6, 25,    20,    30, 0.6076, 0.5258
M5,05/07/23,14:53:14,     4,  3833,   438,  987.5, 300,20.0,23.0, 0.0,  0, 0.0000,     0,18.6,20.2,30.6, 25,    20,    31, 0.6139, 0.5182
M5,05/07/23,14:53:15,     4,  3834,   438,  987.5, 300,20.0,23.0, 0.0,  0, 0.0000,     0,18.6,20.2,30.6, 25,    21,    32, 0.6210, 0.5095
M5,05/07/23,14:53:16,     4,  3835,   439,  987.5, 300,20.0,23.0, 0.0,  0, 0.0000,     0,18.6,20.2,30.6, 25,    21,    33, 0.6264, 0.5082
M5,05/07/23,14:53:17,     4,  3836,   439,  987.5, 300,20.0,23.0, 0.0,  0, 0.0000,     0,18.6,20.2,30.6, 25,    22,    34, 0.6324, 0.5050
M5,05/07/23,14:53:18,     4,  3837,   440,  987.5, 300,20.0,23.0, 0.0,  0, 0.0000,     0,18.6,20.2,30.6, 25,    23,    35, 0.6371, 0.5073
M5,05/07/23,14:53:19,     4,  3838,   440,  987.5, 300,20.0,23.0, 0.0,  0, 0.0000,     0,18.6,20.2,30.6, 25,    23,    36, 0.6406, 0.5130
M5,05/07/23,14:53:20,     4,  3839,   441,  987.5, 300,20.0,23.0, 0.0,  0, 0.0000,     0,18.6,20.2,30.6, 25,    24,    37, 0.6433, 0.5207
M5,05/07/23,14:53:21,     4,  3840,   441,  987.5, 300,20.0,23.0, 0.0,  0, 0.0000,     0,18.6,20.2,30.6, 25,    24,    38, 0.6438, 0.5347
M5,05/07/23,14:53:22,     4,  3841,   442,  987.5, 300,20.0,23.0, 0.0,  0, 0.0000,     0,18.4,20.2,30.6, 25,    24,    39, 0.6439, 0.5471
M5,05/07/23,14:53:23,     4,  3842,   442,  987.5, 300,20.0,23.0, 0.0,  0, 0.0000,     0,18.4,20.2,30.6, 25,    25,    40, 0.6440, 0.5586
M5,05/07/23,14:53:24,     4,  3843,   443,  987.5, 300,20.0,23.0, 0.0,  0, 0.0000,     0,18.4,20.2,30.6, 25,    25,    41, 0.6439, 0.5689
M5,05/07/23,14:53:25,     4,  3844,   443,  987.5, 300,20.0,23.0, 0.0,  0, 0.0000,     0,18.4,20.2,30.6, 25,    26,    42, 0.6437, 0.5781
M5,05/07/23,14:53:26,     4,  3845,   444,  987.5, 300,20.0,23.0, 0.0,  0, 0.0000,     0,18.4,20.2,30.6, 25,    27,    43, 0.6447, 0.5829
M5,05/07/23,14:53:27,     4,  3846,   444,  987.5, 300,20.0,23.0, 0.0,  0, 0.0000,     0,18.4,20.2,30.6, 25,    27,    44, 0.6453, 0.5877
M5,05/07/23,14:53:28,     4,  3847,   445,  987.5, 300,20.0,23.0, 0.0,  0, 0.0000,     0,18.4,20.2,30.6, 25,    28,    45, 0.6454, 0.5923
M5,05/07/23,14:53:29,     4,  3848,   445,  987.5, 300,20.0,23.0, 0.0,  0, 0.0000,     0,18.4,20.2,30.6, 25,    28,    46, 0.6447, 0.6003
M5,05/07/23,14:53:30,     4,  3849,   446,  987.5, 300,20.0,23.0, 0.0,  0, 0.0000,     0,18.4,20.2,30.6, 25,    28,    47, 0.6432, 0.6103
M5,05/07/23,14:53:31,     4,  3850,   446,  987.5, 300,20.0,23.0, 0.0,  0, 0.0000,     0,18.4,20.2,30.6, 25,    29,    48, 0.6418, 0.6185
M5,05/07/23,14:53:32,     4,  3851,   447,  987.5, 300,20.0,23.0, 0.0,  0, 0.0000,     0,18.4,20.2,30.6, 25,    30,    49, 0.6413, 0.6226
M5,05/07/23,14:53:33,     4,  3852,   448,  987.5, 300,20.0,23.0, 0.0,  0, 0.0000,     0,18.4,20.2,30.6, 25,    30,    50, 0.6421, 0.6207
M5,05/07/23,14:53:34,     4,  3853,   448,  987.5, 300,20.0,23.0, 0.0,  0, 0.0000,     0,18.4,20.2,30.6, 25,    31,    51, 0.6436, 0.6173
M5,05/07/23,14:53:35,     4,  3854,   449,  987.5, 300,20.0,23.0, 0.0,  0, 0.0000,     0,18.4,20.2,30.6, 25,    32,    52, 0.6447, 0.6153
M5,05/07/23,14:53:36,     4,  3855,   449,  987.5, 300,20.0,23.0, 0.0,  0, 0.0000,     0,18.4,20.3,30.6, 25,    32,    53, 0.6451, 0.6167
M5,05/07/23,14:53:37,     4,  3856,   450,  987.5, 300,20.0,23.0, 0.0,  0, 0.0000,     0,18.4,20.3,30.6, 25,    32,    54, 0.6453, 0.6182
M5,05/07/23,14:53:38,     4,  3857,   450,  987.5, 300,20.0,23.0, 0.0,  0, 0.0000,     0,18.4,20.3,30.6, 25,    33,    55, 0.6460, 0.6178
M5,05/07/23,14:53:39,     4,  3858,   451,  987.5, 300,20.0,23.0, 0.0,  0, 0.0000,     0,18.4,20.3,30.6, 25,    34,    56, 0.6472, 0.6160
M5,05/07/23,14:53:40,     4,  3859,   452,  987.5, 300,20.0,23.0, 0.0,  0, 0.0000,     0,18.4,20.3,30.6, 25,    35,    57, 0.6492, 0.6111
M5,05/07/23,14:53:41,     4,  3860,   452,  987.5, 300,20.0,23.0, 0.0,  0, 0.0000,     0,18.4,20.3,30.6, 25,    35,    58, 0.6509, 0.6078
M5,05/07/23,14:53:42,     4,  3861,   453,  987.4, 300,20.0,23.0, 0.0,  0, 0.0000,     0,18.4,20.3,30.6, 25,    36,    59, 0.6525, 0.6057
M5,05/07/23,14:53:43,     4,  3862,   453,  987.4, 300,20.0,23.0, 0.0,  0, 0.0000,     0,18.4,20.3,30.6, 25,    36,    60, 0.6533, 0.6063
R5,05/07/23,14:53:43,     4,  3862,   453,  987.4, 300,20.0,23.0, 0.0,  0, 0.0000,     0,18.4,20.3,30.6, 25,    36,    60, 0.6533, 0.6063
End
Start
M5,05/07/23,14:54:30,     4,  3909,   425,  987.5, 300,19.9,22.9, 0.0,  0, 0.0000,     0,18.4,19.8,30.6, 20,     2,     1, 0.0000, 0.0000
M5,05/07/23,14:54:31,     4,  3910,   426,  987.5, 300,19.9,22.9, 0.0,  0, 0.0000,     0,18.4,19.9,30.8, 20,     3,     2, 0.0000, 0.0000
M5,05/07/23,14:54:32,     4,  3911,   427,  987.5, 300,19.9,22.9, 0.0,  0, 0.0000,     0,18.4,19.9,30.8, 20,     4,     3, 0.0000, 0.0000
M5,05/07/23,14:54:33,     4,  3912,   428,  987.5, 300,19.9,22.9, 0.0,  0, 0.0000,     0,18.4,19.9,30.8, 20,     5,     4, 0.0000, 0.0000
M5,05/07/23,14:54:34,     4,  3913,   429,  987.5, 300,19.9,22.9, 0.0,  0, 0.0000,     0,18.4,19.9,30.8, 20,     6,     5, 0.0000, 0.0000
M5,05/07/23,14:54:35,     4,  3914,   429,  987.5, 300,19.9,22.9, 0.0,  0, 0.0000,     0,18.4,19.9,30.8, 20,     7,     6, 0.0000, 0.0000
M5,05/07/23,14:54:36,     4,  3915,   430,  987.5, 300,19.9,22.9, 0.0,  0, 0.0000,     0,18.4,19.9,30.8, 20,     7,     7, 0.0000, 0.0000
M5,05/07/23,14:54:37,     4,  3916,   431,  987.5, 300,19.9,22.9, 0.0,  0, 0.0000,     0,18.4,20.0,30.8, 20,     8,     8, 0.0000, 0.0000
M5,05/07/23,14:54:38,     4,  3917,   431,  987.4, 300,19.9,22.9, 0.0,  0, 0.0000,     0,18.4,20.0,30.8, 20,     8,     9, 0.0000, 0.0000
M5,05/07/23,14:54:39,     4,  3918,   432,  987.4, 300,19.9,22.9, 0.0,  0, 0.0000,     0,18.4,20.0,30.8, 25,     9,    10, 0.0000, 0.0000
M5,05/07/23,14:54:40,     4,  3919,   432,  987.4, 300,19.9,22.9, 0.0,  0, 0.0000,     0,18.4,20.0,30.8, 25,    10,    11, 0.0000, 0.0000
M5,05/07/23,14:54:41,     4,  3920,   433,  987.4, 300,19.9,22.9, 0.0,  0, 0.0000,     0,18.4,20.1,30.8, 25,    10,    12, 0.0000, 0.0000
M5,05/07/23,14:54:42,     4,  3921,   434,  987.4, 300,19.9,22.9, 0.0,  0, 0.0000,     0,18.4,20.1,30.8, 25,    11,    13, 0.8847, 1.0376
M5,05/07/23,14:54:43,     4,  3922,   434,  987.4, 300,19.9,22.9, 0.0,  0, 0.0000,     0,18.4,20.1,30.8, 25,    12,    14, 0.8638, 0.9833
M5,05/07/23,14:54:44,     4,  3923,   435,  987.4, 300,19.9,22.9, 0.0,  0, 0.0000,     0,18.4,20.1,30.8, 25,    12,    15, 0.8531, 0.9476
M5,05/07/23,14:54:45,     4,  3924,   436,  987.5, 300,19.9,22.9, 0.0,  0, 0.0000,     0,18.4,20.1,30.8, 25,    13,    16, 0.8440, 0.9247
M5,05/07/23,14:54:46,     4,  3925,   436,  987.5, 300,19.9,22.9, 0.0,  0, 0.0000,     0,18.4,20.1,30.8, 25,    13,    17, 0.8213, 0.9477
M5,05/07/23,14:54:47,     4,  3926,   437,  987.5, 300,19.9,22.9, 0.0,  0, 0.0000,     0,18.4,20.1,30.8, 25,    14,    18, 0.7848, 1.0014
M5,05/07/23,14:54:48,     4,  3927,   437,  987.5, 300,19.9,22.9, 0.0,  0, 0.0000,     0,18.4,20.2,30.8, 25,    14,    19, 0.7562, 1.0047
M5,05/07/23,14:54:49,     4,  3928,   437,  987.5, 300,19.9,22.9, 0.0,  0, 0.0000,     0,18.4,20.2,30.8, 25,    15,    20, 0.7243, 1.0137
M5,05/07/23,14:54:50,     4,  3929,   438,  987.5, 300,19.9,22.9, 0.0,  0, 0.0000,     0,18.4,20.2,30.8, 25,    15,    21, 0.7022, 0.9932
M5,05/07/23,14:54:51,     4,  3930,   438,  987.4, 300,19.9,22.9, 0.0,  0, 0.0000,     0,18.4,20.2,30.8, 25,    16,    22, 0.6864, 0.9605
M5,05/07/23,14:54:52,     4,  3931,   439,  987.4, 300,19.9,22.9, 0.0,  0, 0.0000,     0,18.4,20.2,30.8, 25,    16,    23, 0.6804, 0.9085
M5,05/07/23,14:54:53,     4,  3932,   440,  987.4, 300,19.9,22.9, 0.0,  0, 0.0000,     0,18.4,20.2,30.8, 25,    17,    24, 0.6802, 0.8544
M5,05/07/23,14:54:54,     4,  3933,   440,  987.4, 300,19.9,22.9, 0.0,  0, 0.0000,     0,18.4,20.3,30.8, 25,    17,    25, 0.6791, 0.8201
M5,05/07/23,14:54:55,     4,  3934,   441,  987.4, 300,19.9,22.9, 0.0,  0, 0.0000,     0,18.4,20.3,30.8, 25,    18,    26, 0.6728, 0.8099
M5,05/07/23,14:54:56,     4,  3935,   441,  987.4, 300,19.9,22.9, 0.0,  0, 0.0000,     0,18.4,20.3,30.8, 25,    18,    27, 0.6598, 0.8224
M5,05/07/23,14:54:57,     4,  3936,   441,  987.4, 300,19.9,22.9, 0.0,  0, 0.0000,     0,18.4,20.3,30.8, 25,    18,    28, 0.6469, 0.8332
M5,05/07/23,14:54:58,     4,  3937,   442,  987.4, 300,19.9,22.9, 0.0,  0, 0.0000,     0,18.4,20.3,30.8, 25,    19,    29, 0.6374, 0.8316
M5,05/07/23,14:54:59,     4,  3938,   442,  987.4, 300,19.9,22.9, 0.0,  0, 0.0000,     0,18.4,20.3,30.8, 25,    19,    30, 0.6299, 0.8223
M5,05/07/23,14:55:00,     4,  3939,   442,  987.4, 300,19.9,22.9, 0.0,  0, 0.0000,     0,18.4,20.3,30.8, 25,    20,    31, 0.6214, 0.8170
M5,05/07/23,14:55:01,     4,  3940,   443,  987.4, 300,19.9,22.9, 0.0,  0, 0.0000,     0,18.4,20.3,30.8, 25,    20,    32, 0.6151, 0.8065
M5,05/07/23,14:55:02,     4,  3941,   443,  987.4, 300,19.9,22.9, 0.0,  0, 0.0000,     0,18.4,20.3,30.8, 25,    21,    33, 0.6083, 0.8000
M5,05/07/23,14:55:03,     4,  3942,   444,  987.4, 300,19.9,22.9, 0.0,  0, 0.0000,     0,18.4,20.3,30.8, 25,    21,    34, 0.6029, 0.7890
M5,05/07/23,14:55:04,     4,  3943,   444,  987.4, 300,19.9,22.9, 0.0,  0, 0.0000,     0,18.4,20.3,30.8, 25,    21,    35, 0.5972, 0.7818
M5,05/07/23,14:55:05,     4,  3944,   445,  987.4, 300,19.9,22.9, 0.0,  0, 0.0000,     0,18.4,20.3,30.8, 25,    22,    36, 0.5930, 0.7714
M5,05/07/23,14:55:06,     4,  3945,   445,  987.4, 300,19.9,22.9, 0.0,  0, 0.0000,     0,18.4,20.3,30.8, 25,    23,    37, 0.5912, 0.7534
M5,05/07/23,14:55:07,     4,  3946,   446,  987.4, 300,19.9,22.9, 0.0,  0, 0.0000,     0,18.4,20.3,30.8, 25,    23,    38, 0.5916, 0.7316
M5,05/07/23,14:55:08,     4,  3947,   447,  987.4, 300,19.9,22.9, 0.0,  0, 0.0000,     0,18.4,20.3,30.8, 25,    24,    39, 0.5920, 0.7126
M5,05/07/23,14:55:09,     4,  3948,   447,  987.4, 300,19.9,22.9, 0.0,  0, 0.0000,     0,18.4,20.4,30.8, 25,    24,    40, 0.5925, 0.6960
M5,05/07/23,14:55:10,     4,  3949,   448,  987.4, 300,19.9,22.9, 0.0,  0, 0.0000,     0,18.4,20.4,30.8, 25,    25,    41, 0.5933, 0.6819
M5,05/07/23,14:55:11,     4,  3950,   448,  987.4, 300,19.9,22.9, 0.0,  0, 0.0000,     0,18.4,20.4,30.8, 25,    25,    42, 0.5928, 0.6733
M5,05/07/23,14:55:12,     4,  3951,   448,  987.4, 300,19.9,22.9, 0.0,  0, 0.0000,     0,18.4,20.4,30.8, 25,    26,    43, 0.5923, 0.6649
M5,05/07/23,14:55:13,     4,  3952,   449,  987.4, 300,19.9,22.9, 0.0,  0, 0.0000,     0,18.4,20.4,30.8, 25,    26,    44, 0.5922, 0.6572
M5,05/07/23,14:55:14,     4,  3953,   449,  987.4, 300,19.9,22.9, 0.0,  0, 0.0000,     0,18.2,20.4,30.8, 25,    27,    45, 0.5926, 0.6503
M5,05/07/23,14:55:15,     4,  3954,   450,  987.4, 300,19.9,22.9, 0.0,  0, 0.0000,     0,18.2,20.4,30.8, 25,    27,    46, 0.5919, 0.6468
M5,05/07/23,14:55:16,     4,  3955,   450,  987.4, 300,19.9,22.9, 0.0,  0, 0.0000,     0,18.2,20.4,30.8, 25,    27,    47, 0.5914, 0.6428
M5,05/07/23,14:55:18,     4,  3956,   451,  987.4, 300,19.9,22.9, 0.0,  0, 0.0000,     0,18.2,20.4,30.8, 25,    28,    48, 0.5904, 0.6416
M5,05/07/23,14:55:19,     4,  3957,   451,  987.4, 300,19.9,22.9, 0.0,  0, 0.0000,     0,18.2,20.4,30.8, 25,    28,    49, 0.5896, 0.6395
M5,05/07/23,14:55:20,     4,  3958,   452,  987.4, 300,19.9,22.9, 0.0,  0, 0.0000,     0,18.4,20.4,30.8, 25,    29,    50, 0.5891, 0.6369
M5,05/07/23,14:55:21,     4,  3959,   452,  987.5, 300,19.9,22.9, 0.0,  0, 0.0000,     0,18.4,20.4,30.8, 25,    29,    51, 0.5880, 0.6365
M5,05/07/23,14:55:22,     4,  3960,   452,  987.5, 300,19.9,22.9, 0.0,  0, 0.0000,     0,18.4,20.4,30.8, 25,    29,    52, 0.5863, 0.6376
M5,05/07/23,14:55:23,     4,  3961,   453,  987.5, 300,19.9,22.9, 0.0,  0, 0.0000,     0,18.4,20.4,30.8, 25,    30,    53, 0.5844, 0.6398
M5,05/07/23,14:55:24,     4,  3962,   453,  987.5, 300,19.9,22.9, 0.0,  0, 0.0000,     0,18.4,20.4,30.8, 25,    31,    54, 0.5836, 0.6383
M5,05/07/23,14:55:25,     4,  3963,   454,  987.5, 300,19.9,22.9, 0.0,  0, 0.0000,     0,18.4,20.4,30.8, 25,    31,    55, 0.5835, 0.6339
M5,05/07/23,14:55:26,     4,  3964,   455,  987.4, 300,19.9,22.9, 0.0,  0, 0.0000,     0,18.2,20.4,30.8, 25,    32,    56, 0.5836, 0.6295
M5,05/07/23,14:55:27,     4,  3965,   455,  987.4, 300,19.9,22.9, 0.0,  0, 0.0000,     0,18.2,20.4,30.8, 25,    32,    57, 0.5843, 0.6231
M5,05/07/23,14:55:28,     4,  3966,   456,  987.4, 300,19.9,22.9, 0.0,  0, 0.0000,     0,18.2,20.4,30.8, 25,    33,    58, 0.5855, 0.6155
M5,05/07/23,14:55:29,     4,  3967,   456,  987.4, 300,19.9,22.9, 0.0,  0, 0.0000,     0,18.2,20.4,30.8, 25,    33,    59, 0.5864, 0.6107
M5,05/07/23,14:55:30,     4,  3968,   457,  987.4, 300,19.9,22.9, 0.0,  0, 0.0000,     0,18.2,20.4,30.8, 25,    34,    60, 0.5867, 0.6080
R5,05/07/23,14:55:30,     4,  3968,   457,  987.4, 300,19.9,22.9, 0.0,  0, 0.0000,     0,18.2,20.4,30.8, 25,    34,    60, 0.5867, 0.6080
End
Start
M5,05/07/23,14:57:14,     5,  4072,   434,  987.4, 300,20.0,22.8, 0.0,  0, 0.0000,     0,17.9,20.0,39.2, 20,     4,     1, 0.0000, 0.0000
M5,05/07/23,14:57:15,     5,  4073,   437,  987.4, 300,20.0,22.8, 0.0,  0, 0.0000,     0,17.9,20.0,39.2, 20,     6,     2, 0.0000, 0.0000
M5,05/07/23,14:57:16,     5,  4074,   439,  987.4, 300,20.0,22.8, 0.0,  0, 0.0000,     0,17.9,20.0,39.2, 20,     8,     3, 0.0000, 0.0000
M5,05/07/23,14:57:17,     5,  4075,   440,  987.4, 300,20.0,22.8, 0.0,  0, 0.0000,     0,17.9,20.0,39.2, 20,    10,     4, 0.0000, 0.0000
M5,05/07/23,14:57:18,     5,  4076,   442,  987.4, 300,20.0,22.8, 0.0,  0, 0.0000,     0,17.9,20.1,39.1, 20,    12,     5, 0.0000, 0.0000
M5,05/07/23,14:57:19,     5,  4077,   443,  987.4, 300,20.0,22.8, 0.0,  0, 0.0000,     0,17.9,20.1,39.1, 20,    13,     6, 0.0000, 0.0000
M5,05/07/23,14:57:20,     5,  4078,   444,  987.4, 300,20.0,22.8, 0.0,  0, 0.0000,     0,17.9,20.1,39.1, 20,    14,     7, 0.0000, 0.0000
M5,05/07/23,14:57:21,     5,  4079,   445,  987.4, 300,20.0,22.8, 0.0,  0, 0.0000,     0,17.9,20.1,39.1, 20,    14,     8, 0.0000, 0.0000
M5,05/07/23,14:57:22,     5,  4080,   446,  987.4, 300,20.0,22.8, 0.0,  0, 0.0000,     0,17.9,20.1,39.1, 20,    15,     9, 0.0000, 0.0000
M5,05/07/23,14:57:23,     5,  4081,   446,  987.4, 300,20.0,22.8, 0.0,  0, 0.0000,     0,17.9,20.1,39.1, 25,    16,    10, 0.0000, 0.0000
M5,05/07/23,14:57:24,     5,  4082,   447,  987.4, 300,19.9,22.8, 0.0,  0, 0.0000,     0,17.9,20.1,39.1, 25,    17,    11, 0.0000, 0.0000
M5,05/07/23,14:57:25,     5,  4083,   449,  987.4, 300,19.9,22.8, 0.0,  0, 0.0000,     0,17.9,20.1,39.1, 25,    18,    12, 0.0000, 0.0000
M5,05/07/23,14:57:26,     5,  4084,   450,  987.4, 300,19.9,22.8, 0.0,  0, 0.0000,     0,17.9,20.1,39.1, 25,    20,    13, 1.3339, 1.1826
M5,05/07/23,14:57:27,     5,  4085,   451,  987.4, 300,19.9,22.8, 0.0,  0, 0.0000,     0,17.9,20.1,39.1, 25,    21,    14, 1.3157, 1.3138
M5,05/07/23,14:57:28,     5,  4086,   452,  987.4, 300,19.9,22.8, 0.0,  0, 0.0000,     0,17.9,20.1,39.1, 25,    21,    15, 1.2654, 1.4240
M5,05/07/23,14:57:29,     5,  4087,   453,  987.4, 300,19.9,22.8, 0.0,  0, 0.0000,     0,17.9,20.1,39.1, 25,    22,    16, 1.2391, 1.4078
M5,05/07/23,14:57:30,     5,  4088,   453,  987.4, 300,19.9,22.8, 0.0,  0, 0.0000,     0,17.9,20.1,39.1, 25,    23,    17, 1.1924, 1.4562
M5,05/07/23,14:57:31,     5,  4089,   454,  987.4, 300,19.9,22.8, 0.0,  0, 0.0000,     0,17.9,20.1,39.1, 25,    24,    18, 1.1434, 1.4833
M5,05/07/23,14:57:32,     5,  4090,   455,  987.4, 300,19.9,22.8, 0.0,  0, 0.0000,     0,17.9,20.1,39.1, 25,    25,    19, 1.1224, 1.4259
M5,05/07/23,14:57:33,     5,  4091,   456,  987.4, 300,19.9,22.8, 0.0,  0, 0.0000,     0,17.9,20.2,39.1, 25,    26,    20, 1.1138, 1.3523
M5,05/07/23,14:57:34,     5,  4092,   457,  987.4, 300,19.9,22.8, 0.0,  0, 0.0000,     0,17.9,20.2,39.1, 25,    27,    21, 1.1129, 1.2864
M5,05/07/23,14:57:35,     5,  4093,   458,  987.4, 300,19.9,22.8, 0.0,  0, 0.0000,     0,17.9,20.2,39.1, 25,    28,    22, 1.1089, 1.2525
M5,05/07/23,14:57:36,     5,  4094,   459,  987.4, 300,19.9,22.8, 0.0,  0, 0.0000,     0,17.9,20.2,39.1, 25,    29,    23, 1.1142, 1.1978
M5,05/07/23,14:57:37,     5,  4095,   460,  987.4, 300,19.9,22.8, 0.0,  0, 0.0000,     0,17.9,20.2,39.1, 25,    30,    24, 1.1205, 1.1592
M5,05/07/23,14:57:38,     5,  4096,   461,  987.4, 300,19.8,22.8, 0.0,  0, 0.0000,     0,17.9,20.2,39.1, 25,    31,    25, 1.1301, 1.1168
M5,05/07/23,14:57:39,     5,  4097,   462,  987.4, 300,19.8,22.8, 0.0,  0, 0.0000,     0,17.9,20.1,39.1, 25,    32,    26, 1.1350, 1.1048
M5,05/07/23,14:57:40,     5,  4098,   463,  987.4, 300,19.8,22.8, 0.0,  0, 0.0000,     0,17.9,20.2,39.1, 25,    33,    27, 1.1352, 1.1078
M5,05/07/23,14:57:41,     5,  4099,   464,  987.4, 300,19.8,22.8, 0.0,  0, 0.0000,     0,17.9,20.2,39.1, 25,    34,    28, 1.1372, 1.1077
M5,05/07/23,14:57:42,     5,  4100,   465,  987.4, 300,19.8,22.8, 0.0,  0, 0.0000,     0,17.9,20.2,39.1, 25,    35,    29, 1.1364, 1.1122
M5,05/07/23,14:57:43,     5,  4101,   466,  987.4, 300,19.8,22.8, 0.0,  0, 0.0000,     0,17.9,20.2,39.1, 25,    36,    30, 1.1376, 1.1134
M5,05/07/23,14:57:44,     5,  4102,   467,  987.4, 300,19.8,22.8, 0.0,  0, 0.0000,     0,17.9,20.2,39.1, 25,    37,    31, 1.1372, 1.1199
M5,05/07/23,14:57:45,     5,  4103,   468,  987.4, 300,19.8,22.8, 0.0,  0, 0.0000,     0,17.9,20.2,39.1, 25,    37,    32, 1.1332, 1.1367
M5,05/07/23,14:57:46,     5,  4104,   469,  987.4, 300,19.8,22.8, 0.0,  0, 0.0000,     0,17.9,20.2,39.1, 25,    38,    33, 1.1291, 1.1514
M5,05/07/23,14:57:47,     5,  4105,   470,  987.4, 300,19.7,22.8, 0.0,  0, 0.0000,     0,17.9,20.2,39.1, 25,    40,    34, 1.1278, 1.1501
M5,05/07/23,14:57:48,     5,  4106,   471,  987.4, 300,19.7,22.8, 0.0,  0, 0.0000,     0,17.9,20.2,39.1, 25,    41,    35, 1.1281, 1.1466
M5,05/07/23,14:57:49,     5,  4107,   472,  987.4, 300,19.7,22.8, 0.0,  0, 0.0000,     0,17.9,20.2,39.1, 25,    42,    36, 1.1287, 1.1409
M5,05/07/23,14:57:50,     5,  4108,   473,  987.4, 300,19.7,22.8, 0.0,  0, 0.0000,     0,17.7,20.2,39.1, 25,    43,    37, 1.1303, 1.1346
M5,05/07/23,14:57:51,     5,  4109,   474,  987.4, 300,19.7,22.8, 0.0,  0, 0.0000,     0,17.7,20.2,39.1, 25,    44,    38, 1.1323, 1.1281
M5,05/07/23,14:57:52,     5,  4110,   475,  987.4, 300,19.7,22.8, 0.0,  0, 0.0000,     0,17.7,20.2,39.1, 25,    45,    39, 1.1325, 1.1260
M5,05/07/23,14:57:53,     5,  4111,   475,  987.4, 300,19.7,22.8, 0.0,  0, 0.0000,     0,17.7,20.2,39.1, 25,    45,    40, 1.1313, 1.1319
M5,05/07/23,14:57:54,     5,  4112,   476,  987.4, 300,19.7,22.8, 0.0,  0, 0.0000,     0,17.7,20.2,39.1, 25,    46,    41, 1.1291, 1.1380
M5,05/07/23,14:57:55,     5,  4113,   477,  987.4, 300,19.7,22.8, 0.0,  0, 0.0000,     0,17.7,20.2,39.3, 25,    47,    42, 1.1272, 1.1447
M5,05/07/23,14:57:56,     5,  4114,   478,  987.4, 300,19.7,22.8, 0.0,  0, 0.0000,     0,17.7,20.2,39.3, 25,    48,    43, 1.1250, 1.1515
M5,05/07/23,14:57:57,     5,  4115,   479,  987.4, 300,19.7,22.8, 0.0,  0, 0.0000,     0,17.7,20.2,39.3, 25,    49,    44, 1.1226, 1.1578
M5,05/07/23,14:57:58,     5,  4116,   480,  987.4, 300,19.7,22.8, 0.0,  0, 0.0000,     0,17.7,20.2,39.3, 25,    50,    45, 1.1202, 1.1635
M5,05/07/23,14:57:59,     5,  4117,   481,  987.4, 300,19.6,22.8, 0.0,  0, 0.0000,     0,17.7,20.2,39.3, 25,    50,    46, 1.1171, 1.1680
R5,05/07/23,14:57:59,     5,  4117,   481,  987.4, 300,19.6,22.8, 0.0,  0, 0.0000,     0,17.7,20.2,39.3, 25,    50,    46, 1.1171, 1.1680
End
Start
M5,05/07/23,14:58:52,     5,  4169,   439,  987.4, 300,19.7,22.8, 0.0,  0, 0.0000,     0,17.7,19.8,39.0, 20,     2,     1, 0.0000, 0.0000
M5,05/07/23,14:58:53,     5,  4170,   441,  987.4, 300,19.7,22.8, 0.0,  0, 0.0000,     0,17.7,19.8,39.0, 20,     3,     2, 0.0000, 0.0000
M5,05/07/23,14:58:54,     5,  4171,   442,  987.4, 300,19.7,22.8, 0.0,  0, 0.0000,     0,17.7,19.9,39.0, 20,     4,     3, 0.0000, 0.0000
M5,05/07/23,14:58:55,     5,  4172,   443,  987.4, 300,19.7,22.8, 0.0,  0, 0.0000,     0,17.7,19.9,39.0, 20,     5,     4, 0.0000, 0.0000
M5,05/07/23,14:58:56,     5,  4173,   443,  987.4, 300,19.7,22.8, 0.0,  0, 0.0000,     0,17.7,19.9,39.0, 20,     6,     5, 0.0000, 0.0000
M5,05/07/23,14:58:57,     5,  4174,   444,  987.4, 300,19.7,22.7, 0.0,  0, 0.0000,     0,17.7,19.9,39.0, 20,     7,     6, 0.0000, 0.0000
M5,05/07/23,14:58:58,     5,  4175,   445,  987.4, 300,19.7,22.7, 0.0,  0, 0.0000,     0,17.7,19.9,39.0, 20,     7,     7, 0.0000, 0.0000
M5,05/07/23,14:58:59,     5,  4176,   446,  987.4, 300,19.8,22.7, 0.0,  0, 0.0000,     0,17.7,19.9,39.0, 20,     8,     8, 0.0000, 0.0000
M5,05/07/23,14:59:00,     5,  4177,   447,  987.4, 300,19.8,22.7, 0.0,  0, 0.0000,     0,17.7,19.9,39.0, 20,     9,     9, 0.0000, 0.0000
M5,05/07/23,14:59:01,     5,  4178,   447,  987.4, 300,19.8,22.7, 0.0,  0, 0.0000,     0,17.7,19.9,39.0, 25,    10,    10, 0.0000, 0.0000
M5,05/07/23,14:59:02,     5,  4179,   448,  987.4, 300,19.8,22.7, 0.0,  0, 0.0000,     0,17.7,19.9,39.0, 25,    10,    11, 0.0000, 0.0000
M5,05/07/23,14:59:03,     5,  4180,   449,  987.4, 300,19.8,22.7, 0.0,  0, 0.0000,     0,17.7,19.9,39.0, 25,    11,    12, 0.0000, 0.0000
M5,05/07/23,14:59:04,     5,  4181,   450,  987.4, 300,19.8,22.8, 0.0,  0, 0.0000,     0,17.7,19.9,39.0, 25,    12,    13, 0.9768, 0.8256
M5,05/07/23,14:59:05,     5,  4182,   451,  987.4, 300,19.8,22.8, 0.0,  0, 0.0000,     0,17.7,20.0,39.0, 25,    13,    14, 0.9979, 0.8752
M5,05/07/23,14:59:06,     5,  4183,   452,  987.4, 300,19.8,22.7, 0.0,  0, 0.0000,     0,17.7,20.0,39.0, 25,    14,    15, 1.0035, 0.9213
M5,05/07/23,14:59:07,     5,  4184,   452,  987.4, 300,19.8,22.7, 0.0,  0, 0.0000,     0,17.7,20.0,39.0, 25,    15,    16, 1.0060, 0.9521
M5,05/07/23,14:59:08,     5,  4185,   453,  987.4, 300,19.8,22.7, 0.0,  0, 0.0000,     0,17.7,20.0,39.0, 25,    15,    17, 0.9902, 1.0130
M5,05/07/23,14:59:09,     5,  4186,   454,  987.4, 300,19.8,22.7, 0.0,  0, 0.0000,     0,17.7,20.0,39.0, 25,    16,    18, 0.9573, 1.0913
M5,05/07/23,14:59:10,     5,  4187,   454,  987.4, 300,19.8,22.7, 0.0,  0, 0.0000,     0,17.7,20.0,39.0, 25,    17,    19, 0.9320, 1.1138
M5,05/07/23,14:59:11,     5,  4188,   455,  987.4, 300,19.8,22.7, 0.0,  0, 0.0000,     0,17.7,20.0,39.0, 25,    17,    20, 0.9220, 1.0858
M5,05/07/23,14:59:12,     5,  4189,   456,  987.4, 300,19.8,22.7, 0.0,  0, 0.0000,     0,17.7,20.0,39.0, 25,    18,    21, 0.9191, 1.0453
M5,05/07/23,14:59:13,     5,  4190,   457,  987.4, 300,19.8,22.7, 0.0,  0, 0.0000,     0,17.7,20.0,39.0, 25,    19,    22, 0.9273, 0.9871
M5,05/07/23,14:59:14,     5,  4191,   458,  987.4, 300,19.8,22.7, 0.0,  0, 0.0000,     0,17.7,20.0,39.0, 25,    20,    23, 0.9345, 0.9492
M5,05/07/23,14:59:15,     5,  4192,   459,  987.4, 300,19.8,22.7, 0.0,  0, 0.0000,     0,17.7,20.0,39.0, 25,    21,    24, 0.9460, 0.9091
M5,05/07/23,14:59:16,     5,  4193,   460,  987.4, 300,19.8,22.7, 0.0,  0, 0.0000,     0,17.5,20.0,39.0, 25,    22,    25, 0.9551, 0.8881
M5,05/07/23,14:59:17,     5,  4194,   460,  987.4, 300,19.8,22.7, 0.0,  0, 0.0000,     0,17.5,20.0,39.0, 25,    23,    26, 0.9585, 0.8912
M5,05/07/23,14:59:18,     5,  4195,   461,  987.4, 300,19.8,22.7, 0.0,  0, 0.0000,     0,17.5,20.0,39.0, 25,    24,    27, 0.9616, 0.8937
M5,05/07/23,14:59:19,     5,  4196,   462,  987.4, 300,19.8,22.7, 0.0,  0, 0.0000,     0,17.5,20.0,39.0, 25,    24,    28, 0.9615, 0.9067
M5,05/07/23,14:59:20,     5,  4197,   463,  987.4, 300,19.8,22.7, 0.0,  0, 0.0000,     0,17.5,20.0,39.0, 25,    25,    29, 0.9623, 0.9137
M5,05/07/23,14:59:21,     5,  4198,   464,  987.4, 300,19.8,22.7, 0.0,  0, 0.0000,     0,17.7,20.0,39.0, 25,    26,    30, 0.9610, 0.9265
M5,05/07/23,14:59:22,     5,  4199,   464,  987.4, 300,19.8,22.7, 0.0,  0, 0.0000,     0,17.7,20.0,39.0, 25,    27,    31, 0.9609, 0.9338
M5,05/07/23,14:59:23,     5,  4200,   465,  987.4, 300,19.8,22.7, 0.0,  0, 0.0000,     0,17.7,20.0,39.0, 25,    28,    32, 0.9610, 0.9376
M5,05/07/23,14:59:24,     5,  4201,   466,  987.4, 300,19.8,22.7, 0.0,  0, 0.0000,     0,17.7,20.0,39.0, 25,    29,    33, 0.9636, 0.9320
M5,05/07/23,14:59:25,     5,  4202,   467,  987.4, 300,19.8,22.7, 0.0,  0, 0.0000,     0,17.7,20.0,39.0, 25,    30,    34, 0.9677, 0.9211
M5,05/07/23,14:59:26,     5,  4203,   468,  987.4, 300,19.8,22.7, 0.0,  0, 0.0000,     0,17.7,20.0,39.0, 25,    31,    35, 0.9733, 0.9082
M5,05/07/23,14:59:27,     5,  4204,   469,  987.4, 300,19.8,22.7, 0.0,  0, 0.0000,     0,17.5,20.1,39.0, 25,    32,    36, 0.9779, 0.9003
M5,05/07/23,14:59:28,     5,  4205,   470,  987.4, 300,19.8,22.7, 0.0,  0, 0.0000,     0,17.5,20.1,39.0, 25,    33,    37, 0.9835, 0.8909
M5,05/07/23,14:59:29,     5,  4206,   471,  987.4, 300,19.8,22.7, 0.0,  0, 0.0000,     0,17.5,20.1,39.0, 25,    33,    38, 0.9867, 0.8909
M5,05/07/23,14:59:30,     5,  4207,   472,  987.4, 300,19.8,22.7, 0.0,  0, 0.0000,     0,17.5,20.0,39.0, 25,    34,    39, 0.9884, 0.8971
M5,05/07/23,14:59:31,     5,  4208,   472,  987.4, 300,19.8,22.7, 0.0,  0, 0.0000,     0,17.5,20.0,39.0, 25,    35,    40, 0.9886, 0.9075
M5,05/07/23,14:59:32,     5,  4209,   473,  987.4, 300,19.8,22.7, 0.0,  0, 0.0000,     0,17.5,20.1,39.0, 25,    35,    41, 0.9875, 0.9197
M5,05/07/23,14:59:33,     5,  4210,   474,  987.4, 300,19.8,22.7, 0.0,  0, 0.0000,     0,17.5,20.1,39.0, 25,    36,    42, 0.9859, 0.9332
M5,05/07/23,14:59:34,     5,  4211,   475,  987.4, 300,19.8,22.7, 0.0,  0, 0.0000,     0,17.5,20.1,39.0, 25,    37,    43, 0.9848, 0.9433
M5,05/07/23,14:59:35,     5,  4212,   475,  987.4, 300,19.8,22.7, 0.0,  0, 0.0000,     0,17.5,20.0,39.0, 25,    38,    44, 0.9831, 0.9541
M5,05/07/23,14:59:36,     5,  4213,   476,  987.4, 300,19.8,22.7, 0.0,  0, 0.0000,     0,17.5,20.0,39.0, 25,    38,    45, 0.9814, 0.9616
M5,05/07/23,14:59:37,     5,  4214,   477,  987.4, 301,19.8,22.7, 0.0,  0, 0.0000,     0,17.5,20.1,39.0, 25,    39,    46, 0.9805, 0.9670
M5,05/07/23,14:59:38,     5,  4215,   478,  987.4, 300,19.7,22.7, 0.0,  0, 0.0000,     0,17.5,20.1,39.0, 25,    40,    47, 0.9796, 0.9704
M5,05/07/23,14:59:39,     5,  4216,   479,  987.4, 300,19.7,22.7, 0.0,  0, 0.0000,     0,17.5,20.1,39.0, 25,    41,    48, 0.9800, 0.9698
M5,05/07/23,14:59:40,     5,  4217,   480,  987.4, 300,19.7,22.7, 0.0,  0, 0.0000,     0,17.5,20.0,39.0, 25,    42,    49, 0.9805, 0.9691
M5,05/07/23,14:59:41,     5,  4218,   481,  987.4, 300,19.7,22.7, 0.0,  0, 0.0000,     0,17.5,20.0,39.0, 25,    43,    50, 0.9808, 0.9679
M5,05/07/23,14:59:42,     5,  4219,   482,  987.4, 300,19.7,22.7, 0.0,  0, 0.0000,     0,17.5,20.0,39.0, 25,    44,    51, 0.9814, 0.9668
M5,05/07/23,14:59:43,     5,  4220,   482,  987.4, 300,19.7,22.7, 0.0,  0, 0.0000,     0,17.5,20.0,39.0, 25,    45,    52, 0.9815, 0.9676
M5,05/07/23,14:59:44,     5,  4221,   483,  987.4, 300,19.7,22.7, 0.0,  0, 0.0000,     0,17.5,20.0,39.0, 25,    45,    53, 0.9812, 0.9703
M5,05/07/23,14:59:45,     5,  4222,   484,  987.4, 300,19.7,22.7, 0.0,  0, 0.0000,     0,17.5,20.0,39.0, 25,    46,    54, 0.9801, 0.9739
M5,05/07/23,14:59:46,     5,  4223,   484,  987.4, 300,19.7,22.7, 0.0,  0, 0.0000,     0,17.5,20.0,39.0, 25,    47,    55, 0.9790, 0.9786
M5,05/07/23,14:59:47,     5,  4224,   485,  987.4, 300,19.7,22.7, 0.0,  0, 0.0000,     0,17.5,20.0,39.0, 25,    48,    56, 0.9787, 0.9798
M5,05/07/23,14:59:48,     5,  4225,   486,  987.4, 300,19.7,22.7, 0.0,  0, 0.0000,     0,17.5,20.0,39.0, 25,    49,    57, 0.9792, 0.9785
M5,05/07/23,14:59:49,     5,  4226,   487,  987.4, 300,19.7,22.7, 0.0,  0, 0.0000,     0,17.5,20.0,39.0, 25,    49,    58, 0.9792, 0.9787
M5,05/07/23,14:59:50,     5,  4227,   488,  987.4, 300,19.7,22.7, 0.0,  0, 0.0000,     0,17.5,20.0,39.0, 25,    50,    59, 0.9784, 0.9798
R5,05/07/23,14:59:50,     5,  4227,   488,  987.4, 300,19.7,22.7, 0.0,  0, 0.0000,     0,17.5,20.0,39.0, 25,    50,    59, 0.9784, 0.9798
End
Start
M5,05/07/23,15:01:40,     5,  4336,   418,  987.4, 300,19.6,22.6, 0.0,  0, 0.0000,     0,17.3,19.7,39.0, 20,     3,     1, 0.0000, 0.0000
M5,05/07/23,15:01:41,     5,  4337,   420,  987.4, 300,19.6,22.6, 0.0,  0, 0.0000,     0,17.3,19.7,39.0, 20,     5,     2, 0.0000, 0.0000
M5,05/07/23,15:01:42,     5,  4338,   422,  987.4, 300,19.6,22.6, 0.0,  0, 0.0000,     0,17.3,19.7,39.0, 20,     7,     3, 0.0000, 0.0000
M5,05/07/23,15:01:43,     5,  4339,   423,  987.4, 300,19.6,22.6, 0.0,  0, 0.0000,     0,17.3,19.7,39.0, 20,     8,     4, 0.0000, 0.0000
M5,05/07/23,15:01:44,     5,  4340,   425,  987.4, 300,19.6,22.6, 0.0,  0, 0.0000,     0,17.3,19.7,39.0, 20,    10,     5, 0.0000, 0.0000
M5,05/07/23,15:01:45,     5,  4341,   426,  987.4, 300,19.6,22.6, 0.0,  0, 0.0000,     0,17.3,19.8,39.0, 20,    11,     6, 0.0000, 0.0000
M5,05/07/23,15:01:46,     5,  4342,   427,  987.4, 300,19.6,22.6, 0.0,  0, 0.0000,     0,17.3,19.8,39.0, 20,    12,     7, 0.0000, 0.0000
M5,05/07/23,15:01:47,     5,  4343,   428,  987.4, 300,19.6,22.6, 0.0,  0, 0.0000,     0,17.3,19.8,39.0, 20,    13,     8, 0.0000, 0.0000
M5,05/07/23,15:01:48,     5,  4344,   429,  987.4, 300,19.6,22.6, 0.0,  0, 0.0000,     0,17.3,19.8,39.0, 20,    14,     9, 0.0000, 0.0000
M5,05/07/23,15:01:49,     5,  4345,   430,  987.4, 300,19.6,22.6, 0.0,  0, 0.0000,     0,17.3,19.8,39.0, 25,    15,    10, 0.0000, 0.0000
M5,05/07/23,15:01:50,     5,  4346,   430,  987.4, 300,19.6,22.6, 0.0,  0, 0.0000,     0,17.3,19.8,39.0, 25,    16,    11, 0.0000, 0.0000
M5,05/07/23,15:01:51,     5,  4347,   431,  987.4, 300,19.6,22.6, 0.0,  0, 0.0000,     0,17.3,19.8,39.0, 25,    16,    12, 0.0000, 0.0000
M5,05/07/23,15:01:52,     5,  4348,   432,  987.4, 300,19.6,22.6, 0.0,  0, 0.0000,     0,17.3,19.8,39.0, 25,    17,    13, 0.9261, 1.0735
M5,05/07/23,15:01:53,     5,  4349,   433,  987.4, 300,19.6,22.6, 0.0,  0, 0.0000,     0,17.3,19.8,39.0, 25,    18,    14, 0.9251, 0.9770
M5,05/07/23,15:01:54,     5,  4350,   434,  987.4, 300,19.6,22.6, 0.0,  0, 0.0000,     0,17.3,19.8,39.0, 25,    19,    15, 0.9346, 0.9286
M5,05/07/23,15:01:55,     5,  4351,   435,  987.4, 300,19.6,22.6, 0.0,  0, 0.0000,     0,17.3,19.8,39.0, 25,    20,    16, 0.9650, 0.8598
M5,05/07/23,15:01:56,     5,  4352,   436,  987.4, 300,19.6,22.6, 0.0,  0, 0.0000,     0,17.3,19.9,39.0, 25,    21,    17, 0.9973, 0.8224
M5,05/07/23,15:01:57,     5,  4353,   437,  987.4, 300,19.6,22.6, 0.0,  0, 0.0000,     0,17.3,19.9,39.0, 25,    22,    18, 1.0130, 0.8504
M5,05/07/23,15:01:58,     5,  4354,   438,  987.4, 300,19.6,22.6, 0.0,  0, 0.0000,     0,17.3,19.9,39.0, 25,    23,    19, 1.0300, 0.8587
M5,05/07/23,15:01:59,     5,  4355,   439,  987.4, 300,19.6,22.6, 0.0,  0, 0.0000,     0,17.3,19.9,39.0, 25,    24,    20, 1.0556, 0.8393
M5,05/07/23,15:02:00,     5,  4356,   440,  987.4, 300,19.6,22.6, 0.0,  0, 0.0000,     0,17.3,19.9,39.0, 25,    25,    21, 1.0682, 0.8660
M5,05/07/23,15:02:01,     5,  4357,   440,  987.4, 300,19.6,22.6, 0.0,  0, 0.0000,     0,17.3,19.9,39.0, 25,    25,    22, 1.0733, 0.9057
M5,05/07/23,15:02:02,     5,  4358,   441,  987.4, 300,19.6,22.6, 0.0,  0, 0.0000,     0,17.3,19.9,39.0, 25,    26,    23, 1.0736, 0.9446
M5,05/07/23,15:02:03,     5,  4359,   442,  987.4, 300,19.6,22.6, 0.0,  0, 0.0000,     0,17.3,19.9,39.0, 25,    27,    24, 1.0673, 0.9950
M5,05/07/23,15:02:04,     5,  4360,   443,  987.4, 300,19.6,22.6, 0.0,  0, 0.0000,     0,17.3,19.9,39.0, 25,    28,    25, 1.0611, 1.0297
M5,05/07/23,15:02:05,     5,  4361,   444,  987.4, 300,19.6,22.6, 0.0,  0, 0.0000,     0,17.3,19.9,39.0, 25,    29,    26, 1.0557, 1.0534
M5,05/07/23,15:02:06,     5,  4362,   444,  987.4, 300,19.6,22.6, 0.0,  0, 0.0000,     0,17.3,19.9,39.0, 25,    29,    27, 1.0509, 1.0693
M5,05/07/23,15:02:07,     5,  4363,   445,  987.4, 300,19.6,22.6, 0.0,  0, 0.0000,     0,17.3,19.9,39.0, 25,    30,    28, 1.0498, 1.0693
M5,05/07/23,15:02:08,     5,  4364,   446,  987.4, 300,19.6,22.6, 0.0,  0, 0.0000,     0,17.3,19.9,39.0, 25,    31,    29, 1.0483, 1.0708
M5,05/07/23,15:02:09,     5,  4365,   447,  987.4, 300,19.6,22.6, 0.0,  0, 0.0000,     0,17.3,19.9,39.0, 25,    32,    30, 1.0489, 1.0638
M5,05/07/23,15:02:10,     5,  4366,   448,  987.4, 300,19.6,22.6, 0.0,  0, 0.0000,     0,17.3,19.9,39.0, 25,    33,    31, 1.0513, 1.0532
M5,05/07/23,15:02:11,     5,  4367,   449,  987.4, 300,19.6,22.6, 0.0,  0, 0.0000,     0,17.3,19.9,39.0, 25,    34,    32, 1.0521, 1.0480
M5,05/07/23,15:02:12,     5,  4368,   450,  987.4, 300,19.6,22.6, 0.0,  0, 0.0000,     0,17.3,19.9,39.0, 25,    35,    33, 1.0526, 1.0471
M5,05/07/23,15:02:13,     5,  4369,   451,  987.4, 300,19.6,22.6, 0.0,  0, 0.0000,     0,17.3,19.9,39.0, 25,    36,    34, 1.0506, 1.0547
M5,05/07/23,15:02:14,     5,  4370,   452,  987.4, 300,19.6,22.6, 0.0,  0, 0.0000,     0,17.3,19.9,39.0, 25,    37,    35, 1.0486, 1.0608
M5,05/07/23,15:02:15,     5,  4371,   452,  987.4, 300,19.6,22.6, 0.0,  0, 0.0000,     0,17.3,19.9,39.0, 25,    37,    36, 1.0451, 1.0713
M5,05/07/23,15:02:16,     5,  4372,   453,  987.4, 300,19.6,22.6, 0.0,  0, 0.0000,     0,17.3,19.9,39.0, 25,    38,    37, 1.0404, 1.0838
M5,05/07/23,15:02:17,     5,  4373,   454,  987.4, 300,19.6,22.6, 0.0,  0, 0.0000,     0,17.3,19.9,39.0, 25,    39,    38, 1.0364, 1.0921
M5,05/07/23,15:02:18,     5,  4374,   455,  987.4, 300,19.5,22.6, 0.0,  0, 0.0000,     0,17.3,19.9,39.0, 25,    40,    39, 1.0341, 1.0924
M5,05/07/23,15:02:19,     5,  4375,   456,  987.4, 300,19.5,22.6, 0.0,  0, 0.0000,     0,17.3,19.9,39.0, 25,    41,    40, 1.0334, 1.0878
M5,05/07/23,15:02:20,     5,  4376,   457,  987.4, 300,19.5,22.6, 0.0,  0, 0.0000,     0,17.3,19.9,39.0, 25,    42,    41, 1.0326, 1.0840
M5,05/07/23,15:02:21,     5,  4377,   458,  987.4, 300,19.5,22.6, 0.0,  0, 0.0000,     0,17.3,19.9,39.0, 25,    43,    42, 1.0319, 1.0808
M5,05/07/23,15:02:22,     5,  4378,   458,  987.4, 300,19.5,22.6, 0.0,  0, 0.0000,     0,17.3,19.9,39.0, 25,    43,    43, 1.0301, 1.0817
M5,05/07/23,15:02:23,     5,  4379,   459,  987.4, 300,19.5,22.6, 0.0,  0, 0.0000,     0,17.3,19.9,39.0, 25,    44,    44, 1.0283, 1.0816
M5,05/07/23,15:02:24,     5,  4380,   460,  987.4, 300,19.5,22.6, 0.0,  0, 0.0000,     0,17.3,19.9,39.0, 25,    45,    45, 1.0270, 1.0808
M5,05/07/23,15:02:25,     5,  4381,   461,  987.4, 300,19.5,22.6, 0.0,  0, 0.0000,     0,17.3,19.9,39.0, 25,    46,    46, 1.0248, 1.0827
M5,05/07/23,15:02:26,     5,  4382,   461,  987.4, 300,19.5,22.6, 0.0,  0, 0.0000,     0,17.3,19.9,39.0, 25,    46,    47, 1.0214, 1.0895
M5,05/07/23,15:02:27,     5,  4383,   462,  987.4, 300,19.5,22.6, 0.0,  0, 0.0000,     0,17.3,19.9,39.0, 25,    47,    48, 1.0176, 1.0964
M5,05/07/23,15:02:28,     5,  4384,   463,  987.4, 300,19.5,22.6, 0.0,  0, 0.0000,     0,17.3,19.9,39.0, 25,    48,    49, 1.0136, 1.1035
M5,05/07/23,15:02:29,     5,  4385,   463,  987.4, 300,19.5,22.6, 0.0,  0, 0.0000,     0,17.3,19.9,39.0, 25,    48,    50, 1.0101, 1.1077
M5,05/07/23,15:02:30,     5,  4386,   464,  987.4, 300,19.5,22.6, 0.0,  0, 0.0000,     0,17.3,19.9,39.0, 25,    49,    51, 1.0071, 1.1096
M5,05/07/23,15:02:31,     5,  4387,   465,  987.4, 300,19.5,22.6, 0.0,  0, 0.0000,     0,17.3,19.9,39.0, 25,    50,    52, 1.0045, 1.1099
R5,05/07/23,15:02:31,     5,  4387,   465,  987.4, 300,19.5,22.6, 0.0,  0, 0.0000,     0,17.3,19.9,39.0, 25,    50,    52, 1.0045, 1.1099
End
Start
M5,05/07/23,15:04:54,     6,  4529,   433,  987.3, 300,19.3,22.4, 0.0,  0, 0.0000,     0,17.3,19.2,21.4, 20,     5,     1, 0.0000, 0.0000
M5,05/07/23,15:04:55,     6,  4530,   436,  987.3, 300,19.3,22.4, 0.0,  0, 0.0000,     0,17.3,19.2,21.4, 20,     8,     2, 0.0000, 0.0000
M5,05/07/23,15:04:56,     6,  4531,   438,  987.3, 300,19.3,22.4, 0.0,  0, 0.0000,     0,17.3,19.3,21.4, 20,    10,     3, 0.0000, 0.0000
M5,05/07/23,15:04:57,     6,  4532,   439,  987.3, 300,19.3,22.4, 0.0,  0, 0.0000,     0,17.3,19.3,21.4, 20,    12,     4, 0.0000, 0.0000
M5,05/07/23,15:04:58,     6,  4533,   441,  987.3, 300,19.3,22.4, 0.0,  0, 0.0000,     0,17.3,19.3,21.4, 20,    13,     5, 0.0000, 0.0000
M5,05/07/23,15:04:59,     6,  4534,   442,  987.3, 300,19.3,22.4, 0.0,  0, 0.0000,     0,17.3,19.3,21.4, 20,    14,     6, 0.0000, 0.0000
M5,05/07/23,15:05:00,     6,  4535,   443,  987.3, 300,19.3,22.4, 0.0,  0, 0.0000,     0,17.3,19.3,21.4, 20,    15,     7, 0.0000, 0.0000
M5,05/07/23,15:05:01,     6,  4536,   443,  987.3, 300,19.3,22.4, 0.0,  0, 0.0000,     0,17.3,19.3,21.4, 20,    15,     8, 0.0000, 0.0000
M5,05/07/23,15:05:02,     6,  4537,   444,  987.3, 300,19.3,22.4, 0.0,  0, 0.0000,     0,17.3,19.4,21.4, 20,    16,     9, 0.0000, 0.0000
M5,05/07/23,15:05:03,     6,  4538,   445,  987.3, 300,19.3,22.4, 0.0,  0, 0.0000,     0,17.3,19.4,21.4, 25,    17,    10, 0.0000, 0.0000
M5,05/07/23,15:05:04,     6,  4539,   445,  987.3, 300,19.3,22.4, 0.0,  0, 0.0000,     0,17.3,19.4,21.4, 25,    18,    11, 0.0000, 0.0000
M5,05/07/23,15:05:05,     6,  4540,   446,  987.3, 300,19.3,22.4, 0.0,  0, 0.0000,     0,17.3,19.4,21.4, 25,    18,    12, 0.0000, 0.0000
M5,05/07/23,15:05:06,     6,  4541,   447,  987.3, 300,19.3,22.4, 0.0,  0, 0.0000,     0,17.3,19.4,21.4, 25,    19,    13, 0.9498, 0.9494
M5,05/07/23,15:05:07,     6,  4542,   448,  987.3, 300,19.3,22.4, 0.0,  0, 0.0000,     0,17.3,19.4,21.4, 25,    20,    14, 0.9697, 0.9138
M5,05/07/23,15:05:08,     6,  4543,   448,  987.3, 300,19.3,22.4, 0.0,  0, 0.0000,     0,17.3,19.4,21.4, 25,    20,    15, 0.9250, 1.0392
M5,05/07/23,15:05:09,     6,  4544,   449,  987.3, 300,19.3,22.4, 0.0,  0, 0.0000,     0,17.3,19.4,21.4, 25,    21,    16, 0.8765, 1.1006
M5,05/07/23,15:05:10,     6,  4545,   449,  987.3, 300,19.3,22.4, 0.0,  0, 0.0000,     0,17.3,19.5,21.4, 25,    21,    17, 0.8345, 1.1122
M5,05/07/23,15:05:11,     6,  4546,   450,  987.3, 300,19.3,22.4, 0.0,  0, 0.0000,     0,17.3,19.5,21.4, 25,    22,    18, 0.8142, 1.0611
M5,05/07/23,15:05:12,     6,  4547,   451,  987.3, 300,19.3,22.4, 0.0,  0, 0.0000,     0,17.3,19.5,21.4, 25,    23,    19, 0.8150, 0.9714
M5,05/07/23,15:05:13,     6,  4548,   452,  987.3, 300,19.3,22.4, 0.0,  0, 0.0000,     0,17.3,19.5,21.4, 25,    24,    20, 0.8257, 0.8917
M5,05/07/23,15:05:14,     6,  4549,   453,  987.3, 300,19.3,22.4, 0.0,  0, 0.0000,     0,17.3,19.5,21.4, 25,    25,    21, 0.8394, 0.8308
M5,05/07/23,15:05:15,     6,  4550,   453,  987.3, 300,19.3,22.4, 0.0,  0, 0.0000,     0,17.3,19.5,21.4, 25,    25,    22, 0.8476, 0.8091
M5,05/07/23,15:05:16,     6,  4551,   454,  987.3, 300,19.3,22.4, 0.0,  0, 0.0000,     0,17.3,19.5,21.4, 25,    26,    23, 0.8510, 0.8044
M5,05/07/23,15:05:17,     6,  4552,   454,  987.3, 300,19.3,22.4, 0.0,  0, 0.0000,     0,17.3,19.5,21.4, 25,    27,    24, 0.8482, 0.8248
M5,05/07/23,15:05:18,     6,  4553,   455,  987.3, 300,19.3,22.4, 0.0,  0, 0.0000,     0,17.3,19.5,21.4, 25,    27,    25, 0.8459, 0.8379
M5,05/07/23,15:05:19,     6,  4554,   455,  987.3, 300,19.3,22.4, 0.0,  0, 0.0000,     0,17.3,19.5,21.4, 25,    28,    26, 0.8362, 0.8728
M5,05/07/23,15:05:20,     6,  4555,   456,  987.3, 300,19.3,22.4, 0.0,  0, 0.0000,     0,17.3,19.5,21.4, 25,    28,    27, 0.8253, 0.9010
M5,05/07/23,15:05:21,     6,  4556,   456,  987.3, 300,19.3,22.4, 0.0,  0, 0.0000,     0,17.3,19.5,21.6, 25,    28,    28, 0.8104, 0.9329
M5,05/07/23,15:05:22,     6,  4557,   457,  987.3, 300,19.3,22.4, 0.0,  0, 0.0000,     0,17.3,19.5,21.6, 25,    29,    29, 0.7973, 0.9541
M5,05/07/23,15:05:23,     6,  4558,   457,  987.3, 300,19.3,22.4, 0.0,  0, 0.0000,     0,17.3,19.6,21.6, 25,    29,    30, 0.7856, 0.9671
M5,05/07/23,15:05:24,     6,  4559,   458,  987.3, 300,19.3,22.4, 0.0,  0, 0.0000,     0,17.3,19.6,21.6, 25,    30,    31, 0.7771, 0.9653
M5,05/07/23,15:05:25,     6,  4560,   459,  987.3, 300,19.2,22.4, 0.0,  0, 0.0000,     0,17.3,19.6,21.6, 25,    31,    32, 0.7709, 0.9536
M5,05/07/23,15:05:26,     6,  4561,   459,  987.3, 300,19.2,22.4, 0.0,  0, 0.0000,     0,17.3,19.6,21.6, 25,    31,    33, 0.7652, 0.9453
M5,05/07/23,15:05:27,     6,  4562,   460,  987.3, 300,19.2,22.4, 0.0,  0, 0.0000,     0,17.3,19.6,21.6, 25,    32,    34, 0.7593, 0.9387
M5,05/07/23,15:05:28,     6,  4563,   460,  987.3, 300,19.3,22.4, 0.0,  0, 0.0000,     0,17.3,19.6,21.6, 25,    32,    35, 0.7538, 0.9332
M5,05/07/23,15:05:29,     6,  4564,   461,  987.3, 300,19.3,22.4, 0.0,  0, 0.0000,     0,17.3,19.6,21.6, 25,    33,    36, 0.7499, 0.9222
M5,05/07/23,15:05:30,     6,  4565,   462,  987.3, 300,19.3,22.4, 0.0,  0, 0.0000,     0,17.3,19.6,21.6, 25,    34,    37, 0.7473, 0.9082
M5,05/07/23,15:05:31,     6,  4566,   463,  987.3, 300,19.3,22.4, 0.0,  0, 0.0000,     0,17.3,19.6,21.6, 25,    35,    38, 0.7472, 0.8876
M5,05/07/23,15:05:32,     6,  4567,   463,  987.3, 300,19.2,22.4, 0.0,  0, 0.0000,     0,17.3,19.6,21.6, 25,    35,    39, 0.7474, 0.8683
M5,05/07/23,15:05:33,     6,  4568,   464,  987.3, 300,19.2,22.4, 0.0,  0, 0.0000,     0,17.3,19.6,21.6, 25,    36,    40, 0.7458, 0.8596
M5,05/07/23,15:05:34,     6,  4569,   464,  987.3, 300,19.2,22.4, 0.0,  0, 0.0000,     0,17.3,19.6,21.6, 25,    36,    41, 0.7425, 0.8577
M5,05/07/23,15:05:35,     6,  4570,   464,  987.3, 300,19.3,22.4, 0.0,  0, 0.0000,     0,17.3,19.6,21.6, 25,    36,    42, 0.7396, 0.8568
M5,05/07/23,15:05:36,     6,  4571,   465,  987.3, 300,19.3,22.4, 0.0,  0, 0.0000,     0,17.3,19.6,21.6, 25,    37,    43, 0.7352, 0.8596
M5,05/07/23,15:05:37,     6,  4572,   465,  987.3, 300,19.3,22.4, 0.0,  0, 0.0000,     0,17.3,19.6,21.6, 25,    37,    44, 0.7310, 0.8613
M5,05/07/23,15:05:38,     6,  4573,   466,  987.3, 300,19.3,22.4, 0.0,  0, 0.0000,     0,17.3,19.6,21.6, 25,    38,    45, 0.7261, 0.8655
M5,05/07/23,15:05:39,     6,  4574,   466,  987.3, 300,19.3,22.4, 0.0,  0, 0.0000,     0,17.3,19.6,21.6, 25,    38,    46, 0.7204, 0.8709
M5,05/07/23,15:05:40,     6,  4575,   467,  987.3, 300,19.3,22.4, 0.0,  0, 0.0000,     0,17.3,19.6,21.6, 25,    39,    47, 0.7162, 0.8712
M5,05/07/23,15:05:41,     6,  4576,   467,  987.3, 300,19.3,22.4, 0.0,  0, 0.0000,     0,17.3,19.6,21.6, 25,    39,    48, 0.7122, 0.8704
M5,05/07/23,15:05:42,     6,  4577,   468,  987.3, 300,19.2,22.4, 0.0,  0, 0.0000,     0,17.3,19.6,21.6, 25,    40,    49, 0.7098, 0.8631
M5,05/07/23,15:05:43,     6,  4578,   469,  987.3, 300,19.2,22.4, 0.0,  0, 0.0000,     0,17.3,19.6,21.6, 25,    41,    50, 0.7084, 0.8540
M5,05/07/23,15:05:44,     6,  4579,   469,  987.3, 300,19.2,22.4, 0.0,  0, 0.0000,     0,17.3,19.6,21.6, 25,    41,    51, 0.7077, 0.8438
M5,05/07/23,15:05:45,     6,  4580,   470,  987.3, 300,19.2,22.4, 0.0,  0, 0.0000,     0,17.3,19.6,21.6, 25,    42,    52, 0.7074, 0.8327
M5,05/07/23,15:05:46,     6,  4581,   470,  987.3, 300,19.3,22.4, 0.0,  0, 0.0000,     0,17.3,19.6,21.6, 25,    43,    53, 0.7064, 0.8260
M5,05/07/23,15:05:47,     6,  4582,   471,  987.3, 300,19.3,22.4, 0.0,  0, 0.0000,     0,17.3,19.6,21.6, 25,    43,    54, 0.7039, 0.8249
M5,05/07/23,15:05:48,     6,  4583,   471,  987.3, 300,19.2,22.4, 0.0,  0, 0.0000,     0,17.3,19.6,21.6, 25,    43,    55, 0.7008, 0.8256
M5,05/07/23,15:05:49,     6,  4584,   471,  987.3, 300,19.2,22.4, 0.0,  0, 0.0000,     0,17.3,19.6,21.6, 25,    43,    56, 0.6969, 0.8297
M5,05/07/23,15:05:50,     6,  4585,   471,  987.3, 300,19.2,22.4, 0.0,  0, 0.0000,     0,17.3,19.6,21.6, 25,    44,    57, 0.6928, 0.8344
M5,05/07/23,15:05:51,     6,  4586,   472,  987.3, 300,19.2,22.4, 0.0,  0, 0.0000,     0,17.3,19.6,21.6, 25,    44,    58, 0.6885, 0.8393
M5,05/07/23,15:05:52,     6,  4587,   472,  987.3, 300,19.2,22.4, 0.0,  0, 0.0000,     0,17.3,19.6,21.6, 25,    45,    59, 0.6850, 0.8406
M5,05/07/23,15:05:53,     6,  4588,   473,  987.3, 300,19.2,22.3, 0.0,  0, 0.0000,     0,17.3,19.6,21.6, 25,    45,    60, 0.6822, 0.8388
R5,05/07/23,15:05:53,     6,  4588,   473,  987.3, 300,19.2,22.3, 0.0,  0, 0.0000,     0,17.3,19.6,21.6, 25,    45,    60, 0.6822, 0.8388
End
Start
M5,05/07/23,15:07:02,     6,  4656,   423,  987.3, 300,19.2,22.3, 0.0,  0, 0.0000,     0,17.2,19.0,21.6, 20,     2,     1, 0.0000, 0.0000
M5,05/07/23,15:07:03,     6,  4657,   424,  987.3, 300,19.2,22.3, 0.0,  0, 0.0000,     0,17.2,19.1,21.6, 20,     4,     2, 0.0000, 0.0000
M5,05/07/23,15:07:04,     6,  4658,   426,  987.3, 300,19.2,22.3, 0.0,  0, 0.0000,     0,17.2,19.1,21.6, 20,     5,     3, 0.0000, 0.0000
M5,05/07/23,15:07:05,     6,  4659,   427,  987.3, 300,19.2,22.3, 0.0,  0, 0.0000,     0,17.2,19.1,21.6, 20,     6,     4, 0.0000, 0.0000
M5,05/07/23,15:07:06,     6,  4660,   427,  987.3, 300,19.2,22.3, 0.0,  0, 0.0000,     0,17.2,19.1,21.6, 20,     7,     5, 0.0000, 0.0000
M5,05/07/23,15:07:07,     6,  4661,   428,  987.3, 300,19.2,22.3, 0.0,  0, 0.0000,     0,17.2,19.1,21.6, 20,     8,     6, 0.0000, 0.0000
M5,05/07/23,15:07:08,     6,  4662,   429,  987.3, 300,19.2,22.3, 0.0,  0, 0.0000,     0,17.2,19.1,21.6, 20,     9,     7, 0.0000, 0.0000
M5,05/07/23,15:07:09,     6,  4663,   429,  987.3, 300,19.2,22.3, 0.0,  0, 0.0000,     0,17.2,19.1,21.6, 20,     9,     8, 0.0000, 0.0000
M5,05/07/23,15:07:10,     6,  4664,   430,  987.3, 300,19.2,22.3, 0.0,  0, 0.0000,     0,17.2,19.2,21.6, 20,    10,     9, 0.0000, 0.0000
M5,05/07/23,15:07:11,     6,  4665,   431,  987.3, 300,19.2,22.3, 0.0,  0, 0.0000,     0,17.2,19.2,21.6, 25,    11,    10, 0.0000, 0.0000
M5,05/07/23,15:07:12,     6,  4666,   431,  987.3, 300,19.2,22.3, 0.0,  0, 0.0000,     0,17.2,19.2,21.6, 25,    11,    11, 0.0000, 0.0000
M5,05/07/23,15:07:13,     6,  4667,   432,  987.3, 300,19.2,22.3, 0.0,  0, 0.0000,     0,17.2,19.2,21.6, 25,    12,    12, 0.0000, 0.0000
M5,05/07/23,15:07:14,     6,  4668,   433,  987.3, 300,19.2,22.3, 0.0,  0, 0.0000,     0,17.2,19.2,21.6, 25,    12,    13, 0.7323, 0.7331
M5,05/07/23,15:07:15,     6,  4669,   433,  987.3, 300,19.2,22.3, 0.0,  0, 0.0000,     0,17.2,19.2,21.6, 25,    13,    14, 0.7512, 0.6929
M5,05/07/23,15:07:16,     6,  4670,   434,  987.3, 300,19.2,22.3, 0.0,  0, 0.0000,     0,17.2,19.2,21.6, 25,    14,    15, 0.7662, 0.6928
M5,05/07/23,15:07:17,     6,  4671,   434,  987.3, 300,19.2,22.3, 0.0,  0, 0.0000,     0,17.2,19.2,21.6, 25,    14,    16, 0.7549, 0.7540
M5,05/07/23,15:07:18,     6,  4672,   435,  987.3, 300,19.2,22.3, 0.0,  0, 0.0000,     0,17.2,19.2,21.6, 25,    15,    17, 0.7384, 0.7963
M5,05/07/23,15:07:19,     6,  4673,   435,  987.3, 300,19.2,22.3, 0.0,  0, 0.0000,     0,17.2,19.3,21.6, 25,    15,    18, 0.7219, 0.8172
M5,05/07/23,15:07:20,     6,  4674,   436,  987.3, 300,19.2,22.3, 0.0,  0, 0.0000,     0,17.2,19.3,21.6, 25,    16,    19, 0.7188, 0.7933
M5,05/07/23,15:07:21,     6,  4675,   437,  987.3, 300,19.2,22.3, 0.0,  0, 0.0000,     0,17.2,19.3,21.6, 25,    16,    20, 0.7123, 0.7887
M5,05/07/23,15:07:22,     6,  4676,   437,  987.3, 300,19.2,22.3, 0.0,  0, 0.0000,     0,17.2,19.3,21.6, 25,    17,    21, 0.7047, 0.7887
M5,05/07/23,15:07:23,     6,  4677,   438,  987.3, 300,19.2,22.3, 0.0,  0, 0.0000,     0,17.2,19.3,21.6, 25,    18,    22, 0.7038, 0.7687
M5,05/07/23,15:07:24,     6,  4678,   439,  987.3, 300,19.2,22.3, 0.0,  0, 0.0000,     0,17.2,19.3,21.4, 25,    18,    23, 0.7059, 0.7436
M5,05/07/23,15:07:25,     6,  4679,   439,  987.3, 300,19.2,22.3, 0.0,  0, 0.0000,     0,17.2,19.3,21.4, 25,    19,    24, 0.7105, 0.7206
M5,05/07/23,15:07:26,     6,  4680,   440,  987.3, 300,19.2,22.3, 0.0,  0, 0.0000,     0,17.2,19.3,21.4, 25,    19,    25, 0.7073, 0.7304
M5,05/07/23,15:07:27,     6,  4681,   440,  987.3, 300,19.2,22.3, 0.0,  0, 0.0000,     0,17.2,19.3,21.4, 25,    20,    26, 0.6990, 0.7524
M5,05/07/23,15:07:28,     6,  4682,   440,  987.3, 300,19.2,22.3, 0.0,  0, 0.0000,     0,17.2,19.3,21.4, 25,    20,    27, 0.6875, 0.7768
M5,05/07/23,15:07:29,     6,  4683,   441,  987.3, 300,19.2,22.3, 0.0,  0, 0.0000,     0,17.2,19.3,21.4, 25,    20,    28, 0.6785, 0.7892
M5,05/07/23,15:07:30,     6,  4684,   441,  987.3, 300,19.2,22.3, 0.0,  0, 0.0000,     0,17.2,19.3,21.6, 25,    21,    29, 0.6740, 0.7840
M5,05/07/23,15:07:31,     6,  4685,   442,  987.3, 300,19.2,22.3, 0.0,  0, 0.0000,     0,17.2,19.3,21.6, 25,    22,    30, 0.6705, 0.7793
M5,05/07/23,15:07:32,     6,  4686,   442,  987.3, 300,19.2,22.3, 0.0,  0, 0.0000,     0,17.2,19.3,21.6, 25,    22,    31, 0.6643, 0.7819
M5,05/07/23,15:07:33,     6,  4687,   443,  987.3, 300,19.2,22.3, 0.0,  0, 0.0000,     0,17.2,19.4,21.6, 25,    22,    32, 0.6590, 0.7808
M5,05/07/23,15:07:34,     6,  4688,   443,  987.3, 300,19.2,22.3, 0.0,  0, 0.0000,     0,17.2,19.4,21.6, 25,    23,    33, 0.6545, 0.7772
M5,05/07/23,15:07:35,     6,  4689,   444,  987.3, 300,19.2,22.3, 0.0,  0, 0.0000,     0,17.2,19.4,21.5, 25,    24,    34, 0.6506, 0.7721
M5,05/07/23,15:07:36,     6,  4690,   444,  987.3, 300,19.2,22.3, 0.0,  0, 0.0000,     0,17.2,19.4,21.5, 25,    24,    35, 0.6455, 0.7722
M5,05/07/23,15:07:37,     6,  4691,   445,  987.3, 300,19.2,22.3, 0.0,  0, 0.0000,     0,17.2,19.4,21.5, 25,    24,    36, 0.6412, 0.7694
M5,05/07/23,15:07:38,     6,  4692,   445,  987.3, 300,19.2,22.3, 0.0,  0, 0.0000,     0,17.2,19.4,21.5, 25,    25,    37, 0.6376, 0.7647
M5,05/07/23,15:07:39,     6,  4693,   446,  987.3, 300,19.2,22.3, 0.0,  0, 0.0000,     0,17.2,19.4,21.5, 25,    26,    38, 0.6360, 0.7539
M5,05/07/23,15:07:40,     6,  4694,   446,  987.3, 300,19.2,22.3, 0.0,  0, 0.0000,     0,17.2,19.4,21.6, 25,    26,    39, 0.6345, 0.7442
M5,05/07/23,15:07:41,     6,  4695,   447,  987.3, 300,19.2,22.3, 0.0,  0, 0.0000,     0,17.2,19.4,21.6, 25,    27,    40, 0.6344, 0.7309
M5,05/07/23,15:07:42,     6,  4696,   448,  987.3, 300,19.2,22.3, 0.0,  0, 0.0000,     0,17.2,19.4,21.6, 25,    27,    41, 0.6356, 0.7160
M5,05/07/23,15:07:43,     6,  4697,   448,  987.3, 300,19.2,22.3, 0.0,  0, 0.0000,     0,17.2,19.4,21.6, 25,    28,    42, 0.6364, 0.7040
M5,05/07/23,15:07:44,     6,  4698,   449,  987.3, 300,19.2,22.3, 0.0,  0, 0.0000,     0,17.2,19.4,21.6, 25,    28,    43, 0.6367, 0.6946
M5,05/07/23,15:07:45,     6,  4699,   449,  987.3, 300,19.2,22.3, 0.0,  0, 0.0000,     0,17.2,19.4,21.6, 25,    29,    44, 0.6370, 0.6872
M5,05/07/23,15:07:46,     6,  4700,   450,  987.3, 300,19.2,22.3, 0.0,  0, 0.0000,     0,17.2,19.4,21.3, 25,    29,    45, 0.6363, 0.6846
M5,05/07/23,15:07:47,     6,  4701,   450,  987.3, 300,19.2,22.3, 0.0,  0, 0.0000,     0,17.2,19.4,21.3, 25,    30,    46, 0.6366, 0.6791
M5,05/07/23,15:07:48,     6,  4702,   451,  987.3, 300,19.2,22.3, 0.0,  0, 0.0000,     0,17.2,19.4,21.3, 25,    31,    47, 0.6383, 0.6687
M5,05/07/23,15:07:49,     6,  4703,   452,  987.3, 300,19.2,22.3, 0.0,  0, 0.0000,     0,17.2,19.4,21.3, 25,    31,    48, 0.6396, 0.6608
M5,05/07/23,15:07:50,     6,  4704,   452,  987.3, 300,19.2,22.3, 0.0,  0, 0.0000,     0,17.2,19.4,21.3, 25,    32,    49, 0.6400, 0.6575
M5,05/07/23,15:07:51,     6,  4705,   452,  987.3, 300,19.2,22.3, 0.0,  0, 0.0000,     0,17.2,19.4,21.5, 25,    32,    50, 0.6393, 0.6575
M5,05/07/23,15:07:52,     6,  4706,   453,  987.3, 300,19.2,22.3, 0.0,  0, 0.0000,     0,17.2,19.4,21.5, 25,    33,    51, 0.6388, 0.6576
M5,05/07/23,15:07:53,     6,  4707,   453,  987.3, 300,19.2,22.3, 0.0,  0, 0.0000,     0,17.2,19.4,21.5, 25,    33,    52, 0.6377, 0.6601
M5,05/07/23,15:07:54,     6,  4708,   454,  987.3, 300,19.2,22.3, 0.0,  0, 0.0000,     0,17.2,19.4,21.5, 25,    34,    53, 0.6374, 0.6598
M5,05/07/23,15:07:55,     6,  4709,   455,  987.3, 300,19.2,22.3, 0.0,  0, 0.0000,     0,17.2,19.4,21.5, 25,    34,    54, 0.6382, 0.6550
M5,05/07/23,15:07:56,     6,  4710,   455,  987.3, 300,19.2,22.3, 0.0,  0, 0.0000,     0,17.2,19.4,21.3, 25,    35,    55, 0.6390, 0.6514
M5,05/07/23,15:07:57,     6,  4711,   456,  987.3, 300,19.2,22.3, 0.0,  0, 0.0000,     0,17.2,19.4,21.3, 25,    36,    56, 0.6400, 0.6462
M5,05/07/23,15:07:58,     6,  4712,   456,  987.3, 300,19.2,22.3, 0.0,  0, 0.0000,     0,17.2,19.4,21.3, 25,    36,    57, 0.6409, 0.6423
M5,05/07/23,15:07:59,     6,  4713,   457,  987.3, 300,19.2,22.3, 0.0,  0, 0.0000,     0,17.2,19.4,21.3, 25,    36,    58, 0.6407, 0.6431
M5,05/07/23,15:08:00,     6,  4714,   457,  987.3, 300,19.2,22.3, 0.0,  0, 0.0000,     0,17.2,19.4,21.3, 25,    37,    59, 0.6399, 0.6457
M5,05/07/23,15:08:01,     6,  4715,   457,  987.3, 300,19.2,22.3, 0.0,  0, 0.0000,     0,17.2,19.4,21.3, 25,    37,    60, 0.6392, 0.6479
R5,05/07/23,15:08:01,     6,  4715,   457,  987.3, 300,19.2,22.3, 0.0,  0, 0.0000,     0,17.2,19.4,21.3, 25,    37,    60, 0.6392, 0.6479
End
Start
M5,05/07/23,15:08:45,     6,  4759,   421,  987.3, 300,19.1,22.2, 0.0,  0, 0.0000,     0,17.2,18.9,21.6, 20,     2,     1, 0.0000, 0.0000
M5,05/07/23,15:08:46,     6,  4760,   422,  987.3, 300,19.1,22.2, 0.0,  0, 0.0000,     0,17.2,18.9,21.6, 20,     3,     2, 0.0000, 0.0000
M5,05/07/23,15:08:47,     6,  4761,   423,  987.3, 300,19.1,22.2, 0.0,  0, 0.0000,     0,17.2,19.0,21.6, 20,     4,     3, 0.0000, 0.0000
M5,05/07/23,15:08:48,     6,  4762,   423,  987.3, 300,19.1,22.2, 0.0,  0, 0.0000,     0,17.2,19.0,21.6, 20,     5,     4, 0.0000, 0.0000
M5,05/07/23,15:08:49,     6,  4763,   424,  987.3, 300,19.1,22.2, 0.0,  0, 0.0000,     0,17.2,19.0,21.6, 20,     5,     5, 0.0000, 0.0000
M5,05/07/23,15:08:50,     6,  4764,   425,  987.3, 300,19.1,22.2, 0.0,  0, 0.0000,     0,17.2,19.0,21.6, 20,     6,     6, 0.0000, 0.0000
M5,05/07/23,15:08:51,     6,  4765,   425,  987.3, 300,19.1,22.2, 0.0,  0, 0.0000,     0,17.2,19.0,21.6, 20,     6,     7, 0.0000, 0.0000
M5,05/07/23,15:08:52,     6,  4766,   426,  987.3, 300,19.1,22.2, 0.0,  0, 0.0000,     0,17.2,19.0,21.6, 20,     7,     8, 0.0000, 0.0000
M5,05/07/23,15:08:53,     6,  4767,   426,  987.3, 300,19.1,22.2, 0.0,  0, 0.0000,     0,17.2,19.0,21.6, 20,     8,     9, 0.0000, 0.0000
M5,05/07/23,15:08:54,     6,  4768,   427,  987.3, 300,19.1,22.2, 0.0,  0, 0.0000,     0,17.2,19.0,21.6, 25,     8,    10, 0.0000, 0.0000
M5,05/07/23,15:08:55,     6,  4769,   427,  987.3, 300,19.1,22.2, 0.0,  0, 0.0000,     0,17.2,19.1,21.3, 25,     9,    11, 0.0000, 0.0000
M5,05/07/23,15:08:56,     6,  4770,   428,  987.3, 300,19.1,22.2, 0.0,  0, 0.0000,     0,17.2,19.1,21.3, 25,     9,    12, 0.0000, 0.0000
M5,05/07/23,15:08:57,     6,  4771,   429,  987.3, 300,19.1,22.2, 0.0, 21, 0.0000,     0,17.2,19.1,21.3, 25,    10,    13, 0.7912, 0.3337
M5,05/07/23,15:08:58,     6,  4772,   430,  987.3, 300,19.1,22.2, 0.0, 21, 0.0000,     0,17.2,19.1,21.3, 25,    11,    14, 0.9134, 0.3901
M5,05/07/23,15:08:59,     6,  4773,   430,  987.3, 300,19.1,22.2, 0.0, 21, 0.0000,     0,17.2,19.1,21.3, 25,    12,    15, 0.9339, 0.6243
M5,05/07/23,15:09:00,     6,  4774,   431,  987.3, 300,19.1,22.2, 0.0,  0, 0.0000,     0,17.2,19.1,21.6, 25,    12,    16, 0.8855, 0.8841
M5,05/07/23,15:09:01,     6,  4775,   431,  987.3, 300,19.1,22.2, 0.0,  0, 0.0000,     0,17.2,19.1,21.6, 25,    13,    17, 0.8420, 0.9930
M5,05/07/23,15:09:02,     6,  4776,   432,  987.3, 300,19.1,22.2, 0.0,  0, 0.0000,     0,17.2,19.1,21.6, 25,    13,    18, 0.7927, 1.0657
M5,05/07/23,15:09:03,     6,  4777,   432,  987.3, 300,19.1,22.2, 0.0,  0, 0.0000,     0,17.2,19.1,21.6, 25,    13,    19, 0.7461, 1.0981
M5,05/07/23,15:09:04,     6,  4778,   433,  987.3, 300,19.1,22.2, 0.0,  0, 0.0000,     0,17.2,19.1,21.6, 25,    14,    20, 0.7235, 1.0510
M5,05/07/23,15:09:05,     6,  4779,   433,  987.3, 300,19.1,22.2, 0.0,  0, 0.0000,     0,17.2,19.1,21.6, 25,    15,    21, 0.7140, 0.9829
M5,05/07/23,15:09:06,     6,  4780,   434,  987.3, 300,19.1,22.2, 0.0,  0, 0.0000,     0,17.2,19.1,21.3, 25,    15,    22, 0.7116, 0.9166
M5,05/07/23,15:09:07,     6,  4781,   435,  987.3, 300,19.1,22.2, 0.0,  0, 0.0000,     0,17.2,19.1,21.3, 25,    16,    23, 0.7129, 0.8595
M5,05/07/23,15:09:08,     6,  4782,   435,  987.3, 300,19.1,22.2, 0.0,  0, 0.0000,     0,17.2,19.1,21.3, 25,    16,    24, 0.7063, 0.8451
M5,05/07/23,15:09:09,     6,  4783,   435,  987.3, 300,19.1,22.2, 0.0,  0, 0.0000,     0,17.2,19.1,21.3, 25,    17,    25, 0.6953, 0.8486
M5,05/07/23,15:09:10,     6,  4784,   436,  987.3, 300,19.1,22.2, 0.0,  0, 0.0000,     0,17.2,19.2,21.3, 25,    17,    26, 0.6857, 0.8448
M5,05/07/23,15:09:11,     6,  4785,   436,  987.3, 300,19.1,22.2, 0.0,  0, 0.0000,     0,17.2,19.2,21.3, 25,    18,    27, 0.6780, 0.8377
M5,05/07/23,15:09:12,     6,  4786,   437,  987.3, 300,19.1,22.2, 0.0,  0, 0.0000,     0,17.2,19.2,21.3, 25,    18,    28, 0.6755, 0.8179
M5,05/07/23,15:09:13,     6,  4787,   438,  987.3, 300,19.1,22.2, 0.0,  0, 0.0000,     0,17.2,19.2,21.3, 25,    19,    29, 0.6723, 0.8022
M5,05/07/23,15:09:14,     6,  4788,   438,  987.3, 300,19.1,22.2, 0.0,  0, 0.0000,     0,17.2,19.2,21.3, 25,    19,    30, 0.6692, 0.7898
M5,05/07/23,15:09:15,     6,  4789,   438,  987.3, 300,19.1,22.2, 0.0,  0, 0.0000,     0,17.2,19.2,21.3, 25,    20,    31, 0.6637, 0.7877
M5,05/07/23,15:09:16,     6,  4790,   439,  987.3, 300,19.1,22.2, 0.0,  0, 0.0000,     0,17.2,19.2,21.6, 25,    20,    32, 0.6567, 0.7910
M5,05/07/23,15:09:17,     6,  4791,   439,  987.3, 300,19.1,22.2, 0.0,  0, 0.0000,     0,17.2,19.2,21.6, 25,    20,    33, 0.6510, 0.7897
M5,05/07/23,15:09:18,     6,  4792,   440,  987.3, 300,19.1,22.2, 0.0,  0, 0.0000,     0,17.2,19.2,21.6, 25,    21,    34, 0.6462, 0.7854
M5,05/07/23,15:09:19,     6,  4793,   440,  987.3, 300,19.1,22.2, 0.0,  0, 0.0000,     0,17.2,19.2,21.6, 25,    21,    35, 0.6419, 0.7791
M5,05/07/23,15:09:21,     6,  4794,   441,  987.3, 300,19.1,22.2, 0.0,  0, 0.0000,     0,17.2,19.2,21.6, 25,    22,    36, 0.6385, 0.7719
M5,05/07/23,15:09:22,     6,  4795,   441,  987.3, 300,19.1,22.2, 0.0,  0, 0.0000,     0,17.2,19.2,21.6, 25,    22,    37, 0.6342, 0.7697
M5,05/07/23,15:09:23,     6,  4796,   441,  987.3, 300,19.1,22.2, 0.0,  0, 0.0000,     0,17.2,19.2,21.6, 25,    23,    38, 0.6291, 0.7700
M5,05/07/23,15:09:24,     6,  4797,   442,  987.3, 300,19.1,22.2, 0.0,  0, 0.0000,     0,17.2,19.2,21.6, 25,    23,    39, 0.6245, 0.7673
M5,05/07/23,15:09:25,     6,  4798,   442,  987.3, 300,19.1,22.2, 0.0,  0, 0.0000,     0,17.2,19.2,21.6, 25,    24,    40, 0.6209, 0.7626
M5,05/07/23,15:09:26,     6,  4799,   443,  987.3, 300,19.1,22.2, 0.0,  0, 0.0000,     0,17.2,19.2,21.6, 25,    24,    41, 0.6179, 0.7565
M5,05/07/23,15:09:27,     6,  4800,   443,  987.3, 300,19.1,22.2, 0.0,  0, 0.0000,     0,17.2,19.2,21.6, 25,    24,    42, 0.6145, 0.7535
M5,05/07/23,15:09:28,     6,  4801,   444,  987.3, 300,19.1,22.2, 0.0,  0, 0.0000,     0,17.0,19.2,21.6, 25,    25,    43, 0.6114, 0.7486
M5,05/07/23,15:09:29,     6,  4802,   444,  987.3, 300,19.1,22.2, 0.0,  0, 0.0000,     0,17.0,19.2,21.6, 25,    25,    44, 0.6091, 0.7428
M5,05/07/23,15:09:30,     6,  4803,   445,  987.3, 300,19.1,22.2, 0.0,  0, 0.0000,     0,17.0,19.3,21.6, 25,    26,    45, 0.6080, 0.7327
M5,05/07/23,15:09:31,     6,  4804,   446,  987.3, 300,19.1,22.2, 0.0,  0, 0.0000,     0,17.0,19.3,21.6, 25,    27,    46, 0.6078, 0.7199
M5,05/07/23,15:09:32,     6,  4805,   446,  987.3, 300,19.1,22.2, 0.0,  0, 0.0000,     0,17.0,19.3,21.6, 25,    27,    47, 0.6078, 0.7085
M5,05/07/23,15:09:33,     6,  4806,   447,  987.3, 300,19.1,22.2, 0.0,  0, 0.0000,     0,17.0,19.3,21.6, 25,    28,    48, 0.6078, 0.6985
M5,05/07/23,15:09:34,     6,  4807,   447,  987.3, 300,19.1,22.2, 0.0,  0, 0.0000,     0,17.0,19.3,21.6, 25,    28,    49, 0.6079, 0.6896
M5,05/07/23,15:09:35,     6,  4808,   447,  987.3, 300,19.1,22.2, 0.0,  0, 0.0000,     0,17.0,19.3,21.6, 25,    29,    50, 0.6073, 0.6842
M5,05/07/23,15:09:36,     6,  4809,   448,  987.3, 300,19.1,22.2, 0.0,  0, 0.0000,     0,17.0,19.3,21.6, 25,    29,    51, 0.6061, 0.6815
M5,05/07/23,15:09:37,     6,  4810,   448,  987.3, 300,19.1,22.2, 0.0,  0, 0.0000,     0,17.0,19.3,21.6, 25,    29,    52, 0.6044, 0.6807
M5,05/07/23,15:09:38,     6,  4811,   449,  987.3, 300,19.1,22.2, 0.0,  0, 0.0000,     0,17.0,19.3,21.6, 25,    30,    53, 0.6031, 0.6792
M5,05/07/23,15:09:39,     6,  4812,   449,  987.3, 300,19.1,22.2, 0.0,  0, 0.0000,     0,17.0,19.3,21.6, 25,    30,    54, 0.6013, 0.6792
M5,05/07/23,15:09:40,     6,  4813,   449,  987.3, 300,19.1,22.2, 0.0,  0, 0.0000,     0,17.0,19.3,21.6, 25,    30,    55, 0.5987, 0.6824
M5,05/07/23,15:09:41,     6,  4814,   450,  987.3, 300,19.1,22.2, 0.0,  0, 0.0000,     0,17.0,19.3,21.6, 25,    31,    56, 0.5964, 0.6839
M5,05/07/23,15:09:42,     6,  4815,   450,  987.3, 300,19.1,22.2, 0.0,  0, 0.0000,     0,17.0,19.3,21.6, 25,    31,    57, 0.5945, 0.6840
M5,05/07/23,15:09:43,     6,  4816,   451,  987.3, 300,19.1,22.2, 0.0,  0, 0.0000,     0,17.0,19.3,21.6, 25,    32,    58, 0.5920, 0.6846
M5,05/07/23,15:09:44,     6,  4817,   451,  987.3, 300,19.1,22.2, 0.0,  0, 0.0000,     0,17.2,19.3,21.6, 25,    32,    59, 0.5897, 0.6859
M5,05/07/23,15:09:45,     6,  4818,   451,  987.3, 300,19.1,22.2, 0.0,  0, 0.0000,     0,17.2,19.3,21.6, 25,    32,    60, 0.5875, 0.6879
R5,05/07/23,15:09:45,     6,  4818,   451,  987.3, 300,19.1,22.2, 0.0,  0, 0.0000,     0,17.2,19.3,21.6, 25,    32,    60, 0.5875, 0.6879
End
Start
M5,05/07/23,15:10:34,     6,  4867,   429,  987.3, 300,19.1,22.1, 0.0,  0, 0.0000,     0,17.0,19.0,21.6, 20,     3,     1, 0.0000, 0.0000
M5,05/07/23,15:10:35,     6,  4868,   431,  987.3, 300,19.1,22.1, 0.0,  0, 0.0000,     0,17.0,19.1,21.6, 20,     5,     2, 0.0000, 0.0000
M5,05/07/23,15:10:36,     6,  4869,   432,  987.3, 300,19.1,22.2, 0.0,  0, 0.0000,     0,17.0,19.1,21.6, 20,     6,     3, 0.0000, 0.0000
M5,05/07/23,15:10:37,     6,  4870,   432,  987.3, 300,19.1,22.2, 0.0,  0, 0.0000,     0,17.0,19.1,21.6, 20,     6,     4, 0.0000, 0.0000
M5,05/07/23,15:10:38,     6,  4871,   433,  987.3, 300,19.1,22.2, 0.0,  0, 0.0000,     0,17.0,19.1,21.6, 20,     7,     5, 0.0000, 0.0000
M5,05/07/23,15:10:39,     6,  4872,   434,  987.3, 300,19.1,22.2, 0.0,  0, 0.0000,     0,17.0,19.1,21.6, 20,     8,     6, 0.0000, 0.0000
M5,05/07/23,15:10:40,     6,  4873,   435,  987.3, 300,19.1,22.1, 0.0,  0, 0.0000,     0,17.0,19.1,21.6, 20,     9,     7, 0.0000, 0.0000
M5,05/07/23,15:10:41,     6,  4874,   435,  987.3, 300,19.1,22.1, 0.0,  0, 0.0000,     0,17.0,19.1,21.6, 20,     9,     8, 0.0000, 0.0000
M5,05/07/23,15:10:42,     6,  4875,   436,  987.3, 300,19.1,22.1, 0.0,  0, 0.0000,     0,17.0,19.1,21.6, 20,    10,     9, 0.0000, 0.0000
M5,05/07/23,15:10:43,     6,  4876,   437,  987.3, 300,19.1,22.1, 0.0,  0, 0.0000,     0,17.0,19.1,21.6, 25,    11,    10, 0.0000, 0.0000
M5,05/07/23,15:10:44,     6,  4877,   437,  987.3, 300,19.1,22.1, 0.0,  0, 0.0000,     0,17.0,19.1,21.6, 25,    11,    11, 0.0000, 0.0000
M5,05/07/23,15:10:45,     6,  4878,   438,  987.3, 300,19.1,22.2, 0.0,  0, 0.0000,     0,17.0,19.2,21.6, 25,    12,    12, 0.0000, 0.0000
M5,05/07/23,15:10:46,     6,  4879,   438,  987.3, 300,19.1,22.2, 0.0,  0, 0.0000,     0,17.0,19.2,21.6, 25,    12,    13, 0.5817, 0.5814
M5,05/07/23,15:10:47,     6,  4880,   439,  987.3, 300,19.1,22.2, 0.0,  0, 0.0000,     0,17.0,19.2,21.6, 25,    12,    14, 0.5805, 0.5809
M5,05/07/23,15:10:48,     6,  4881,   439,  987.3, 300,19.1,22.2, 0.0,  0, 0.0000,     0,17.0,19.2,21.6, 25,    13,    15, 0.5849, 0.5691
M5,05/07/23,15:10:49,     6,  4882,   440,  987.3, 300,19.1,22.1, 0.0,  0, 0.0000,     0,17.0,19.2,21.6, 25,    14,    16, 0.6095, 0.5105
M5,05/07/23,15:10:50,     6,  4883,   441,  987.3, 300,19.1,22.1, 0.0, 21, 0.0000,     0,17.0,19.2,21.6, 25,    14,    17, 0.6553, 0.4371
M5,05/07/23,15:10:51,     6,  4884,   441,  987.3, 300,19.1,22.1, 0.0, 21, 0.0000,     0,17.0,19.2,21.6, 25,    15,    18, 0.7013, 0.3979
M5,05/07/23,15:10:52,     6,  4885,   442,  987.3, 300,19.1,22.1, 0.0, 21, 0.0000,     0,17.0,19.2,21.6, 25,    16,    19, 0.7318, 0.4204
M5,05/07/23,15:10:53,     6,  4886,   442,  987.3, 300,19.1,22.1, 0.0, 21, 0.0000,     0,17.0,19.2,21.6, 25,    16,    20, 0.7329, 0.5156
M5,05/07/23,15:10:54,     6,  4887,   443,  987.3, 300,19.1,22.1, 0.0,  0, 0.0000,     0,17.0,19.2,21.6, 25,    17,    21, 0.7207, 0.6131
M5,05/07/23,15:10:55,     6,  4888,   443,  987.3, 300,19.1,22.1, 0.0,  0, 0.0000,     0,17.0,19.2,21.6, 25,    17,    22, 0.7101, 0.6741
M5,05/07/23,15:10:56,     6,  4889,   444,  987.3, 300,19.1,22.1, 0.0,  0, 0.0000,     0,17.0,19.2,21.6, 25,    18,    23, 0.7011, 0.7121
M5,05/07/23,15:10:57,     6,  4890,   444,  987.3, 300,19.1,22.1, 0.0,  0, 0.0000,     0,17.0,19.3,21.6, 25,    18,    24, 0.6929, 0.7349
M5,05/07/23,15:10:58,     6,  4891,   445,  987.3, 300,19.1,22.1, 0.0,  0, 0.0000,     0,17.0,19.3,21.6, 25,    19,    25, 0.6812, 0.7624
M5,05/07/23,15:10:59,     6,  4892,   445,  987.3, 300,19.1,22.1, 0.0,  0, 0.0000,     0,17.0,19.3,21.6, 25,    19,    26, 0.6715, 0.7743
M5,05/07/23,15:11:00,     6,  4893,   446,  987.3, 300,19.1,22.1, 0.0,  0, 0.0000,     0,17.0,19.3,21.6, 25,    20,    27, 0.6678, 0.7652
M5,05/07/23,15:11:01,     6,  4894,   446,  987.3, 300,19.1,22.1, 0.0,  0, 0.0000,     0,17.0,19.3,21.6, 25,    20,    28, 0.6641, 0.7572
M5,05/07/23,15:11:02,     6,  4895,   447,  987.3, 300,19.1,22.1, 0.0,  0, 0.0000,     0,17.0,19.3,21.6, 25,    21,    29, 0.6609, 0.7505
M5,05/07/23,15:11:03,     6,  4896,   447,  987.3, 300,19.1,22.1, 0.0,  0, 0.0000,     0,17.0,19.3,21.6, 25,    21,    30, 0.6560, 0.7540
M5,05/07/23,15:11:04,     6,  4897,   448,  987.3, 300,19.1,22.1, 0.0,  0, 0.0000,     0,17.0,19.3,21.6, 25,    22,    31, 0.6514, 0.7531
M5,05/07/23,15:11:05,     6,  4898,   448,  987.3, 300,19.1,22.1, 0.0,  0, 0.0000,     0,17.0,19.3,21.6, 25,    22,    32, 0.6430, 0.7650
M5,05/07/23,15:11:06,     6,  4899,   448,  987.3, 300,19.1,22.2, 0.0,  0, 0.0000,     0,17.0,19.3,21.6, 25,    22,    33, 0.6345, 0.7763
M5,05/07/23,15:11:07,     6,  4900,   449,  987.3, 300,19.1,22.2, 0.0,  0, 0.0000,     0,17.0,19.3,21.6, 25,    23,    34, 0.6275, 0.7790
M5,05/07/23,15:11:08,     6,  4901,   450,  987.3, 300,19.1,22.1, 0.0,  0, 0.0000,     0,17.0,19.3,21.6, 25,    23,    35, 0.6247, 0.7633
M5,05/07/23,15:11:09,     6,  4902,   450,  987.3, 300,19.1,22.1, 0.0,  0, 0.0000,     0,17.0,19.3,21.6, 25,    24,    36, 0.6247, 0.7440
M5,05/07/23,15:11:10,     6,  4903,   451,  987.3, 300,19.1,22.1, 0.0,  0, 0.0000,     0,17.0,19.3,21.6, 25,    25,    37, 0.6251, 0.7285
M5,05/07/23,15:11:11,     6,  4904,   451,  987.3, 300,19.1,22.1, 0.0,  0, 0.0000,     0,17.0,19.3,21.6, 25,    25,    38, 0.6236, 0.7203
M5,05/07/23,15:11:12,     6,  4905,   452,  987.3, 300,19.1,22.1, 0.0,  0, 0.0000,     0,17.0,19.3,21.6, 25,    26,    39, 0.6239, 0.7080
M5,05/07/23,15:11:13,     6,  4906,   452,  987.3, 300,19.1,22.1, 0.0,  0, 0.0000,     0,17.0,19.3,21.6, 25,    26,    40, 0.6251, 0.6931
M5,05/07/23,15:11:14,     6,  4907,   453,  987.3, 300,19.1,22.1, 0.0,  0, 0.0000,     0,17.0,19.3,21.6, 25,    27,    41, 0.6250, 0.6854
M5,05/07/23,15:11:15,     6,  4908,   453,  987.3, 300,19.1,22.1, 0.0,  0, 0.0000,     0,17.0,19.3,21.6, 25,    27,    42, 0.6235, 0.6826
M5,05/07/23,15:11:16,     6,  4909,   453,  987.3, 300,19.1,22.1, 0.0,  0, 0.0000,     0,17.0,19.3,21.6, 25,    27,    43, 0.6214, 0.6834
M5,05/07/23,15:11:17,     6,  4910,   454,  987.3, 300,19.1,22.1, 0.0,  0, 0.0000,     0,17.0,19.3,21.6, 25,    28,    44, 0.6198, 0.6832
M5,05/07/23,15:11:18,     6,  4911,   454,  987.3, 300,19.1,22.1, 0.0,  0, 0.0000,     0,17.0,19.3,21.6, 25,    28,    45, 0.6183, 0.6817
M5,05/07/23,15:11:19,     6,  4912,   455,  987.3, 300,19.1,22.1, 0.0,  0, 0.0000,     0,17.0,19.3,21.6, 25,    29,    46, 0.6171, 0.6796
M5,05/07/23,15:11:20,     6,  4913,   456,  987.3, 300,19.1,22.1, 0.0,  0, 0.0000,     0,17.0,19.4,21.6, 25,    30,    47, 0.6169, 0.6740
M5,05/07/23,15:11:21,     6,  4914,   456,  987.3, 300,19.1,22.1, 0.0,  0, 0.0000,     0,17.0,19.4,21.6, 25,    30,    48, 0.6175, 0.6660
M5,05/07/23,15:11:22,     6,  4915,   457,  987.3, 300,19.1,22.1, 0.0,  0, 0.0000,     0,17.0,19.4,21.6, 25,    31,    49, 0.6180, 0.6592
M5,05/07/23,15:11:23,     6,  4916,   457,  987.3, 300,19.1,22.1, 0.0,  0, 0.0000,     0,17.0,19.4,21.6, 25,    31,    50, 0.6186, 0.6532
M5,05/07/23,15:11:24,     6,  4917,   458,  987.3, 300,19.1,22.1, 0.0,  0, 0.0000,     0,17.0,19.4,21.6, 25,    32,    51, 0.6184, 0.6508
M5,05/07/23,15:11:25,     6,  4918,   458,  987.3, 300,19.1,22.1, 0.0,  0, 0.0000,     0,17.0,19.4,21.6, 25,    32,    52, 0.6182, 0.6484
M5,05/07/23,15:11:26,     6,  4919,   459,  987.3, 300,19.1,22.1, 0.0,  0, 0.0000,     0,17.0,19.4,21.6, 25,    33,    53, 0.6187, 0.6439
M5,05/07/23,15:11:27,     6,  4920,   459,  987.3, 300,19.1,22.1, 0.0,  0, 0.0000,     0,17.0,19.4,21.6, 25,    33,    54, 0.6192, 0.6400
M5,05/07/23,15:11:28,     6,  4921,   460,  987.3, 300,19.1,22.1, 0.0,  0, 0.0000,     0,17.0,19.4,21.6, 25,    34,    55, 0.6196, 0.6367
M5,05/07/23,15:11:29,     6,  4922,   460,  987.3, 300,19.1,22.1, 0.0,  0, 0.0000,     0,17.0,19.4,21.6, 25,    34,    56, 0.6188, 0.6379
M5,05/07/23,15:11:30,     6,  4923,   460,  987.3, 300,19.1,22.1, 0.0,  0, 0.0000,     0,17.0,19.4,21.6, 25,    34,    57, 0.6171, 0.6427
M5,05/07/23,15:11:31,     6,  4924,   461,  987.3, 300,19.1,22.1, 0.0,  0, 0.0000,     0,17.0,19.4,21.6, 25,    35,    58, 0.6153, 0.6483
M5,05/07/23,15:11:32,     6,  4925,   461,  987.3, 300,19.1,22.1, 0.0,  0, 0.0000,     0,17.0,19.4,21.6, 25,    35,    59, 0.6125, 0.6559
M5,05/07/23,15:11:33,     6,  4926,   461,  987.3, 300,19.1,22.1, 0.0,  0, 0.0000,     0,17.0,19.4,21.6, 25,    35,    60, 0.6101, 0.6615
R5,05/07/23,15:11:33,     6,  4926,   461,  987.3, 300,19.1,22.1, 0.0,  0, 0.0000,     0,17.0,19.4,21.6, 25,    35,    60, 0.6101, 0.6615
End
