Tag(M3),Date,Time,Plot_No,Rec_No,CO2,Pressure,Flow,H2O,Tsen,O2,Error,Aux_V,PAR,Tsoil,Tair,Msoil
Start
M5,26/07/23,11:51:12,     4,  2458,   400,  996.3, 300,23.1,27.1, 0.0,  0, 0.0000,     0,22.8,25.9,34.8, 20,     1,     1, 0.0000, 0.0000
M5,26/07/23,11:51:13,     4,  2459,   401,  996.3, 300,23.1,27.1, 0.0,  0, 0.0000,     0,22.8,25.9,34.8, 20,     3,     2, 0.0000, 0.0000
M5,26/07/23,11:51:14,     4,  2460,   402,  996.3, 300,23.1,27.1, 0.0,  0, 0.0000,     0,22.8,25.9,34.8, 20,     4,     3, 0.0000, 0.0000
M5,26/07/23,11:51:15,     4,  2461,   403,  996.3, 300,23.2,27.1, 0.0,  0, 0.0000,     0,22.8,26.0,34.8, 20,     5,     4, 0.0000, 0.0000
M5,26/07/23,11:51:16,     4,  2462,   404,  996.3, 300,23.2,27.1, 0.0,  0, 0.0000,     0,22.8,26.0,34.8, 20,     6,     5, 0.0000, 0.0000
M5,26/07/23,11:51:17,     4,  2463,   405,  996.3, 300,23.3,27.1, 0.0,  0, 0.0000,     0,22.8,26.0,34.8, 20,     7,     6, 0.0000, 0.0000
M5,26/07/23,11:51:18,     4,  2464,   406,  996.3, 300,23.3,27.1, 0.0,  0, 0.0000,     0,22.8,26.1,34.8, 20,     7,     7, 0.0000, 0.0000
M5,26/07/23,11:51:19,     4,  2465,   406,  996.3, 300,23.5,27.1, 0.0,  0, 0.0000,     0,22.8,26.1,34.8, 20,     8,     8, 0.0000, 0.0000
M5,26/07/23,11:51:20,     4,  2466,   407,  996.3, 300,23.5,27.1, 0.0,  0, 0.0000,     0,22.8,26.1,34.8, 20,     9,     9, 0.0000, 0.0000
M5,26/07/23,11:51:21,     4,  2467,   408,  996.3, 300,23.5,27.1, 0.0,  0, 0.0000,     0,22.8,26.1,34.8, 25,     9,    10, 0.0000, 0.0000
M5,26/07/23,11:51:22,     4,  2468,   408,  996.3, 300,23.6,27.1, 0.0,  0, 0.0000,     0,22.8,26.2,34.8, 25,    10,    11, 0.0000, 0.0000
M5,26/07/23,11:51:23,     4,  2469,   409,  996.3, 300,23.6,27.1, 0.0,  0, 0.0000,     0,22.8,26.2,34.8, 25,    11,    12, 0.0000, 0.0000
M5,26/07/23,11:51:24,     4,  2470,   410,  996.3, 300,23.8,27.1, 0.0,  0, 0.0000,     0,22.8,26.2,34.8, 25,    12,    13, 0.9804, 0.8230
M5,26/07/23,11:51:25,     4,  2471,   410,  996.3, 300,23.8,27.1, 0.0,  0, 0.0000,     0,22.8,26.2,34.8, 25,    12,    14, 0.8689, 1.0876
M5,26/07/23,11:51:26,     4,  2472,   411,  996.3, 300,24.0,27.1, 0.0,  0, 0.0000,     0,22.8,26.3,34.8, 25,    12,    15, 0.7884, 1.1719
M5,26/07/23,11:51:27,     4,  2473,   411,  996.3, 300,24.0,27.1, 0.0,  0, 0.0000,     0,22.8,26.3,34.8, 25,    13,    16, 0.7529, 1.0473
M5,26/07/23,11:51:28,     4,  2474,   412,  996.3, 300,24.0,27.1, 0.0,  0, 0.0000,     0,22.8,26.3,34.8, 25,    13,    17, 0.7420, 0.9306
M5,26/07/23,11:51:29,     4,  2475,   413,  996.3, 300,24.1,27.1, 0.0,  0, 0.0000,     0,22.8,26.3,34.8, 25,    14,    18, 0.7395, 0.8933
M5,26/07/23,11:51:30,     4,  2476,   413,  996.3, 300,24.1,27.1, 0.0,  0, 0.0000,     0,22.8,26.3,34.8, 25,    15,    19, 0.7346, 0.8357
M5,26/07/23,11:51:31,     4,  2477,   414,  996.3, 300,24.3,27.1, 0.0,  0, 0.0000,     0,22.8,26.3,34.8, 25,    15,    20, 0.7355, 0.8233
M5,26/07/23,11:51:32,     4,  2478,   414,  996.3, 300,24.3,27.1, 0.0,  0, 0.0000,     0,22.8,26.4,34.8, 25,    16,    21, 0.7323, 0.7908
M5,26/07/23,11:51:33,     4,  2479,   415,  996.3, 300,24.5,27.1, 0.0,  0, 0.0000,     0,22.8,26.4,34.8, 25,    17,    22, 0.7466, 0.7482
M5,26/07/23,11:51:34,     4,  2480,   415,  996.3, 300,24.5,27.1, 0.0,  0, 0.0000,     0,22.8,26.4,34.8, 25,    17,    23, 0.7405, 0.7521
M5,26/07/23,11:51:35,     4,  2481,   416,  996.3, 300,24.5,27.1, 0.0,  0, 0.0000,     0,22.8,26.4,34.8, 25,    18,    24, 0.7382, 0.7446
M5,26/07/23,11:51:36,     4,  2482,   417,  996.3, 300,24.7,27.1, 0.0,  0, 0.0000,     0,22.8,26.4,34.8, 25,    18,    25, 0.7387, 0.7519
M5,26/07/23,11:51:37,     4,  2483,   417,  996.3, 300,24.7,27.1, 0.0,  0, 0.0000,     0,22.8,26.5,34.8, 25,    19,    26, 0.7366, 0.7451
M5,26/07/23,11:51:38,     4,  2484,   418,  996.3, 300,24.8,27.1, 0.0,  0, 0.0000,     0,22.8,26.5,34.8, 25,    19,    27, 0.7387, 0.7521
M5,26/07/23,11:51:39,     4,  2485,   418,  996.3, 300,24.8,27.1, 0.0,  0, 0.0000,     0,22.8,26.5,34.8, 25,    20,    28, 0.7367, 0.7460
M5,26/07/23,11:51:40,     4,  2486,   419,  996.3, 300,25.0,27.1, 0.0,  0, 0.0000,     0,22.8,26.5,34.8, 25,    21,    29, 0.7427, 0.7313
M5,26/07/23,11:51:41,     4,  2487,   420,  996.3, 300,25.0,27.1, 0.0,  0, 0.0000,     0,22.8,26.5,34.8, 25,    21,    30, 0.7425, 0.7249
M5,26/07/23,11:51:42,     4,  2488,   420,  996.3, 300,25.1,27.1, 0.0,  0, 0.0000,     0,22.8,26.6,34.8, 25,    22,    31, 0.7440, 0.7289
M5,26/07/23,11:51:43,     4,  2489,   421,  996.3, 300,25.1,27.1, 0.0,  0, 0.0000,     0,22.8,26.6,34.8, 25,    22,    32, 0.7432, 0.7260
M5,26/07/23,11:51:44,     4,  2490,   422,  996.3, 300,25.1,27.1, 0.0,  0, 0.0000,     0,22.8,26.6,34.8, 25,    23,    33, 0.7431, 0.7212
M5,26/07/23,11:51:45,     4,  2491,   422,  996.3, 300,25.3,27.1, 0.0,  0, 0.0000,     0,22.8,26.6,34.8, 25,    24,    34, 0.7473, 0.7194
M5,26/07/23,11:51:46,     4,  2492,   423,  996.3, 300,25.3,27.1, 0.0,  0, 0.0000,     0,22.8,26.6,34.8, 25,    24,    35, 0.7481, 0.7137
M5,26/07/23,11:51:47,     4,  2493,   424,  996.3, 300,25.4,27.1, 0.0,  0, 0.0000,     0,22.8,26.6,34.8, 25,    25,    36, 0.7534, 0.7053
M5,26/07/23,11:51:48,     4,  2494,   424,  996.3, 300,25.4,27.1, 0.0,  0, 0.0000,     0,22.8,26.6,34.8, 25,    26,    37, 0.7558, 0.6968
M5,26/07/23,11:51:49,     4,  2495,   425,  996.3, 300,25.5,27.1, 0.0,  0, 0.0000,     0,22.8,26.6,34.8, 25,    26,    38, 0.7590, 0.6973
M5,26/07/23,11:51:50,     4,  2496,   425,  996.3, 300,25.5,27.1, 0.0,  0, 0.0000,     0,22.8,26.6,34.8, 25,    27,    39, 0.7600, 0.6956
M5,26/07/23,11:51:51,     4,  2497,   426,  996.3, 300,25.5,27.1, 0.0,  0, 0.0000,     0,22.8,26.7,34.8, 25,    27,    40, 0.7599, 0.6982
M5,26/07/23,11:51:52,     4,  2498,   426,  996.3, 300,25.6,27.1, 0.0,  0, 0.0000,     0,22.8,26.7,34.8, 25,    28,    41, 0.7608, 0.7054
M5,26/07/23,11:51:53,     4,  2499,   427,  996.3, 300,25.6,27.1, 0.0,  0, 0.0000,     0,22.8,26.7,34.8, 25,    29,    42, 0.7624, 0.7011
M5,26/07/23,11:51:54,     4,  2500,   428,  996.3, 300,25.8,27.2, 0.0,  0, 0.0000,     0,22.8,26.7,34.8, 25,    30,    43, 0.7662, 0.6991
M5,26/07/23,11:51:55,     4,  2501,   429,  996.3, 300,25.8,27.2, 0.0,  0, 0.0000,     0,22.8,26.7,34.8, 25,    31,    44, 0.7697, 0.6891
M5,26/07/23,11:51:56,     4,  2502,   430,  996.3, 300,25.9,27.2, 0.0,  0, 0.0000,     0,22.8,26.7,34.8, 25,    31,    45, 0.7747, 0.6838
M5,26/07/23,11:51:57,     4,  2503,   430,  996.3, 300,25.9,27.2, 0.0,  0, 0.0000,     0,22.8,26.7,34.9, 25,    32,    46, 0.7774, 0.6787
M5,26/07/23,11:51:58,     4,  2504,   431,  996.3, 300,25.9,27.2, 0.0,  0, 0.0000,     0,22.8,26.7,34.9, 25,    33,    47, 0.7798, 0.6754
M5,26/07/23,11:51:59,     4,  2505,   432,  996.3, 300,26.0,27.2, 0.0,  0, 0.0000,     0,22.8,26.8,34.9, 25,    33,    48, 0.7824, 0.6775
M5,26/07/23,11:52:00,     4,  2506,   432,  996.3, 300,26.0,27.2, 0.0,  0, 0.0000,     0,22.8,26.8,34.9, 25,    34,    49, 0.7829, 0.6814
M5,26/07/23,11:52:01,     4,  2507,   432,  996.3, 300,26.1,27.2, 0.0,  0, 0.0000,     0,22.8,26.8,34.9, 25,    34,    50, 0.7836, 0.6914
M5,26/07/23,11:52:02,     4,  2508,   433,  996.3, 300,26.1,27.2, 0.0,  0, 0.0000,     0,22.8,26.8,34.8, 25,    35,    51, 0.7830, 0.6982
M5,26/07/23,11:52:03,     4,  2509,   434,  996.3, 300,26.2,27.2, 0.0,  0, 0.0000,     0,22.8,26.8,34.8, 25,    35,    52, 0.7846, 0.7028
M5,26/07/23,11:52:04,     4,  2510,   435,  996.3, 300,26.2,27.2, 0.0,  0, 0.0000,     0,22.8,26.8,34.8, 25,    36,    53, 0.7849, 0.7054
M5,26/07/23,11:52:05,     4,  2511,   435,  996.3, 300,26.3,27.2, 0.0,  0, 0.0000,     0,22.8,26.8,34.8, 25,    37,    54, 0.7860, 0.7086
M5,26/07/23,11:52:06,     4,  2512,   436,  996.3, 300,26.3,27.2, 0.0,  0, 0.0000,     0,22.8,26.8,34.8, 25,    37,    55, 0.7857, 0.7126
M5,26/07/23,11:52:07,     4,  2513,   436,  996.3, 300,26.3,27.2, 0.0,  0, 0.0000,     0,22.8,26.8,34.8, 25,    38,    56, 0.7850, 0.7178
M5,26/07/23,11:52:08,     4,  2514,   437,  996.3, 300,26.4,27.2, 0.0,  0, 0.0000,     0,22.8,26.8,34.8, 25,    38,    57, 0.7846, 0.7268
M5,26/07/23,11:52:09,     4,  2515,   437,  996.3, 300,26.4,27.2, 0.0,  0, 0.0000,     0,22.8,26.8,34.8, 25,    39,    58, 0.7833, 0.7330
M5,26/07/23,11:52:10,     4,  2516,   438,  996.3, 300,26.5,27.2, 0.0,  0, 0.0000,     0,22.8,26.8,34.8, 25,    40,    59, 0.7837, 0.7372
M5,26/07/23,11:52:11,     4,  2517,   439,  996.3, 300,26.5,27.2, 0.0,  0, 0.0000,     0,22.8,26.8,34.8, 25,    40,    60, 0.7828, 0.7412
R5,26/07/23,11:52:11,     4,  2517,   439,  996.3, 300,26.5,27.2, 0.0,  0, 0.0000,     0,22.8,26.8,34.8, 25,    40,    60, 0.7828, 0.7412
End
Start
M5,26/07/23,11:53:03,     4,  2568,   395,  996.3, 300,23.7,27.2, 0.0,  0, 0.0000,     0,22.8,26.3,34.8, 20,     1,     1, 0.0000, 0.0000
M5,26/07/23,11:53:04,     4,  2569,   396,  996.3, 300,23.8,27.3, 0.0,  0, 0.0000,     0,22.8,26.4,34.8, 20,     2,     2, 0.0000, 0.0000
M5,26/07/23,11:53:05,     4,  2570,   397,  996.3, 300,23.8,27.3, 0.0,  0, 0.0000,     0,22.8,26.4,34.8, 20,     3,     3, 0.0000, 0.0000
M5,26/07/23,11:53:06,     4,  2571,   398,  996.3, 300,23.9,27.3, 0.0,  0, 0.0000,     0,22.8,26.4,34.8, 20,     3,     4, 0.0000, 0.0000
M5,26/07/23,11:53:07,     4,  2572,   398,  996.3, 300,23.9,27.3, 0.0,  0, 0.0000,     0,22.8,26.4,34.8, 20,     4,     5, 0.0000, 0.0000
M5,26/07/23,11:53:08,     4,  2573,   399,  996.3, 300,23.9,27.3, 0.0,  0, 0.0000,     0,22.8,26.5,34.8, 20,     5,     6, 0.0000, 0.0000
M5,26/07/23,11:53:09,     4,  2574,   400,  996.3, 300,24.0,27.3, 0.0,  0, 0.0000,     0,22.8,26.5,34.8, 20,     6,     7, 0.0000, 0.0000
M5,26/07/23,11:53:10,     4,  2575,   401,  996.3, 300,24.0,27.3, 0.0,  0, 0.0000,     0,22.8,26.5,34.8, 20,     6,     8, 0.0000, 0.0000
M5,26/07/23,11:53:11,     4,  2576,   401,  996.3, 300,24.1,27.3, 0.0,  0, 0.0000,     0,22.8,26.6,34.8, 20,     7,     9, 0.0000, 0.0000
M5,26/07/23,11:53:12,     4,  2577,   402,  996.3, 300,24.1,27.3, 0.0,  0, 0.0000,     0,22.8,26.6,34.8, 25,     7,    10, 0.0000, 0.0000
M5,26/07/23,11:53:13,     4,  2578,   402,  996.3, 300,24.3,27.3, 0.0,  0, 0.0000,     0,22.8,26.6,34.8, 25,     8,    11, 0.0000, 0.0000
M5,26/07/23,11:53:14,     4,  2579,   403,  996.3, 300,24.3,27.3, 0.0,  0, 0.0000,     0,22.8,26.6,34.8, 25,     9,    12, 0.0000, 0.0000
M5,26/07/23,11:53:15,     4,  2580,   404,  996.3, 300,24.4,27.3, 0.0,  0, 0.0000,     0,22.8,26.7,34.8, 25,     9,    13, 0.7470, 0.6564
M5,26/07/23,11:53:16,     4,  2581,   404,  996.3, 300,24.4,27.3, 0.0,  0, 0.0000,     0,22.8,26.7,34.8, 25,    10,    14, 0.7154, 0.7359
M5,26/07/23,11:53:17,     4,  2582,   405,  996.3, 300,24.4,27.3, 0.0,  0, 0.0000,     0,22.8,26.7,34.8, 25,    10,    15, 0.7173, 0.6978
M5,26/07/23,11:53:18,     4,  2583,   405,  996.3, 300,24.6,27.3, 0.0,  0, 0.0000,     0,22.8,26.7,34.8, 25,    11,    16, 0.7386, 0.6843
M5,26/07/23,11:53:19,     4,  2584,   406,  996.3, 300,24.6,27.3, 0.0,  0, 0.0000,     0,22.8,26.7,34.8, 25,    12,    17, 0.7454, 0.6711
M5,26/07/23,11:53:20,     4,  2585,   407,  996.3, 300,24.8,27.3, 0.0,  0, 0.0000,     0,22.8,26.8,34.8, 25,    12,    18, 0.7768, 0.6457
M5,26/07/23,11:53:21,     4,  2586,   407,  996.3, 300,24.8,27.3, 0.0,  0, 0.0000,     0,22.8,26.8,34.8, 25,    13,    19, 0.7867, 0.6468
M5,26/07/23,11:53:22,     4,  2587,   408,  996.3, 300,24.9,27.3, 0.0,  0, 0.0000,     0,22.8,26.8,34.8, 25,    14,    20, 0.7988, 0.6674
M5,26/07/23,11:53:23,     4,  2588,   409,  996.3, 300,24.9,27.3, 0.0,  0, 0.0000,     0,22.8,26.8,34.8, 25,    14,    21, 0.7939, 0.7061
M5,26/07/23,11:53:24,     4,  2589,   409,  996.3, 300,24.9,27.3, 0.0,  0, 0.0000,     0,22.8,26.8,34.8, 25,    15,    22, 0.7910, 0.7269
M5,26/07/23,11:53:25,     4,  2590,   410,  996.3, 300,25.1,27.3, 0.0,  0, 0.0000,     0,22.8,26.9,34.8, 25,    15,    23, 0.7893, 0.7613
M5,26/07/23,11:53:26,     4,  2591,   410,  996.3, 300,25.1,27.3, 0.0,  0, 0.0000,     0,22.8,26.9,34.8, 25,    16,    24, 0.7844, 0.7730
M5,26/07/23,11:53:27,     4,  2592,   411,  996.3, 300,25.2,27.3, 0.0,  0, 0.0000,     0,22.8,26.9,34.8, 25,    17,    25, 0.7866, 0.7816
M5,26/07/23,11:53:28,     4,  2593,   412,  996.3, 300,25.2,27.3, 0.0,  0, 0.0000,     0,22.8,26.9,34.8, 25,    17,    26, 0.7843, 0.7802
M5,26/07/23,11:53:29,     4,  2594,   412,  996.3, 300,25.4,27.3, 0.0,  0, 0.0000,     0,22.8,26.9,34.8, 25,    18,    27, 0.7835, 0.7921
M5,26/07/23,11:53:30,     4,  2595,   413,  996.3, 300,25.4,27.3, 0.0,  0, 0.0000,     0,22.8,26.9,34.8, 25,    18,    28, 0.7800, 0.7931
M5,26/07/23,11:53:31,     4,  2596,   413,  996.3, 300,25.4,27.3, 0.0,  0, 0.0000,     0,22.8,26.9,34.8, 25,    19,    29, 0.7751, 0.7991
M5,26/07/23,11:53:32,     4,  2597,   414,  996.3, 300,25.5,27.3, 0.0,  0, 0.0000,     0,22.8,27.0,34.8, 25,    20,    30, 0.7759, 0.8032
M5,26/07/23,11:53:33,     4,  2598,   414,  996.3, 300,25.5,27.3, 0.0,  0, 0.0000,     0,22.8,27.0,34.8, 25,    20,    31, 0.7711, 0.8074
M5,26/07/23,11:53:34,     4,  2599,   415,  996.3, 300,25.6,27.3, 0.0,  0, 0.0000,     0,22.8,27.0,34.8, 25,    21,    32, 0.7699, 0.8084
M5,26/07/23,11:53:35,     4,  2600,   415,  996.3, 300,25.6,27.3, 0.0,  0, 0.0000,     0,22.8,27.0,34.8, 25,    21,    33, 0.7618, 0.8235
M5,26/07/23,11:53:36,     4,  2601,   416,  996.3, 300,25.7,27.3, 0.0,  0, 0.0000,     0,22.8,27.0,34.8, 25,    21,    34, 0.7566, 0.8376
M5,26/07/23,11:53:37,     4,  2602,   416,  996.3, 300,25.7,27.3, 0.0,  0, 0.0000,     0,22.8,27.0,34.8, 25,    22,    35, 0.7507, 0.8401
M5,26/07/23,11:53:38,     4,  2603,   417,  996.3, 300,25.9,27.3, 0.0,  0, 0.0000,     0,22.8,27.0,34.8, 25,    22,    36, 0.7476, 0.8451
M5,26/07/23,11:53:39,     4,  2604,   417,  996.3, 300,25.9,27.3, 0.0,  0, 0.0000,     0,22.8,27.1,34.8, 25,    23,    37, 0.7417, 0.8467
M5,26/07/23,11:53:40,     4,  2605,   418,  996.3, 300,25.9,27.3, 0.0,  0, 0.0000,     0,22.8,27.1,34.8, 25,    23,    38, 0.7361, 0.8477
M5,26/07/23,11:53:41,     4,  2606,   418,  996.3, 300,26.0,27.3, 0.0,  0, 0.0000,     0,22.8,27.1,34.8, 25,    24,    39, 0.7338, 0.8456
M5,26/07/23,11:53:42,     4,  2607,   419,  996.3, 300,26.0,27.3, 0.0,  0, 0.0000,     0,22.8,27.1,34.8, 25,    25,    40, 0.7307, 0.8380
M5,26/07/23,11:53:43,     4,  2608,   420,  996.3, 300,26.1,27.3, 0.0,  0, 0.0000,     0,22.8,27.1,34.8, 25,    26,    41, 0.7327, 0.8224
M5,26/07/23,11:53:44,     4,  2609,   421,  996.3, 300,26.1,27.3, 0.0,  0, 0.0000,     0,22.8,27.1,34.8, 25,    27,    42, 0.7352, 0.7987
M5,26/07/23,11:53:45,     4,  2610,   422,  996.3, 300,26.2,27.4, 0.0,  0, 0.0000,     0,22.8,27.1,34.8, 25,    28,    43, 0.7406, 0.7772
M5,26/07/23,11:53:46,     4,  2611,   423,  996.3, 300,26.2,27.4, 0.0,  0, 0.0000,     0,22.8,27.1,34.8, 25,    28,    44, 0.7437, 0.7579
M5,26/07/23,11:53:47,     4,  2612,   423,  996.3, 300,26.2,27.4, 0.0,  0, 0.0000,     0,22.8,27.1,34.8, 25,    29,    45, 0.7466, 0.7420
M5,26/07/23,11:53:48,     4,  2613,   424,  996.3, 300,26.3,27.3, 0.0,  0, 0.0000,     0,22.8,27.1,34.8, 25,    30,    46, 0.7502, 0.7300
M5,26/07/23,11:53:49,     4,  2614,   425,  996.3, 300,26.3,27.3, 0.0,  0, 0.0000,     0,22.8,27.2,34.8, 25,    30,    47, 0.7535, 0.7165
M5,26/07/23,11:53:50,     4,  2615,   426,  996.3, 300,26.4,27.3, 0.0,  0, 0.0000,     0,22.8,27.2,34.8, 25,    31,    48, 0.7587, 0.7045
M5,26/07/23,11:53:51,     4,  2616,   426,  996.3, 300,26.4,27.3, 0.0,  0, 0.0000,     0,22.8,27.2,34.8, 25,    32,    49, 0.7620, 0.6940
M5,26/07/23,11:53:52,     4,  2617,   427,  996.3, 300,26.5,27.4, 0.0,  0, 0.0000,     0,22.8,27.2,34.8, 25,    32,    50, 0.7656, 0.6900
M5,26/07/23,11:53:53,     4,  2618,   427,  996.3, 300,26.5,27.4, 0.0,  0, 0.0000,     0,22.8,27.2,34.8, 25,    33,    51, 0.7670, 0.6884
M5,26/07/23,11:53:54,     4,  2619,   428,  996.3, 300,26.5,27.4, 0.0,  0, 0.0000,     0,22.8,27.2,34.8, 25,    33,    52, 0.7677, 0.6896
M5,26/07/23,11:53:55,     4,  2620,   428,  996.3, 300,26.6,27.4, 0.0,  0, 0.0000,     0,22.8,27.2,34.8, 25,    34,    53, 0.7687, 0.6948
M5,26/07/23,11:53:56,     4,  2621,   429,  996.3, 300,26.6,27.4, 0.0,  0, 0.0000,     0,22.8,27.2,34.8, 25,    34,    54, 0.7686, 0.6982
M5,26/07/23,11:53:57,     4,  2622,   430,  996.3, 300,26.6,27.4, 0.0,  0, 0.0000,     0,22.8,27.2,34.8, 25,    35,    55, 0.7703, 0.6998
M5,26/07/23,11:53:58,     4,  2623,   430,  996.3, 300,26.6,27.4, 0.0,  0, 0.0000,     0,22.8,27.2,34.8, 25,    36,    56, 0.7709, 0.7004
M5,26/07/23,11:53:59,     4,  2624,   431,  996.3, 300,26.7,27.4, 0.0,  0, 0.0000,     0,22.8,27.2,34.8, 25,    36,    57, 0.7719, 0.7036
M5,26/07/23,11:54:00,     4,  2625,   431,  996.3, 300,26.7,27.4, 0.0,  0, 0.0000,     0,22.8,27.2,34.8, 25,    37,    58, 0.7711, 0.7091
M5,26/07/23,11:54:01,     4,  2626,   432,  996.3, 300,26.8,27.4, 0.0,  0, 0.0000,     0,22.8,27.2,34.8, 25,    37,    59, 0.7717, 0.7148
M5,26/07/23,11:54:02,     4,  2627,   433,  996.3, 300,26.8,27.4, 0.0,  0, 0.0000,     0,22.8,27.2,34.8, 25,    38,    60, 0.7717, 0.7166
R5,26/07/23,11:54:02,     4,  2627,   433,  996.3, 300,26.8,27.4, 0.0,  0, 0.0000,     0,22.8,27.2,34.8, 25,    38,    60, 0.7717, 0.7166
End
Start
M5,26/07/23,11:54:54,     4,  2679,   390,  996.3, 300,23.8,27.5, 0.0,  0, 0.0000,     0,23.0,26.9,34.8, 20,     0,     1, 0.0000, 0.0000
M5,26/07/23,11:54:55,     4,  2680,   391,  996.3, 300,23.8,27.5, 0.0,  0, 0.0000,     0,23.0,26.9,34.8, 20,     2,     2, 0.0000, 0.0000
M5,26/07/23,11:54:56,     4,  2681,   392,  996.3, 300,23.8,27.5, 0.0,  0, 0.0000,     0,23.0,27.0,34.8, 20,     2,     3, 0.0000, 0.0000
M5,26/07/23,11:54:57,     4,  2682,   393,  996.3, 300,23.9,27.5, 0.0,  0, 0.0000,     0,23.0,27.0,34.8, 20,     3,     4, 0.0000, 0.0000
M5,26/07/23,11:54:58,     4,  2683,   394,  996.3, 300,23.9,27.5, 0.0,  0, 0.0000,     0,23.0,27.0,34.8, 20,     4,     5, 0.0000, 0.0000
M5,26/07/23,11:54:59,     4,  2684,   394,  996.3, 300,24.0,27.5, 0.0,  0, 0.0000,     0,23.0,27.0,34.8, 20,     5,     6, 0.0000, 0.0000
M5,26/07/23,11:55:00,     4,  2685,   395,  996.3, 300,24.0,27.5, 0.0,  0, 0.0000,     0,23.0,27.1,34.8, 20,     5,     7, 0.0000, 0.0000
M5,26/07/23,11:55:01,     4,  2686,   396,  996.3, 300,24.1,27.5, 0.0,  0, 0.0000,     0,23.0,27.1,34.8, 20,     6,     8, 0.0000, 0.0000
M5,26/07/23,11:55:02,     4,  2687,   396,  996.3, 300,24.1,27.5, 0.0,  0, 0.0000,     0,23.0,27.1,34.8, 20,     6,     9, 0.0000, 0.0000
M5,26/07/23,11:55:03,     4,  2688,   397,  996.3, 300,24.1,27.5, 0.0,  0, 0.0000,     0,23.0,27.1,34.8, 25,     7,    10, 0.0000, 0.0000
M5,26/07/23,11:55:04,     4,  2689,   397,  996.3, 300,24.2,27.5, 0.0,  0, 0.0000,     0,23.0,27.2,34.8, 25,     8,    11, 0.0000, 0.0000
M5,26/07/23,11:55:05,     4,  2690,   398,  996.3, 300,24.2,27.5, 0.0,  0, 0.0000,     0,23.0,27.2,34.8, 25,     8,    12, 0.0000, 0.0000
M5,26/07/23,11:55:06,     4,  2691,   399,  996.3, 300,24.4,27.5, 0.0,  0, 0.0000,     0,23.0,27.2,34.8, 25,     9,    13, 0.9017, 0.9010
M5,26/07/23,11:55:07,     4,  2692,   399,  996.3, 300,24.4,27.5, 0.0,  0, 0.0000,     0,23.0,27.2,34.8, 25,    10,    14, 0.8335, 0.9927
M5,26/07/23,11:55:08,     4,  2693,   400,  996.3, 300,24.5,27.5, 0.0,  0, 0.0000,     0,23.0,27.2,34.8, 25,    10,    15, 0.8203, 0.9535
M5,26/07/23,11:55:09,     4,  2694,   401,  996.3, 300,24.5,27.5, 0.0,  0, 0.0000,     0,23.0,27.3,34.8, 25,    11,    16, 0.8273, 0.8516
M5,26/07/23,11:55:10,     4,  2695,   402,  996.3, 300,24.7,27.5, 0.0,  0, 0.0000,     0,23.0,27.3,34.8, 25,    12,    17, 0.8544, 0.7955
M5,26/07/23,11:55:11,     4,  2696,   402,  996.3, 300,24.7,27.5, 0.0,  0, 0.0000,     0,23.0,27.3,34.8, 25,    13,    18, 0.8695, 0.7589
M5,26/07/23,11:55:12,     4,  2697,   403,  996.3, 300,24.7,27.5, 0.0,  0, 0.0000,     0,23.0,27.3,34.8, 25,    13,    19, 0.8833, 0.7436
M5,26/07/23,11:55:13,     4,  2698,   404,  996.3, 300,24.8,27.5, 0.0,  0, 0.0000,     0,23.0,27.3,34.8, 25,    14,    20, 0.8841, 0.7978
M5,26/07/23,11:55:14,     4,  2699,   404,  996.3, 300,24.8,27.5, 0.0,  0, 0.0000,     0,23.0,27.3,34.8, 25,    14,    21, 0.8618, 0.8756
M5,26/07/23,11:55:15,     4,  2700,   404,  996.3, 300,25.0,27.6, 0.0,  0, 0.0000,     0,23.0,27.4,34.8, 25,    14,    22, 0.8369, 0.9671
M5,26/07/23,11:55:16,     4,  2701,   405,  996.3, 300,25.0,27.6, 0.0,  0, 0.0000,     0,23.0,27.4,34.8, 25,    15,    23, 0.8089, 1.0076
M5,26/07/23,11:55:17,     4,  2702,   405,  996.2, 300,25.1,27.5, 0.0,  0, 0.0000,     0,23.0,27.4,34.8, 25,    16,    24, 0.7948, 1.0111
M5,26/07/23,11:55:18,     4,  2703,   406,  996.2, 300,25.1,27.5, 0.0,  0, 0.0000,     0,23.0,27.4,34.8, 25,    16,    25, 0.7822, 0.9918
M5,26/07/23,11:55:19,     4,  2704,   407,  996.2, 300,25.1,27.5, 0.0,  0, 0.0000,     0,23.0,27.4,34.8, 25,    17,    26, 0.7738, 0.9652
M5,26/07/23,11:55:20,     4,  2705,   407,  996.2, 300,25.3,27.5, 0.0,  0, 0.0000,     0,23.0,27.4,34.8, 25,    17,    27, 0.7689, 0.9520
M5,26/07/23,11:55:21,     4,  2706,   408,  996.2, 300,25.3,27.5, 0.0,  0, 0.0000,     0,23.0,27.5,34.8, 25,    18,    28, 0.7595, 0.9394
M5,26/07/23,11:55:22,     4,  2707,   409,  996.2, 300,25.4,27.6, 0.0,  0, 0.0000,     0,23.0,27.5,34.8, 25,    19,    29, 0.7626, 0.9056
M5,26/07/23,11:55:23,     4,  2708,   409,  996.2, 300,25.4,27.6, 0.0,  0, 0.0000,     0,23.0,27.5,34.8, 25,    19,    30, 0.7622, 0.8741
M5,26/07/23,11:55:24,     4,  2709,   410,  996.2, 300,25.6,27.6, 0.0,  0, 0.0000,     0,23.0,27.5,34.8, 25,    20,    31, 0.7636, 0.8596
M5,26/07/23,11:55:26,     4,  2710,   410,  996.2, 300,25.6,27.6, 0.0,  0, 0.0000,     0,23.0,27.5,34.8, 25,    20,    32, 0.7599, 0.8495
M5,26/07/23,11:55:27,     4,  2711,   411,  996.2, 300,25.6,27.6, 0.0,  0, 0.0000,     0,23.0,27.5,34.8, 25,    21,    33, 0.7555, 0.8443
M5,26/07/23,11:55:28,     4,  2712,   411,  996.2, 300,25.7,27.6, 0.0,  0, 0.0000,     0,23.0,27.5,34.8, 25,    22,    34, 0.7547, 0.8380
M5,26/07/23,11:55:29,     4,  2713,   412,  996.2, 300,25.7,27.6, 0.0,  0, 0.0000,     0,23.0,27.5,34.8, 25,    22,    35, 0.7525, 0.8277
M5,26/07/23,11:55:30,     4,  2714,   413,  996.2, 300,25.8,27.6, 0.0,  0, 0.0000,     0,23.0,27.6,34.8, 25,    23,    36, 0.7522, 0.8248
M5,26/07/23,11:55:31,     4,  2715,   413,  996.2, 300,25.8,27.6, 0.0,  0, 0.0000,     0,23.0,27.6,34.8, 25,    24,    37, 0.7515, 0.8120
M5,26/07/23,11:55:32,     4,  2716,   414,  996.2, 300,25.9,27.6, 0.0,  0, 0.0000,     0,23.0,27.6,34.8, 25,    24,    38, 0.7537, 0.8023
M5,26/07/23,11:55:33,     4,  2717,   415,  996.2, 300,25.9,27.6, 0.0,  0, 0.0000,     0,23.0,27.6,34.8, 25,    25,    39, 0.7524, 0.7955
M5,26/07/23,11:55:34,     4,  2718,   415,  996.2, 300,26.0,27.6, 0.0,  0, 0.0000,     0,23.0,27.6,34.8, 25,    25,    40, 0.7520, 0.7940
M5,26/07/23,11:55:35,     4,  2719,   416,  996.2, 300,26.0,27.6, 0.0,  0, 0.0000,     0,23.0,27.6,34.8, 25,    26,    41, 0.7506, 0.7893
M5,26/07/23,11:55:36,     4,  2720,   416,  996.2, 300,26.0,27.6, 0.0,  0, 0.0000,     0,23.0,27.6,34.8, 25,    26,    42, 0.7481, 0.7892
M5,26/07/23,11:55:37,     4,  2721,   417,  996.2, 300,26.1,27.6, 0.0,  0, 0.0000,     0,23.0,27.6,34.8, 25,    27,    43, 0.7471, 0.7922
M5,26/07/23,11:55:38,     4,  2722,   417,  996.2, 300,26.1,27.6, 0.0,  0, 0.0000,     0,23.0,27.6,34.8, 25,    27,    44, 0.7449, 0.7909
M5,26/07/23,11:55:39,     4,  2723,   418,  996.2, 300,26.3,27.6, 0.0,  0, 0.0000,     0,23.0,27.6,34.8, 25,    28,    45, 0.7441, 0.7924
M5,26/07/23,11:55:40,     4,  2724,   418,  996.2, 300,26.3,27.6, 0.0,  0, 0.0000,     0,23.0,27.7,34.8, 25,    28,    46, 0.7414, 0.7933
M5,26/07/23,11:55:41,     4,  2725,   419,  996.2, 300,26.3,27.6, 0.0,  0, 0.0000,     0,23.0,27.7,34.8, 25,    29,    47, 0.7406, 0.7930
M5,26/07/23,11:55:42,     4,  2726,   419,  996.2, 300,26.3,27.6, 0.0,  0, 0.0000,     0,23.0,27.7,34.8, 25,    30,    48, 0.7382, 0.7926
M5,26/07/23,11:55:43,     4,  2727,   420,  996.2, 300,26.3,27.6, 0.0,  0, 0.0000,     0,23.0,27.7,34.8, 25,    30,    49, 0.7364, 0.7903
M5,26/07/23,11:55:44,     4,  2728,   421,  996.2, 300,26.5,27.6, 0.0,  0, 0.0000,     0,23.0,27.7,34.8, 25,    31,    50, 0.7359, 0.7907
M5,26/07/23,11:55:45,     4,  2729,   421,  996.2, 300,26.5,27.6, 0.0,  0, 0.0000,     0,23.0,27.7,34.8, 25,    31,    51, 0.7337, 0.7904
M5,26/07/23,11:55:46,     4,  2730,   422,  996.2, 300,26.5,27.6, 0.0,  0, 0.0000,     0,23.0,27.7,34.8, 25,    32,    52, 0.7322, 0.7915
M5,26/07/23,11:55:47,     4,  2731,   422,  996.2, 300,26.5,27.6, 0.0,  0, 0.0000,     0,23.0,27.7,34.8, 25,    32,    53, 0.7297, 0.7921
M5,26/07/23,11:55:48,     4,  2732,   423,  996.2, 300,26.6,27.6, 0.0,  0, 0.0000,     0,23.0,27.7,34.8, 25,    33,    54, 0.7284, 0.7941
M5,26/07/23,11:55:49,     4,  2733,   423,  996.2, 300,26.6,27.6, 0.0,  0, 0.0000,     0,23.0,27.7,34.8, 25,    33,    55, 0.7264, 0.7930
M5,26/07/23,11:55:50,     4,  2734,   424,  996.2, 300,26.6,27.6, 0.0,  0, 0.0000,     0,23.0,27.7,34.8, 25,    34,    56, 0.7248, 0.7905
M5,26/07/23,11:55:51,     4,  2735,   424,  996.2, 300,26.7,27.6, 0.0,  0, 0.0000,     0,23.0,27.8,34.8, 25,    35,    57, 0.7245, 0.7878
M5,26/07/23,11:55:52,     4,  2736,   425,  996.2, 300,26.7,27.6, 0.0,  0, 0.0000,     0,23.0,27.8,34.8, 25,    35,    58, 0.7231, 0.7852
M5,26/07/23,11:55:53,     4,  2737,   425,  996.2, 300,26.8,27.6, 0.0,  0, 0.0000,     0,23.0,27.8,34.8, 25,    36,    59, 0.7225, 0.7844
M5,26/07/23,11:55:54,     4,  2738,   426,  996.2, 300,26.8,27.6, 0.0,  0, 0.0000,     0,23.0,27.8,34.8, 25,    36,    60, 0.7213, 0.7814
R5,26/07/23,11:55:54,     4,  2738,   426,  996.2, 300,26.8,27.6, 0.0,  0, 0.0000,     0,23.0,27.8,34.8, 25,    36,    60, 0.7213, 0.7814
End
Start
M5,26/07/23,11:57:05,     4,  2809,   389,  996.3, 300,24.2,27.8, 0.0,  0, 0.0000,     0,23.0,27.5,34.8, 20,     1,     1, 0.0000, 0.0000
M5,26/07/23,11:57:06,     4,  2810,   390,  996.3, 300,24.3,27.8, 0.0,  0, 0.0000,     0,23.0,27.5,34.8, 20,     2,     2, 0.0000, 0.0000
M5,26/07/23,11:57:07,     4,  2811,   391,  996.3, 300,24.3,27.8, 0.0,  0, 0.0000,     0,23.0,27.5,34.8, 20,     3,     3, 0.0000, 0.0000
M5,26/07/23,11:57:08,     4,  2812,   392,  996.3, 300,24.3,27.8, 0.0,  0, 0.0000,     0,23.0,27.6,34.8, 20,     4,     4, 0.0000, 0.0000
M5,26/07/23,11:57:09,     4,  2813,   393,  996.3, 300,24.4,27.8, 0.0,  0, 0.0000,     0,23.0,27.6,34.8, 20,     5,     5, 0.0000, 0.0000
M5,26/07/23,11:57:10,     4,  2814,   393,  996.3, 300,24.4,27.8, 0.0,  0, 0.0000,     0,23.0,27.6,34.8, 20,     5,     6, 0.0000, 0.0000
M5,26/07/23,11:57:11,     4,  2815,   394,  996.3, 300,24.5,27.8, 0.0,  0, 0.0000,     0,23.0,27.6,34.8, 20,     6,     7, 0.0000, 0.0000
M5,26/07/23,11:57:12,     4,  2816,   395,  996.3, 300,24.5,27.8, 0.0,  0, 0.0000,     0,23.0,27.7,34.8, 20,     7,     8, 0.0000, 0.0000
M5,26/07/23,11:57:13,     4,  2817,   395,  996.3, 300,24.6,27.8, 0.0,  0, 0.0000,     0,23.0,27.7,34.8, 20,     8,     9, 0.0000, 0.0000
M5,26/07/23,11:57:14,     4,  2818,   396,  996.3, 300,24.6,27.8, 0.0,  0, 0.0000,     0,23.0,27.7,34.8, 25,     8,    10, 0.0000, 0.0000
M5,26/07/23,11:57:15,     4,  2819,   396,  996.3, 300,24.6,27.8, 0.0,  0, 0.0000,     0,23.0,27.7,34.8, 25,     8,    11, 0.0000, 0.0000
M5,26/07/23,11:57:16,     4,  2820,   397,  996.3, 300,24.7,27.8, 0.0,  0, 0.0000,     0,23.0,27.7,34.8, 25,     9,    12, 0.0000, 0.0000
M5,26/07/23,11:57:17,     4,  2821,   398,  996.3, 300,24.7,27.8, 0.0, 21, 0.0000,     0,23.0,27.8,34.8, 25,    10,    13, 0.9034, 0.6136
M5,26/07/23,11:57:18,     4,  2822,   399,  996.3, 300,24.9,27.9, 0.0,  0, 0.0000,     0,23.0,27.8,34.8, 25,    11,    14, 0.9507, 0.7527
M5,26/07/23,11:57:19,     4,  2823,   400,  996.3, 300,24.9,27.9, 0.0,  0, 0.0000,     0,23.0,27.8,34.8, 25,    12,    15, 0.9598, 0.8153
M5,26/07/23,11:57:20,     4,  2824,   401,  996.3, 300,25.0,27.9, 0.0,  0, 0.0000,     0,23.0,27.8,34.8, 25,    13,    16, 0.9752, 0.8645
M5,26/07/23,11:57:21,     4,  2825,   401,  996.3, 300,25.0,27.9, 0.0,  0, 0.0000,     0,23.0,27.9,34.8, 25,    13,    17, 0.9606, 0.9295
M5,26/07/23,11:57:22,     4,  2826,   402,  996.3, 300,25.0,27.9, 0.0,  0, 0.0000,     0,23.0,27.9,34.8, 25,    14,    18, 0.9290, 1.0105
M5,26/07/23,11:57:23,     4,  2827,   402,  996.3, 300,25.2,27.9, 0.0,  0, 0.0000,     0,23.0,27.9,34.8, 25,    14,    19, 0.9026, 1.0746
M5,26/07/23,11:57:24,     4,  2828,   403,  996.3, 300,25.2,27.9, 0.0,  0, 0.0000,     0,23.0,27.9,34.8, 25,    15,    20, 0.8867, 1.0532
M5,26/07/23,11:57:25,     4,  2829,   404,  996.3, 300,25.4,27.9, 0.0,  0, 0.0000,     0,23.0,27.9,34.8, 25,    16,    21, 0.8886, 1.0184
M5,26/07/23,11:57:26,     4,  2830,   404,  996.3, 300,25.4,27.9, 0.0,  0, 0.0000,     0,23.0,28.0,34.8, 25,    16,    22, 0.8750, 1.0125
M5,26/07/23,11:57:27,     4,  2831,   405,  996.3, 300,25.5,27.9, 0.0,  0, 0.0000,     0,23.0,28.0,34.8, 25,    17,    23, 0.8636, 1.0239
M5,26/07/23,11:57:28,     4,  2832,   405,  996.3, 300,25.5,27.9, 0.0,  0, 0.0000,     0,23.0,28.0,34.8, 25,    17,    24, 0.8457, 1.0312
M5,26/07/23,11:57:29,     4,  2833,   406,  996.3, 300,25.6,27.9, 0.0,  0, 0.0000,     0,23.0,28.0,34.8, 25,    18,    25, 0.8370, 1.0270
M5,26/07/23,11:57:30,     4,  2834,   406,  996.3, 300,25.6,27.9, 0.0,  0, 0.0000,     0,23.0,28.0,34.8, 25,    19,    26, 0.8268, 1.0103
M5,26/07/23,11:57:31,     4,  2835,   407,  996.2, 300,25.6,27.9, 0.0,  0, 0.0000,     0,23.0,28.0,34.8, 25,    19,    27, 0.8122, 1.0122
M5,26/07/23,11:57:32,     4,  2836,   407,  996.2, 300,25.8,27.9, 0.0,  0, 0.0000,     0,23.0,28.0,34.8, 25,    20,    28, 0.8051, 1.0054
M5,26/07/23,11:57:33,     4,  2837,   408,  996.2, 300,25.8,27.9, 0.0,  0, 0.0000,     0,23.0,28.1,34.8, 25,    20,    29, 0.7969, 0.9885
M5,26/07/23,11:57:34,     4,  2838,   409,  996.2, 300,25.9,27.9, 0.0,  0, 0.0000,     0,23.0,28.1,34.8, 25,    21,    30, 0.7968, 0.9639
M5,26/07/23,11:57:35,     4,  2839,   410,  996.2, 300,25.9,27.9, 0.0,  0, 0.0000,     0,23.0,28.1,34.8, 25,    22,    31, 0.7938, 0.9391
M5,26/07/23,11:57:36,     4,  2840,   410,  996.2, 300,26.0,27.9, 0.0,  0, 0.0000,     0,23.0,28.1,34.8, 25,    22,    32, 0.7931, 0.9248
M5,26/07/23,11:57:37,     4,  2841,   411,  996.2, 300,26.0,27.9, 0.0,  0, 0.0000,     0,23.0,28.1,34.8, 25,    23,    33, 0.7902, 0.9078
M5,26/07/23,11:57:38,     4,  2842,   411,  996.2, 300,26.0,27.9, 0.0,  0, 0.0000,     0,23.0,28.1,34.8, 25,    24,    34, 0.7880, 0.8921
M5,26/07/23,11:57:39,     4,  2843,   412,  996.2, 300,26.1,27.9, 0.0,  0, 0.0000,     0,23.0,28.1,34.8, 25,    24,    35, 0.7887, 0.8800
M5,26/07/23,11:57:40,     4,  2844,   413,  996.2, 300,26.1,27.9, 0.0,  0, 0.0000,     0,23.0,28.1,34.8, 25,    25,    36, 0.7857, 0.8723
M5,26/07/23,11:57:41,     4,  2845,   413,  996.2, 300,26.2,27.9, 0.0,  0, 0.0000,     0,23.0,28.1,34.8, 25,    25,    37, 0.7856, 0.8661
M5,26/07/23,11:57:42,     4,  2846,   414,  996.2, 300,26.2,27.9, 0.0,  0, 0.0000,     0,23.0,28.2,34.8, 25,    26,    38, 0.7851, 0.8526
M5,26/07/23,11:57:43,     4,  2847,   415,  996.2, 300,26.4,27.9, 0.0,  0, 0.0000,     0,23.0,28.2,34.8, 25,    27,    39, 0.7890, 0.8338
M5,26/07/23,11:57:44,     4,  2848,   416,  996.2, 300,26.4,27.9, 0.0,  0, 0.0000,     0,23.0,28.2,34.8, 25,    28,    40, 0.7919, 0.8137
M5,26/07/23,11:57:45,     4,  2849,   416,  996.2, 300,26.4,27.9, 0.0,  0, 0.0000,     0,23.0,28.2,34.8, 25,    28,    41, 0.7931, 0.8024
M5,26/07/23,11:57:46,     4,  2850,   417,  996.2, 300,26.4,27.9, 0.0,  0, 0.0000,     0,23.0,28.2,34.8, 25,    29,    42, 0.7945, 0.7988
M5,26/07/23,11:57:47,     4,  2851,   417,  996.2, 300,26.4,27.9, 0.0,  0, 0.0000,     0,23.0,28.2,34.8, 25,    30,    43, 0.7944, 0.7946
M5,26/07/23,11:57:48,     4,  2852,   418,  996.2, 300,26.6,27.9, 0.0,  0, 0.0000,     0,23.0,28.2,34.8, 25,    30,    44, 0.7962, 0.7928
M5,26/07/23,11:57:49,     4,  2853,   419,  996.2, 300,26.6,27.9, 0.0,  0, 0.0000,     0,23.0,28.2,34.8, 25,    31,    45, 0.7961, 0.7897
M5,26/07/23,11:57:50,     4,  2854,   419,  996.2, 300,26.7,27.9, 0.0,  0, 0.0000,     0,23.0,28.2,34.8, 25,    31,    46, 0.7965, 0.7914
M5,26/07/23,11:57:51,     4,  2855,   420,  996.2, 300,26.7,27.9, 0.0,  0, 0.0000,     0,23.0,28.2,34.8, 25,    32,    47, 0.7957, 0.7913
M5,26/07/23,11:57:52,     4,  2856,   421,  996.2, 300,26.8,27.9, 0.0,  0, 0.0000,     0,23.0,28.2,34.8, 25,    33,    48, 0.7964, 0.7924
M5,26/07/23,11:57:53,     4,  2857,   421,  996.2, 300,26.8,27.9, 0.0,  0, 0.0000,     0,23.0,28.3,34.8, 25,    33,    49, 0.7965, 0.7891
M5,26/07/23,11:57:54,     4,  2858,   422,  996.2, 300,26.8,27.9, 0.0,  0, 0.0000,     0,23.0,28.3,34.8, 25,    34,    50, 0.7980, 0.7813
M5,26/07/23,11:57:55,     4,  2859,   423,  996.2, 300,26.8,27.9, 0.0,  0, 0.0000,     0,23.0,28.3,34.8, 25,    35,    51, 0.8009, 0.7738
M5,26/07/23,11:57:56,     4,  2860,   424,  996.2, 300,26.8,27.9, 0.0,  0, 0.0000,     0,23.0,28.3,34.8, 25,    36,    52, 0.8017, 0.7703
M5,26/07/23,11:57:57,     4,  2861,   424,  996.2, 300,26.9,28.0, 0.0,  0, 0.0000,     0,23.0,28.3,34.8, 25,    36,    53, 0.8029, 0.7710
M5,26/07/23,11:57:58,     4,  2862,   425,  996.2, 300,26.9,28.0, 0.0,  0, 0.0000,     0,23.0,28.3,34.8, 25,    37,    54, 0.8029, 0.7708
M5,26/07/23,11:57:59,     4,  2863,   425,  996.2, 300,27.0,28.0, 0.0,  0, 0.0000,     0,23.0,28.3,34.8, 25,    37,    55, 0.8037, 0.7715
M5,26/07/23,11:58:00,     4,  2864,   426,  996.2, 300,27.0,28.0, 0.0,  0, 0.0000,     0,23.0,28.3,34.8, 25,    38,    56, 0.8031, 0.7734
M5,26/07/23,11:58:01,     4,  2865,   426,  996.2, 300,27.0,28.0, 0.0,  0, 0.0000,     0,23.0,28.3,34.8, 25,    38,    57, 0.8021, 0.7769
M5,26/07/23,11:58:02,     4,  2866,   427,  996.2, 300,27.1,28.0, 0.0,  0, 0.0000,     0,23.0,28.3,34.8, 25,    39,    58, 0.8021, 0.7805
M5,26/07/23,11:58:03,     4,  2867,   428,  996.2, 300,27.1,28.0, 0.0,  0, 0.0000,     0,23.0,28.3,34.8, 25,    40,    59, 0.8008, 0.7844
M5,26/07/23,11:58:04,     4,  2868,   428,  996.2, 300,27.2,28.0, 0.0,  0, 0.0000,     0,23.0,28.3,34.8, 25,    40,    60, 0.8006, 0.7884
R5,26/07/23,11:58:04,     4,  2868,   428,  996.2, 300,27.2,28.0, 0.0,  0, 0.0000,     0,23.0,28.3,34.8, 25,    40,    60, 0.8006, 0.7884
End
Zero
Start
M5,26/07/23,12:01:24,     5,  3066,   392,  996.2, 300,24.3,28.4, 0.0,  0, 0.0000,     0,23.0,28.2,45.4, 20,     2,     1, 0.0000, 0.0000
M5,26/07/23,12:01:25,     5,  3067,   394,  996.2, 300,24.3,28.4, 0.0,  0, 0.0000,     0,23.0,28.3,45.4, 20,     4,     2, 0.0000, 0.0000
M5,26/07/23,12:01:26,     5,  3068,   395,  996.2, 300,24.4,28.4, 0.0,  0, 0.0000,     0,23.0,28.3,45.4, 20,     5,     3, 0.0000, 0.0000
M5,26/07/23,12:01:27,     5,  3069,   397,  996.2, 300,24.4,28.4, 0.0,  0, 0.0000,     0,23.0,28.3,45.4, 20,     7,     4, 0.0000, 0.0000
M5,26/07/23,12:01:28,     5,  3070,   398,  996.2, 300,24.4,28.4, 0.0,  0, 0.0000,     0,23.0,28.3,45.4, 20,     8,     5, 0.0000, 0.0000
M5,26/07/23,12:01:29,     5,  3071,   399,  996.2, 300,24.4,28.4, 0.0,  0, 0.0000,     0,23.0,28.4,45.4, 20,     9,     6, 0.0000, 0.0000
M5,26/07/23,12:01:30,     5,  3072,   400,  996.2, 300,24.4,28.4, 0.0,  0, 0.0000,     0,23.0,28.4,45.4, 20,    10,     7, 0.0000, 0.0000
M5,26/07/23,12:01:31,     5,  3073,   401,  996.2, 300,24.6,28.4, 0.0,  0, 0.0000,     0,23.0,28.4,45.4, 20,    11,     8, 0.0000, 0.0000
M5,26/07/23,12:01:32,     5,  3074,   402,  996.2, 300,24.6,28.4, 0.0,  0, 0.0000,     0,23.0,28.5,45.4, 20,    12,     9, 0.0000, 0.0000
M5,26/07/23,12:01:33,     5,  3075,   403,  996.2, 300,24.7,28.4, 0.0,  0, 0.0000,     0,23.0,28.5,45.4, 25,    13,    10, 0.0000, 0.0000
M5,26/07/23,12:01:34,     5,  3076,   404,  996.2, 300,24.7,28.4, 0.0,  0, 0.0000,     0,23.0,28.5,45.4, 25,    14,    11, 0.0000, 0.0000
M5,26/07/23,12:01:35,     5,  3077,   404,  996.1, 300,24.8,28.4, 0.0,  0, 0.0000,     0,23.0,28.5,45.4, 25,    14,    12, 0.0000, 0.0000
M5,26/07/23,12:01:36,     5,  3078,   405,  996.1, 300,24.8,28.4, 0.0,  0, 0.0000,     0,23.0,28.5,45.4, 25,    15,    13, 0.9931, 0.9916
M5,26/07/23,12:01:37,     5,  3079,   406,  996.1, 300,24.8,28.4, 0.0,  0, 0.0000,     0,23.0,28.6,45.4, 25,    16,    14, 0.9097, 1.1331
M5,26/07/23,12:01:38,     5,  3080,   406,  996.1, 300,24.9,28.4, 0.0,  0, 0.0000,     0,23.0,28.6,45.4, 25,    16,    15, 0.8901, 1.0754
M5,26/07/23,12:01:39,     5,  3081,   407,  996.1, 300,24.9,28.4, 0.0,  0, 0.0000,     0,23.0,28.6,45.4, 25,    17,    16, 0.8895, 0.9786
M5,26/07/23,12:01:40,     5,  3082,   408,  996.1, 300,25.0,28.4, 0.0,  0, 0.0000,     0,23.0,28.6,45.4, 25,    18,    17, 0.8889, 0.9644
M5,26/07/23,12:01:41,     5,  3083,   408,  996.1, 300,25.0,28.4, 0.0,  0, 0.0000,     0,23.0,28.6,45.4, 25,    18,    18, 0.8770, 0.9565
M5,26/07/23,12:01:42,     5,  3084,   409,  996.1, 300,25.1,28.4, 0.0,  0, 0.0000,     0,23.0,28.7,45.4, 25,    19,    19, 0.8832, 0.9288
M5,26/07/23,12:01:43,     5,  3085,   410,  996.1, 300,25.1,28.4, 0.0,  0, 0.0000,     0,23.0,28.7,45.4, 25,    20,    20, 0.8869, 0.8941
M5,26/07/23,12:01:44,     5,  3086,   411,  996.1, 300,25.1,28.4, 0.0,  0, 0.0000,     0,23.0,28.7,45.4, 25,    21,    21, 0.8852, 0.8889
M5,26/07/23,12:01:45,     5,  3087,   411,  996.1, 300,25.2,28.5, 0.0,  0, 0.0000,     0,23.0,28.7,45.4, 25,    21,    22, 0.8854, 0.8986
M5,26/07/23,12:01:46,     5,  3088,   413,  996.1, 300,25.2,28.5, 0.0,  0, 0.0000,     0,23.0,28.7,45.4, 25,    23,    23, 0.8963, 0.8544
M5,26/07/23,12:01:47,     5,  3089,   414,  996.1, 300,25.3,28.5, 0.0,  0, 0.0000,     0,23.0,28.7,45.4, 25,    24,    24, 0.9140, 0.8175
M5,26/07/23,12:01:48,     5,  3090,   414,  996.1, 300,25.3,28.5, 0.0,  0, 0.0000,     0,23.0,28.8,45.4, 25,    24,    25, 0.9249, 0.7984
M5,26/07/23,12:01:49,     5,  3091,   415,  996.1, 300,25.4,28.5, 0.0,  0, 0.0000,     0,23.0,28.8,45.4, 25,    25,    26, 0.9326, 0.8074
M5,26/07/23,12:01:50,     5,  3092,   416,  996.1, 300,25.4,28.5, 0.0,  0, 0.0000,     0,23.0,28.8,45.4, 25,    26,    27, 0.9365, 0.8142
M5,26/07/23,12:01:51,     5,  3093,   417,  996.1, 300,25.5,28.5, 0.0,  0, 0.0000,     0,23.0,28.8,45.4, 25,    27,    28, 0.9425, 0.8232
M5,26/07/23,12:01:52,     5,  3094,   417,  996.1, 300,25.5,28.5, 0.0,  0, 0.0000,     0,23.0,28.8,45.4, 25,    27,    29, 0.9427, 0.8388
M5,26/07/23,12:01:53,     5,  3095,   418,  996.1, 300,25.5,28.5, 0.0,  0, 0.0000,     0,23.0,28.8,45.4, 25,    28,    30, 0.9410, 0.8580
M5,26/07/23,12:01:54,     5,  3096,   419,  996.1, 300,25.6,28.5, 0.0,  0, 0.0000,     0,23.0,28.8,45.4, 25,    29,    31, 0.9403, 0.8803
M5,26/07/23,12:01:55,     5,  3097,   419,  996.1, 300,25.6,28.5, 0.0,  0, 0.0000,     0,23.0,28.8,45.4, 25,    29,    32, 0.9362, 0.8993
M5,26/07/23,12:01:56,     5,  3098,   420,  996.1, 300,25.7,28.5, 0.0,  0, 0.0000,     0,23.0,28.9,45.4, 25,    30,    33, 0.9351, 0.9113
M5,26/07/23,12:01:57,     5,  3099,   421,  996.1, 300,25.7,28.5, 0.0,  0, 0.0000,     0,23.0,28.9,45.4, 25,    31,    34, 0.9336, 0.9163
M5,26/07/23,12:01:58,     5,  3100,   421,  996.2, 300,25.8,28.5, 0.0,  0, 0.0000,     0,23.0,28.9,45.4, 25,    31,    35, 0.9309, 0.9323
M5,26/07/23,12:01:59,     5,  3101,   422,  996.2, 300,25.8,28.5, 0.0,  0, 0.0000,     0,23.0,28.9,45.4, 25,    32,    36, 0.9246, 0.9500
M5,26/07/23,12:02:00,     5,  3102,   423,  996.1, 300,25.8,28.5, 0.0,  0, 0.0000,     0,23.0,28.9,45.4, 25,    33,    37, 0.9201, 0.9589
M5,26/07/23,12:02:01,     5,  3103,   423,  996.1, 300,25.8,28.5, 0.0,  0, 0.0000,     0,23.0,28.9,45.4, 25,    33,    38, 0.9183, 0.9627
M5,26/07/23,12:02:02,     5,  3104,   424,  996.1, 300,25.8,28.5, 0.0,  0, 0.0000,     0,23.0,28.9,45.4, 25,    34,    39, 0.9162, 0.9612
M5,26/07/23,12:02:03,     5,  3105,   425,  996.1, 300,25.9,28.5, 0.0,  0, 0.0000,     0,23.0,28.9,45.4, 25,    35,    40, 0.9146, 0.9617
M5,26/07/23,12:02:04,     5,  3106,   426,  996.1, 300,25.9,28.5, 0.0,  0, 0.0000,     0,23.0,28.9,45.4, 25,    36,    41, 0.9119, 0.9625
M5,26/07/23,12:02:05,     5,  3107,   426,  996.1, 300,26.0,28.5, 0.0,  0, 0.0000,     0,23.0,28.9,45.4, 25,    36,    42, 0.9095, 0.9691
M5,26/07/23,12:02:06,     5,  3108,   427,  996.1, 300,26.0,28.5, 0.0,  0, 0.0000,     0,23.0,28.9,45.4, 25,    37,    43, 0.9056, 0.9733
M5,26/07/23,12:02:07,     5,  3109,   428,  996.1, 300,26.0,28.5, 0.0,  0, 0.0000,     0,23.0,28.9,45.4, 25,    38,    44, 0.9028, 0.9736
M5,26/07/23,12:02:08,     5,  3110,   428,  996.1, 300,26.1,28.5, 0.0,  0, 0.0000,     0,23.0,28.9,45.4, 25,    38,    45, 0.9019, 0.9718
M5,26/07/23,12:02:09,     5,  3111,   429,  996.1, 300,26.1,28.5, 0.0,  0, 0.0000,     0,23.0,28.9,45.4, 25,    39,    46, 0.9005, 0.9669
M5,26/07/23,12:02:10,     5,  3112,   430,  996.1, 300,26.1,28.5, 0.0,  0, 0.0000,     0,23.0,29.0,45.4, 25,    40,    47, 0.9000, 0.9644
M5,26/07/23,12:02:11,     5,  3113,   431,  996.1, 300,26.1,28.5, 0.0,  0, 0.0000,     0,23.0,29.0,45.4, 25,    41,    48, 0.8983, 0.9620
M5,26/07/23,12:02:12,     5,  3114,   431,  996.2, 300,26.2,28.5, 0.0,  0, 0.0000,     0,23.0,29.0,45.4, 25,    41,    49, 0.8961, 0.9636
M5,26/07/23,12:02:13,     5,  3115,   432,  996.2, 300,26.2,28.5, 0.0,  0, 0.0000,     0,23.0,29.0,45.4, 25,    42,    50, 0.8935, 0.9646
M5,26/07/23,12:02:14,     5,  3116,   432,  996.2, 300,26.2,28.5, 0.0,  0, 0.0000,     0,23.0,29.0,45.4, 25,    42,    51, 0.8920, 0.9664
M5,26/07/23,12:02:15,     5,  3117,   433,  996.2, 300,26.2,28.5, 0.0,  0, 0.0000,     0,23.0,29.0,45.4, 25,    43,    52, 0.8894, 0.9669
M5,26/07/23,12:02:16,     5,  3118,   434,  996.2, 300,26.2,28.5, 0.0,  0, 0.0000,     0,23.0,29.0,45.4, 25,    44,    53, 0.8876, 0.9650
M5,26/07/23,12:02:17,     5,  3119,   435,  996.2, 300,26.3,28.5, 0.0,  0, 0.0000,     0,23.0,29.0,45.4, 25,    44,    54, 0.8859, 0.9636
M5,26/07/23,12:02:18,     5,  3120,   435,  996.2, 300,26.3,28.5, 0.0,  0, 0.0000,     0,23.0,29.0,45.4, 25,    45,    55, 0.8830, 0.9659
M5,26/07/23,12:02:19,     5,  3121,   435,  996.2, 300,26.3,28.5, 0.0,  0, 0.0000,     0,23.0,29.0,45.4, 25,    45,    56, 0.8806, 0.9704
M5,26/07/23,12:02:20,     5,  3122,   436,  996.2, 300,26.3,28.5, 0.0,  0, 0.0000,     0,23.0,29.0,45.4, 25,    46,    57, 0.8784, 0.9692
M5,26/07/23,12:02:21,     5,  3123,   437,  996.2, 300,26.4,28.5, 0.0,  0, 0.0000,     0,23.0,29.0,45.4, 25,    47,    58, 0.8775, 0.9669
M5,26/07/23,12:02:22,     5,  3124,   438,  996.2, 300,26.4,28.5, 0.0,  0, 0.0000,     0,23.0,29.0,45.4, 25,    48,    59, 0.8764, 0.9624
M5,26/07/23,12:02:23,     5,  3125,   439,  996.2, 300,26.4,28.5, 0.0,  0, 0.0000,     0,23.0,29.0,45.4, 25,    49,    60, 0.8752, 0.9585
R5,26/07/23,12:02:23,     5,  3125,   439,  996.2, 300,26.4,28.5, 0.0,  0, 0.0000,     0,23.0,29.0,45.4, 25,    49,    60, 0.8752, 0.9585
End
Start
M5,26/07/23,12:03:07,     5,  3169,   392,  996.2, 300,24.3,28.6, 0.0,  0, 0.0000,     0,23.0,28.4,45.2, 20,     3,     1, 0.0000, 0.0000
M5,26/07/23,12:03:08,     5,  3170,   395,  996.2, 300,24.3,28.6, 0.0,  0, 0.0000,     0,23.0,28.4,45.1, 20,     5,     2, 0.0000, 0.0000
M5,26/07/23,12:03:09,     5,  3171,   396,  996.2, 300,24.3,28.6, 0.0,  0, 0.0000,     0,23.0,28.4,45.1, 20,     7,     3, 0.0000, 0.0000
M5,26/07/23,12:03:10,     5,  3172,   398,  996.2, 300,24.5,28.6, 0.0,  0, 0.0000,     0,23.0,28.5,45.1, 20,     8,     4, 0.0000, 0.0000
M5,26/07/23,12:03:11,     5,  3173,   398,  996.2, 300,24.5,28.6, 0.0,  0, 0.0000,     0,23.0,28.5,45.1, 20,     9,     5, 0.0000, 0.0000
M5,26/07/23,12:03:12,     5,  3174,   399,  996.2, 300,24.7,28.6, 0.0,  0, 0.0000,     0,23.0,28.5,45.1, 20,     9,     6, 0.0000, 0.0000
M5,26/07/23,12:03:13,     5,  3175,   400,  996.2, 300,24.7,28.6, 0.0,  0, 0.0000,     0,23.0,28.6,45.1, 20,    10,     7, 0.0000, 0.0000
M5,26/07/23,12:03:14,     5,  3176,   401,  996.2, 300,24.8,28.6, 0.0,  0, 0.0000,     0,23.0,28.6,45.1, 20,    11,     8, 0.0000, 0.0000
M5,26/07/23,12:03:15,     5,  3177,   401,  996.2, 300,24.8,28.6, 0.0,  0, 0.0000,     0,23.0,28.6,45.1, 20,    12,     9, 0.0000, 0.0000
M5,26/07/23,12:03:16,     5,  3178,   402,  996.2, 300,24.8,28.6, 0.0,  0, 0.0000,     0,23.0,28.6,45.1, 25,    13,    10, 0.0000, 0.0000
M5,26/07/23,12:03:17,     5,  3179,   403,  996.2, 300,25.0,28.6, 0.0,  0, 0.0000,     0,23.0,28.7,45.1, 25,    13,    11, 0.0000, 0.0000
M5,26/07/23,12:03:18,     5,  3180,   404,  996.2, 300,25.0,28.6, 0.0,  0, 0.0000,     0,23.0,28.7,45.1, 25,    14,    12, 0.0000, 0.0000
M5,26/07/23,12:03:19,     5,  3181,   405,  996.2, 300,25.1,28.6, 0.0,  0, 0.0000,     0,23.0,28.7,45.1, 25,    15,    13, 0.9146, 0.9148
M5,26/07/23,12:03:20,     5,  3182,   405,  996.2, 300,25.1,28.6, 0.0,  0, 0.0000,     0,23.0,28.7,45.1, 25,    16,    14, 0.9667, 0.7852
M5,26/07/23,12:03:21,     5,  3183,   406,  996.2, 300,25.2,28.6, 0.0,  0, 0.0000,     0,23.0,28.8,45.1, 25,    17,    15, 0.9984, 0.8345
M5,26/07/23,12:03:22,     5,  3184,   407,  996.2, 300,25.2,28.6, 0.0,  0, 0.0000,     0,23.0,28.8,45.1, 25,    17,    16, 0.9813, 0.9282
M5,26/07/23,12:03:23,     5,  3185,   408,  996.2, 300,25.4,28.7, 0.0,  0, 0.0000,     0,23.0,28.8,45.1, 25,    18,    17, 0.9669, 1.0000
M5,26/07/23,12:03:24,     5,  3186,   408,  996.2, 300,25.4,28.7, 0.0,  0, 0.0000,     0,23.0,28.8,45.1, 25,    19,    18, 0.9434, 1.0320
M5,26/07/23,12:03:25,     5,  3187,   409,  996.2, 300,25.4,28.7, 0.0,  0, 0.0000,     0,23.0,28.8,45.1, 25,    20,    19, 0.9441, 0.9855
M5,26/07/23,12:03:26,     5,  3188,   410,  996.2, 300,25.5,28.6, 0.0,  0, 0.0000,     0,23.0,28.8,45.1, 25,    20,    20, 0.9509, 0.9598
M5,26/07/23,12:03:27,     5,  3189,   411,  996.2, 300,25.5,28.6, 0.0,  0, 0.0000,     0,23.0,28.9,45.1, 25,    21,    21, 0.9455, 0.9616
M5,26/07/23,12:03:28,     5,  3190,   411,  996.2, 300,25.6,28.7, 0.0,  0, 0.0000,     0,23.0,28.9,45.1, 25,    22,    22, 0.9483, 0.9584
M5,26/07/23,12:03:29,     5,  3191,   412,  996.2, 300,25.6,28.7, 0.0,  0, 0.0000,     0,23.0,28.9,45.1, 25,    22,    23, 0.9369, 0.9808
M5,26/07/23,12:03:30,     5,  3192,   413,  996.2, 300,25.7,28.7, 0.0,  0, 0.0000,     0,23.0,28.9,45.1, 25,    23,    24, 0.9293, 0.9998
M5,26/07/23,12:03:31,     5,  3193,   413,  996.2, 300,25.7,28.7, 0.0,  0, 0.0000,     0,23.0,28.9,45.1, 25,    24,    25, 0.9229, 0.9957
M5,26/07/23,12:03:32,     5,  3194,   414,  996.2, 300,25.7,28.7, 0.0,  0, 0.0000,     0,23.0,28.9,45.1, 25,    25,    26, 0.9198, 0.9829
M5,26/07/23,12:03:33,     5,  3195,   415,  996.2, 300,25.7,28.7, 0.0,  0, 0.0000,     0,23.0,28.9,45.1, 25,    25,    27, 0.9209, 0.9691
M5,26/07/23,12:03:34,     5,  3196,   416,  996.2, 300,25.7,28.7, 0.0,  0, 0.0000,     0,23.0,29.0,45.1, 25,    26,    28, 0.9210, 0.9528
M5,26/07/23,12:03:35,     5,  3197,   416,  996.2, 300,25.8,28.7, 0.0,  0, 0.0000,     0,23.0,29.0,45.1, 25,    27,    29, 0.9187, 0.9584
M5,26/07/23,12:03:36,     5,  3198,   417,  996.2, 300,25.8,28.7, 0.0,  0, 0.0000,     0,23.0,29.0,45.1, 25,    27,    30, 0.9136, 0.9628
M5,26/07/23,12:03:37,     5,  3199,   418,  996.2, 300,25.9,28.7, 0.0,  0, 0.0000,     0,23.0,29.0,45.1, 25,    28,    31, 0.9077, 0.9767
M5,26/07/23,12:03:38,     5,  3200,   418,  996.2, 300,25.9,28.7, 0.0,  0, 0.0000,     0,23.0,29.0,45.1, 25,    28,    32, 0.8957, 1.0012
M5,26/07/23,12:03:39,     5,  3201,   418,  996.2, 300,25.9,28.7, 0.0,  0, 0.0000,     0,23.0,29.0,45.1, 25,    29,    33, 0.8835, 1.0219
M5,26/07/23,12:03:40,     5,  3202,   419,  996.2, 300,26.0,28.7, 0.0,  0, 0.0000,     0,23.0,29.0,45.1, 25,    29,    34, 0.8717, 1.0472
M5,26/07/23,12:03:41,     5,  3203,   419,  996.2, 300,26.0,28.7, 0.0,  0, 0.0000,     0,23.0,29.0,45.1, 25,    30,    35, 0.8599, 1.0582
M5,26/07/23,12:03:42,     5,  3204,   420,  996.2, 300,26.1,28.7, 0.0,  0, 0.0000,     0,23.0,29.0,45.1, 25,    31,    36, 0.8528, 1.0567
M5,26/07/23,12:03:43,     5,  3205,   421,  996.2, 300,26.1,28.7, 0.0,  0, 0.0000,     0,23.0,29.0,45.1, 25,    31,    37, 0.8471, 1.0451
M5,26/07/23,12:03:44,     5,  3206,   422,  996.2, 300,26.1,28.7, 0.0,  0, 0.0000,     0,23.0,29.1,45.1, 25,    32,    38, 0.8445, 1.0294
M5,26/07/23,12:03:45,     5,  3207,   422,  996.2, 300,26.1,28.7, 0.0,  0, 0.0000,     0,23.0,29.1,45.1, 25,    33,    39, 0.8412, 1.0141
M5,26/07/23,12:03:46,     5,  3208,   423,  996.2, 300,26.2,28.7, 0.0,  0, 0.0000,     0,23.0,29.1,45.1, 25,    34,    40, 0.8408, 0.9973
M5,26/07/23,12:03:47,     5,  3209,   424,  996.2, 300,26.2,28.7, 0.0,  0, 0.0000,     0,23.0,29.1,45.1, 25,    34,    41, 0.8390, 0.9817
M5,26/07/23,12:03:48,     5,  3210,   425,  996.2, 300,26.2,28.7, 0.0,  0, 0.0000,     0,23.0,29.1,45.1, 25,    35,    42, 0.8373, 0.9682
M5,26/07/23,12:03:49,     5,  3211,   425,  996.2, 300,26.3,28.7, 0.0,  0, 0.0000,     0,23.0,29.1,45.1, 25,    36,    43, 0.8368, 0.9576
M5,26/07/23,12:03:50,     5,  3212,   426,  996.2, 300,26.3,28.7, 0.0,  0, 0.0000,     0,23.0,29.1,45.1, 25,    36,    44, 0.8333, 0.9540
M5,26/07/23,12:03:51,     5,  3213,   426,  996.2, 300,26.3,28.7, 0.0,  0, 0.0000,     0,23.0,29.1,45.1, 25,    36,    45, 0.8291, 0.9567
M5,26/07/23,12:03:52,     5,  3214,   427,  996.2, 300,26.3,28.7, 0.0,  0, 0.0000,     0,23.0,29.1,45.1, 25,    37,    46, 0.8248, 0.9563
M5,26/07/23,12:03:53,     5,  3215,   427,  996.2, 300,26.4,28.7, 0.0,  0, 0.0000,     0,23.0,29.1,45.1, 25,    38,    47, 0.8226, 0.9519
M5,26/07/23,12:03:54,     5,  3216,   428,  996.2, 300,26.4,28.7, 0.0,  0, 0.0000,     0,23.0,29.1,45.1, 25,    39,    48, 0.8214, 0.9407
M5,26/07/23,12:03:55,     5,  3217,   429,  996.2, 300,26.4,28.7, 0.0,  0, 0.0000,     0,23.0,29.1,45.1, 25,    40,    49, 0.8211, 0.9281
M5,26/07/23,12:03:56,     5,  3218,   430,  996.2, 300,26.4,28.7, 0.0,  0, 0.0000,     0,23.0,29.1,45.1, 25,    40,    50, 0.8216, 0.9180
M5,26/07/23,12:03:57,     5,  3219,   430,  996.2, 300,26.4,28.7, 0.0,  0, 0.0000,     0,23.0,29.1,45.1, 25,    41,    51, 0.8212, 0.9084
M5,26/07/23,12:03:58,     5,  3220,   431,  996.2, 300,26.5,28.7, 0.0,  0, 0.0000,     0,23.0,29.1,45.1, 25,    41,    52, 0.8208, 0.9026
M5,26/07/23,12:03:59,     5,  3221,   432,  996.2, 300,26.5,28.7, 0.0,  0, 0.0000,     0,23.0,29.1,45.1, 25,    42,    53, 0.8205, 0.8945
M5,26/07/23,12:04:00,     5,  3222,   432,  996.2, 300,26.5,28.7, 0.0,  0, 0.0000,     0,23.0,29.1,45.1, 25,    43,    54, 0.8206, 0.8878
M5,26/07/23,12:04:01,     5,  3223,   433,  996.2, 300,26.5,28.7, 0.0,  0, 0.0000,     0,23.0,29.1,45.1, 25,    44,    55, 0.8202, 0.8815
M5,26/07/23,12:04:02,     5,  3224,   434,  996.2, 300,26.5,28.7, 0.0,  0, 0.0000,     0,23.0,29.1,45.1, 25,    44,    56, 0.8199, 0.8760
M5,26/07/23,12:04:03,     5,  3225,   434,  996.2, 300,26.6,28.7, 0.0,  0, 0.0000,     0,23.0,29.1,45.1, 25,    45,    57, 0.8201, 0.8716
M5,26/07/23,12:04:04,     5,  3226,   435,  996.2, 300,26.6,28.7, 0.0,  0, 0.0000,     0,23.0,29.1,45.1, 25,    46,    58, 0.8197, 0.8672
M5,26/07/23,12:04:05,     5,  3227,   436,  996.2, 300,26.6,28.7, 0.0,  0, 0.0000,     0,23.0,29.1,45.1, 25,    46,    59, 0.8197, 0.8637
M5,26/07/23,12:04:07,     5,  3228,   436,  996.2, 300,26.6,28.7, 0.0,  0, 0.0000,     0,23.0,29.1,45.1, 25,    47,    60, 0.8193, 0.8601
R5,26/07/23,12:04:07,     5,  3228,   436,  996.2, 300,26.6,28.7, 0.0,  0, 0.0000,     0,23.0,29.1,45.1, 25,    47,    60, 0.8193, 0.8601
End
Start
M5,26/07/23,12:04:50,     5,  3271,   388,  996.1, 300,24.2,28.8, 0.0,  0, 0.0000,     0,23.0,28.4,45.1, 20,     1,     1, 0.0000, 0.0000
M5,26/07/23,12:04:51,     5,  3272,   390,  996.1, 300,24.2,28.8, 0.0,  0, 0.0000,     0,23.0,28.4,45.1, 20,     3,     2, 0.0000, 0.0000
M5,26/07/23,12:04:52,     5,  3273,   391,  996.2, 300,24.2,28.8, 0.0,  0, 0.0000,     0,23.0,28.4,45.1, 20,     4,     3, 0.0000, 0.0000
M5,26/07/23,12:04:53,     5,  3274,   392,  996.2, 300,24.2,28.8, 0.0,  0, 0.0000,     0,23.0,28.4,45.1, 20,     5,     4, 0.0000, 0.0000
M5,26/07/23,12:04:54,     5,  3275,   394,  996.2, 300,24.3,28.8, 0.0,  0, 0.0000,     0,23.0,28.5,45.1, 20,     7,     5, 0.0000, 0.0000
M5,26/07/23,12:04:55,     5,  3276,   395,  996.2, 300,24.3,28.8, 0.0,  0, 0.0000,     0,23.0,28.5,45.1, 20,     8,     6, 0.0000, 0.0000
M5,26/07/23,12:04:56,     5,  3277,   396,  996.2, 300,24.3,28.8, 0.0,  0, 0.0000,     0,23.0,28.5,45.1, 20,     9,     7, 0.0000, 0.0000
M5,26/07/23,12:04:57,     5,  3278,   397,  996.2, 300,24.4,28.8, 0.0,  0, 0.0000,     0,23.0,28.5,45.1, 20,    10,     8, 0.0000, 0.0000
M5,26/07/23,12:04:58,     5,  3279,   398,  996.2, 300,24.4,28.8, 0.0,  0, 0.0000,     0,23.0,28.5,45.1, 20,    11,     9, 0.0000, 0.0000
M5,26/07/23,12:04:59,     5,  3280,   398,  996.2, 300,24.5,28.8, 0.0,  0, 0.0000,     0,23.0,28.6,45.1, 25,    11,    10, 0.0000, 0.0000
M5,26/07/23,12:05:00,     5,  3281,   399,  996.2, 300,24.5,28.8, 0.0,  0, 0.0000,     0,23.0,28.6,45.1, 25,    12,    11, 0.0000, 0.0000
M5,26/07/23,12:05:01,     5,  3282,   400,  996.2, 300,24.6,28.8, 0.0,  0, 0.0000,     0,23.0,28.6,45.1, 25,    13,    12, 0.0000, 0.0000
M5,26/07/23,12:05:02,     5,  3283,   400,  996.2, 300,24.6,28.8, 0.0,  0, 0.0000,     0,23.0,28.6,45.1, 25,    13,    13, 0.7905, 0.7904
M5,26/07/23,12:05:03,     5,  3284,   401,  996.2, 300,24.7,28.8, 0.0,  0, 0.0000,     0,23.0,28.7,45.1, 25,    14,    14, 0.8753, 0.6543
M5,26/07/23,12:05:04,     5,  3285,   402,  996.2, 300,24.7,28.8, 0.0,  0, 0.0000,     0,23.0,28.7,45.1, 25,    15,    15, 0.9091, 0.6838
M5,26/07/23,12:05:05,     5,  3286,   403,  996.2, 300,24.7,28.8, 0.0,  0, 0.0000,     0,23.0,28.7,45.1, 25,    16,    16, 0.9280, 0.7335
M5,26/07/23,12:05:06,     5,  3287,   404,  996.2, 300,24.9,28.9, 0.0,  0, 0.0000,     0,23.0,28.7,45.1, 25,    16,    17, 0.9332, 0.8272
M5,26/07/23,12:05:07,     5,  3288,   404,  996.2, 300,24.9,28.9, 0.0,  0, 0.0000,     0,23.0,28.7,45.1, 25,    17,    18, 0.9074, 0.9240
M5,26/07/23,12:05:08,     5,  3289,   404,  996.2, 300,25.0,28.9, 0.0,  0, 0.0000,     0,23.0,28.7,45.1, 25,    17,    19, 0.8821, 0.9990
M5,26/07/23,12:05:09,     5,  3290,   405,  996.2, 300,25.0,28.9, 0.0,  0, 0.0000,     0,23.0,28.8,45.1, 25,    18,    20, 0.8517, 1.0391
M5,26/07/23,12:05:10,     5,  3291,   406,  996.2, 300,25.1,28.9, 0.0,  0, 0.0000,     0,23.0,28.8,45.1, 25,    19,    21, 0.8359, 1.0399
M5,26/07/23,12:05:11,     5,  3292,   406,  996.2, 300,25.1,28.9, 0.0,  0, 0.0000,     0,23.0,28.8,45.1, 25,    19,    22, 0.8281, 0.9995
M5,26/07/23,12:05:12,     5,  3293,   407,  996.2, 300,25.1,28.9, 0.0,  0, 0.0000,     0,23.0,28.8,45.1, 25,    20,    23, 0.8274, 0.9507
M5,26/07/23,12:05:13,     5,  3294,   408,  996.2, 300,25.2,28.9, 0.0,  0, 0.0000,     0,23.0,28.8,45.1, 25,    21,    24, 0.8353, 0.9092
M5,26/07/23,12:05:14,     5,  3295,   409,  996.2, 300,25.2,28.9, 0.0,  0, 0.0000,     0,23.0,28.8,45.1, 25,    22,    25, 0.8405, 0.8694
M5,26/07/23,12:05:15,     5,  3296,   410,  996.2, 300,25.3,28.9, 0.0,  0, 0.0000,     0,23.0,28.8,45.1, 25,    23,    26, 0.8503, 0.8408
M5,26/07/23,12:05:16,     5,  3297,   410,  996.2, 300,25.3,28.9, 0.0,  0, 0.0000,     0,23.0,28.9,45.1, 25,    23,    27, 0.8534, 0.8264
M5,26/07/23,12:05:17,     5,  3298,   411,  996.2, 300,25.4,28.9, 0.0,  0, 0.0000,     0,23.0,28.9,45.1, 25,    24,    28, 0.8570, 0.8248
M5,26/07/23,12:05:18,     5,  3299,   411,  996.2, 300,25.4,28.9, 0.0,  0, 0.0000,     0,23.0,28.9,45.1, 25,    24,    29, 0.8539, 0.8353
M5,26/07/23,12:05:19,     5,  3300,   412,  996.2, 300,25.4,28.9, 0.0,  0, 0.0000,     0,23.0,28.9,45.1, 25,    25,    30, 0.8426, 0.8714
M5,26/07/23,12:05:20,     5,  3301,   412,  996.2, 300,25.5,28.9, 0.0,  0, 0.0000,     0,23.0,28.9,45.1, 25,    25,    31, 0.8332, 0.9026
M5,26/07/23,12:05:21,     5,  3302,   413,  996.2, 300,25.5,28.9, 0.0,  0, 0.0000,     0,23.0,28.9,45.1, 25,    26,    32, 0.8259, 0.9117
M5,26/07/23,12:05:22,     5,  3303,   414,  996.2, 300,25.6,28.9, 0.0,  0, 0.0000,     0,23.0,28.9,45.1, 25,    27,    33, 0.8257, 0.9033
M5,26/07/23,12:05:23,     5,  3304,   415,  996.2, 300,25.6,28.9, 0.0,  0, 0.0000,     0,23.0,28.9,45.1, 25,    28,    34, 0.8254, 0.8884
M5,26/07/23,12:05:24,     5,  3305,   415,  996.2, 300,25.7,28.9, 0.0,  0, 0.0000,     0,23.0,28.9,45.1, 25,    28,    35, 0.8267, 0.8790
M5,26/07/23,12:05:25,     5,  3306,   416,  996.2, 300,25.7,28.9, 0.0,  0, 0.0000,     0,23.0,28.9,45.1, 25,    29,    36, 0.8275, 0.8651
M5,26/07/23,12:05:26,     5,  3307,   417,  996.2, 300,25.8,28.9, 0.0,  0, 0.0000,     0,23.0,29.0,45.1, 25,    30,    37, 0.8312, 0.8520
M5,26/07/23,12:05:27,     5,  3308,   418,  996.2, 300,25.8,28.9, 0.0,  0, 0.0000,     0,23.0,29.0,45.1, 25,    31,    38, 0.8323, 0.8417
M5,26/07/23,12:05:28,     5,  3309,   418,  996.2, 300,25.8,28.9, 0.0,  0, 0.0000,     0,23.0,29.0,45.1, 25,    31,    39, 0.8317, 0.8393
M5,26/07/23,12:05:29,     5,  3310,   419,  996.2, 300,25.8,28.9, 0.0,  0, 0.0000,     0,23.0,29.0,45.1, 25,    32,    40, 0.8322, 0.8391
M5,26/07/23,12:05:30,     5,  3311,   419,  996.2, 300,25.8,28.9, 0.0,  0, 0.0000,     0,23.0,29.0,45.1, 25,    32,    41, 0.8313, 0.8383
M5,26/07/23,12:05:31,     5,  3312,   420,  996.2, 300,25.9,28.9, 0.0,  0, 0.0000,     0,23.0,29.0,45.1, 25,    33,    42, 0.8313, 0.8389
M5,26/07/23,12:05:32,     5,  3313,   421,  996.2, 300,25.9,28.9, 0.0,  0, 0.0000,     0,23.0,29.0,45.1, 25,    34,    43, 0.8302, 0.8387
M5,26/07/23,12:05:33,     5,  3314,   422,  996.2, 300,26.0,28.9, 0.0,  0, 0.0000,     0,23.0,29.0,44.9, 25,    35,    44, 0.8322, 0.8334
M5,26/07/23,12:05:34,     5,  3315,   423,  996.2, 300,26.0,28.9, 0.0,  0, 0.0000,     0,23.0,29.0,44.9, 25,    35,    45, 0.8335, 0.8256
M5,26/07/23,12:05:35,     5,  3316,   423,  996.2, 300,26.0,28.9, 0.0,  0, 0.0000,     0,23.0,29.0,44.9, 25,    36,    46, 0.8344, 0.8204
M5,26/07/23,12:05:36,     5,  3317,   424,  996.2, 300,26.0,28.9, 0.0,  0, 0.0000,     0,23.0,29.0,44.9, 25,    37,    47, 0.8369, 0.8151
M5,26/07/23,12:05:37,     5,  3318,   424,  996.2, 300,26.0,28.9, 0.0,  0, 0.0000,     0,23.0,29.1,44.9, 25,    37,    48, 0.8372, 0.8137
M5,26/07/23,12:05:38,     5,  3319,   425,  996.2, 300,26.1,28.9, 0.0,  0, 0.0000,     0,23.0,29.1,45.1, 25,    38,    49, 0.8384, 0.8144
M5,26/07/23,12:05:39,     5,  3320,   426,  996.2, 300,26.1,28.9, 0.0,  0, 0.0000,     0,23.0,29.1,45.1, 25,    39,    50, 0.8376, 0.8172
M5,26/07/23,12:05:40,     5,  3321,   426,  996.2, 300,26.2,28.9, 0.0,  0, 0.0000,     0,23.0,29.1,45.1, 25,    39,    51, 0.8375, 0.8208
M5,26/07/23,12:05:41,     5,  3322,   427,  996.2, 300,26.2,28.9, 0.0,  0, 0.0000,     0,23.0,29.1,45.1, 25,    40,    52, 0.8366, 0.8234
M5,26/07/23,12:05:42,     5,  3323,   428,  996.2, 300,26.2,28.9, 0.0,  0, 0.0000,     0,23.0,29.1,45.1, 25,    41,    53, 0.8362, 0.8236
M5,26/07/23,12:05:43,     5,  3324,   428,  996.2, 300,26.3,28.9, 0.0,  0, 0.0000,     0,23.0,29.1,45.1, 25,    41,    54, 0.8360, 0.8270
M5,26/07/23,12:05:44,     5,  3325,   429,  996.2, 300,26.3,28.9, 0.0,  0, 0.0000,     0,23.0,29.1,45.1, 25,    42,    55, 0.8356, 0.8273
M5,26/07/23,12:05:45,     5,  3326,   430,  996.2, 300,26.3,28.9, 0.0,  0, 0.0000,     0,23.0,29.1,45.1, 25,    43,    56, 0.8364, 0.8266
M5,26/07/23,12:05:46,     5,  3327,   430,  996.2, 300,26.3,28.9, 0.0,  0, 0.0000,     0,23.0,29.1,45.1, 25,    43,    57, 0.8353, 0.8293
M5,26/07/23,12:05:47,     5,  3328,   431,  996.2, 300,26.4,28.9, 0.0,  0, 0.0000,     0,23.0,29.1,45.1, 25,    44,    58, 0.8340, 0.8359
M5,26/07/23,12:05:48,     5,  3329,   431,  996.2, 300,26.4,28.9, 0.0,  0, 0.0000,     0,23.0,29.1,45.1, 25,    44,    59, 0.8316, 0.8425
M5,26/07/23,12:05:49,     5,  3330,   432,  996.2, 300,26.4,28.9, 0.0,  0, 0.0000,     0,23.0,29.1,45.1, 25,    45,    60, 0.8305, 0.8467
R5,26/07/23,12:05:49,     5,  3330,   432,  996.2, 300,26.4,28.9, 0.0,  0, 0.0000,     0,23.0,29.1,45.1, 25,    45,    60, 0.8305, 0.8467
End
Start
M5,26/07/23,12:09:08,     6,  3528,   391,  996.2, 300,23.6,29.2, 0.0,  0, 0.0000,     0,23.3,28.2,29.4, 20,     1,     1, 0.0000, 0.0000
M5,26/07/23,12:09:09,     6,  3529,   392,  996.2, 300,23.6,29.2, 0.0,  0, 0.0000,     0,23.3,28.2,29.4, 20,     2,     2, 0.0000, 0.0000
M5,26/07/23,12:09:10,     6,  3530,   393,  996.2, 300,23.6,29.2, 0.0,  0, 0.0000,     0,23.3,28.3,29.4, 20,     3,     3, 0.0000, 0.0000
M5,26/07/23,12:09:11,     6,  3531,   393,  996.3, 300,23.8,29.2, 0.0,  0, 0.0000,     0,23.3,28.3,29.4, 20,     3,     4, 0.0000, 0.0000
M5,26/07/23,12:09:12,     6,  3532,   394,  996.3, 300,23.8,29.2, 0.0,  0, 0.0000,     0,23.5,28.3,29.4, 20,     4,     5, 0.0000, 0.0000
M5,26/07/23,12:09:13,     6,  3533,   394,  996.3, 300,24.0,29.2, 0.0,  0, 0.0000,     0,23.5,28.3,29.4, 20,     4,     6, 0.0000, 0.0000
M5,26/07/23,12:09:14,     6,  3534,   395,  996.3, 300,24.0,29.2, 0.0,  0, 0.0000,     0,23.5,28.4,29.4, 20,     5,     7, 0.0000, 0.0000
M5,26/07/23,12:09:15,     6,  3535,   395,  996.3, 300,24.2,29.2, 0.0,  0, 0.0000,     0,23.5,28.4,29.4, 20,     5,     8, 0.0000, 0.0000
M5,26/07/23,12:09:16,     6,  3536,   396,  996.3, 300,24.2,29.2, 0.0,  0, 0.0000,     0,23.5,28.4,29.4, 20,     5,     9, 0.0000, 0.0000
M5,26/07/23,12:09:17,     6,  3537,   396,  996.3, 300,24.2,29.2, 0.0,  0, 0.0000,     0,23.5,28.4,29.4, 25,     6,    10, 0.0000, 0.0000
M5,26/07/23,12:09:18,     6,  3538,   396,  996.3, 300,24.3,29.2, 0.0,  0, 0.0000,     0,23.3,28.4,29.4, 25,     6,    11, 0.0000, 0.0000
M5,26/07/23,12:09:19,     6,  3539,   397,  996.3, 300,24.3,29.2, 0.0,  0, 0.0000,     0,23.3,28.5,29.4, 25,     7,    12, 0.0000, 0.0000
M5,26/07/23,12:09:20,     6,  3540,   398,  996.3, 300,24.5,29.2, 0.0,  0, 0.0000,     0,23.3,28.5,29.4, 25,     7,    13, 0.7014, 0.8954
M5,26/07/23,12:09:21,     6,  3541,   398,  996.3, 300,24.5,29.2, 0.0,  0, 0.0000,     0,23.3,28.5,29.4, 25,     8,    14, 0.6498, 0.8321
M5,26/07/23,12:09:22,     6,  3542,   398,  996.3, 300,24.7,29.2, 0.0,  0, 0.0000,     0,23.3,28.5,29.4, 25,     8,    15, 0.6414, 0.7770
M5,26/07/23,12:09:23,     6,  3543,   399,  996.3, 300,24.7,29.2, 0.0,  0, 0.0000,     0,23.3,28.5,29.4, 25,     9,    16, 0.6254, 0.7238
M5,26/07/23,12:09:24,     6,  3544,   400,  996.3, 300,24.9,29.2, 0.0,  0, 0.0000,     0,23.3,28.6,29.4, 25,     9,    17, 0.6437, 0.6604
M5,26/07/23,12:09:25,     6,  3545,   400,  996.2, 300,24.9,29.2, 0.0,  0, 0.0000,     0,23.3,28.6,29.4, 25,    10,    18, 0.6552, 0.6023
M5,26/07/23,12:09:26,     6,  3546,   401,  996.2, 300,24.9,29.2, 0.0,  0, 0.0000,     0,23.3,28.6,29.4, 25,    10,    19, 0.6468, 0.6263
M5,26/07/23,12:09:27,     6,  3547,   401,  996.2, 300,25.0,29.2, 0.0,  0, 0.0000,     0,23.3,28.6,29.4, 25,    11,    20, 0.6374, 0.6710
M5,26/07/23,12:09:28,     6,  3548,   401,  996.2, 300,25.0,29.2, 0.0,  0, 0.0000,     0,23.3,28.6,29.4, 25,    11,    21, 0.6257, 0.6812
M5,26/07/23,12:09:29,     6,  3549,   402,  996.2, 300,25.1,29.2, 0.0,  0, 0.0000,     0,23.3,28.6,29.4, 25,    12,    22, 0.6161, 0.7031
M5,26/07/23,12:09:30,     6,  3550,   402,  996.2, 300,25.1,29.2, 0.0,  0, 0.0000,     0,23.3,28.6,29.4, 25,    12,    23, 0.6002, 0.7175
M5,26/07/23,12:09:31,     6,  3551,   402,  996.2, 300,25.3,29.2, 0.0,  0, 0.0000,     0,23.3,28.7,29.4, 25,    12,    24, 0.5895, 0.7320
M5,26/07/23,12:09:32,     6,  3552,   403,  996.3, 300,25.3,29.2, 0.0,  0, 0.0000,     0,23.3,28.7,29.4, 25,    12,    25, 0.5744, 0.7373
M5,26/07/23,12:09:33,     6,  3553,   403,  996.3, 300,25.3,29.2, 0.0,  0, 0.0000,     0,23.3,28.7,29.4, 25,    13,    26, 0.5605, 0.7379
M5,26/07/23,12:09:34,     6,  3554,   403,  996.3, 300,25.4,29.2, 0.0,  0, 0.0000,     0,23.3,28.7,29.4, 25,    13,    27, 0.5514, 0.7386
M5,26/07/23,12:09:35,     6,  3555,   404,  996.3, 300,25.4,29.2, 0.0,  0, 0.0000,     0,23.3,28.7,29.4, 25,    14,    28, 0.5488, 0.7029
M5,26/07/23,12:09:36,     6,  3556,   405,  996.3, 300,25.5,29.2, 0.0,  0, 0.0000,     0,23.3,28.7,29.4, 25,    15,    29, 0.5534, 0.6659
M5,26/07/23,12:09:37,     6,  3557,   405,  996.3, 300,25.5,29.2, 0.0,  0, 0.0000,     0,23.3,28.7,29.4, 25,    15,    30, 0.5571, 0.6260
M5,26/07/23,12:09:38,     6,  3558,   406,  996.3, 300,25.6,29.2, 0.0,  0, 0.0000,     0,23.3,28.8,29.4, 25,    16,    31, 0.5675, 0.5842
M5,26/07/23,12:09:39,     6,  3559,   407,  996.3, 300,25.6,29.2, 0.0,  0, 0.0000,     0,23.3,28.8,29.4, 25,    17,    32, 0.5777, 0.5403
M5,26/07/23,12:09:40,     6,  3560,   407,  996.3, 300,25.6,29.2, 0.0,  0, 0.0000,     0,23.3,28.8,29.4, 25,    17,    33, 0.5846, 0.5165
M5,26/07/23,12:09:41,     6,  3561,   408,  996.3, 300,25.7,29.2, 0.0,  0, 0.0000,     0,23.3,28.8,29.4, 25,    18,    34, 0.5922, 0.5049
M5,26/07/23,12:09:42,     6,  3562,   408,  996.3, 300,25.7,29.2, 0.0,  0, 0.0000,     0,23.3,28.8,29.4, 25,    18,    35, 0.5963, 0.4977
M5,26/07/23,12:09:43,     6,  3563,   409,  996.3, 300,25.8,29.2, 0.0,  0, 0.0000,     0,23.3,28.8,29.4, 25,    19,    36, 0.6011, 0.4968
M5,26/07/23,12:09:44,     6,  3564,   409,  996.3, 300,25.8,29.2, 0.0,  0, 0.0000,     0,23.3,28.8,29.4, 25,    19,    37, 0.6035, 0.4973
M5,26/07/23,12:09:45,     6,  3565,   410,  996.3, 300,25.9,29.2, 0.0,  0, 0.0000,     0,23.3,28.8,29.4, 25,    20,    38, 0.6074, 0.5020
M5,26/07/23,12:09:46,     6,  3566,   410,  996.3, 300,25.9,29.2, 0.0,  0, 0.0000,     0,23.3,28.9,29.4, 25,    20,    39, 0.6074, 0.5104
M5,26/07/23,12:09:47,     6,  3567,   411,  996.3, 300,26.0,29.2, 0.0,  0, 0.0000,     0,23.3,28.9,29.4, 25,    20,    40, 0.6078, 0.5238
M5,26/07/23,12:09:48,     6,  3568,   411,  996.3, 300,26.0,29.2, 0.0,  0, 0.0000,     0,23.3,28.9,29.4, 25,    21,    41, 0.6066, 0.5336
M5,26/07/23,12:09:49,     6,  3569,   412,  996.3, 300,26.0,29.2, 0.0,  0, 0.0000,     0,23.3,28.9,29.4, 25,    21,    42, 0.6066, 0.5380
M5,26/07/23,12:09:50,     6,  3570,   412,  996.2, 300,26.1,29.2, 0.0,  0, 0.0000,     0,23.3,28.9,29.4, 25,    22,    43, 0.6076, 0.5431
M5,26/07/23,12:09:51,     6,  3571,   413,  996.2, 300,26.1,29.2, 0.0,  0, 0.0000,     0,23.3,28.9,29.4, 25,    22,    44, 0.6074, 0.5469
M5,26/07/23,12:09:52,     6,  3572,   413,  996.2, 300,26.2,29.2, 0.0,  0, 0.0000,     0,23.3,28.9,29.4, 25,    23,    45, 0.6091, 0.5485
M5,26/07/23,12:09:53,     6,  3573,   414,  996.2, 300,26.2,29.2, 0.0,  0, 0.0000,     0,23.3,28.9,29.4, 25,    24,    46, 0.6095, 0.5497
M5,26/07/23,12:09:54,     6,  3574,   415,  996.2, 300,26.2,29.2, 0.0,  0, 0.0000,     0,23.3,28.9,29.4, 25,    24,    47, 0.6123, 0.5466
M5,26/07/23,12:09:55,     6,  3575,   415,  996.2, 300,26.2,29.2, 0.0,  0, 0.0000,     0,23.3,28.9,29.4, 25,    25,    48, 0.6138, 0.5444
M5,26/07/23,12:09:57,     6,  3576,   415,  996.3, 300,26.2,29.2, 0.0,  0, 0.0000,     0,23.3,28.9,29.4, 25,    25,    49, 0.6142, 0.5464
M5,26/07/23,12:09:58,     6,  3577,   416,  996.3, 300,26.3,29.2, 0.0,  0, 0.0000,     0,23.3,28.9,29.4, 25,    26,    50, 0.6154, 0.5497
M5,26/07/23,12:09:59,     6,  3578,   416,  996.3, 300,26.3,29.2, 0.0,  0, 0.0000,     0,23.3,29.0,29.4, 25,    26,    51, 0.6148, 0.5546
M5,26/07/23,12:10:00,     6,  3579,   417,  996.3, 300,26.4,29.2, 0.0,  0, 0.0000,     0,23.3,28.9,29.4, 25,    26,    52, 0.6148, 0.5624
M5,26/07/23,12:10:01,     6,  3580,   417,  996.3, 300,26.4,29.2, 0.0,  0, 0.0000,     0,23.3,28.9,29.4, 25,    27,    53, 0.6136, 0.5685
M5,26/07/23,12:10:02,     6,  3581,   418,  996.3, 300,26.5,29.2, 0.0,  0, 0.0000,     0,23.3,29.0,29.4, 25,    27,    54, 0.6138, 0.5723
M5,26/07/23,12:10:03,     6,  3582,   418,  996.3, 300,26.5,29.2, 0.0,  0, 0.0000,     0,23.3,29.0,29.4, 25,    28,    55, 0.6132, 0.5751
M5,26/07/23,12:10:04,     6,  3583,   418,  996.3, 300,26.5,29.2, 0.0,  0, 0.0000,     0,23.3,29.0,29.4, 25,    28,    56, 0.6122, 0.5796
M5,26/07/23,12:10:05,     6,  3584,   419,  996.3, 300,26.5,29.2, 0.0,  0, 0.0000,     0,23.3,29.0,29.4, 25,    28,    57, 0.6110, 0.5878
M5,26/07/23,12:10:06,     6,  3585,   419,  996.3, 300,26.5,29.2, 0.0,  0, 0.0000,     0,23.3,29.0,29.4, 25,    29,    58, 0.6087, 0.5957
M5,26/07/23,12:10:07,     6,  3586,   419,  996.3, 300,26.6,29.2, 0.0,  0, 0.0000,     0,23.5,29.0,29.4, 25,    29,    59, 0.6070, 0.6045
M5,26/07/23,12:10:08,     6,  3587,   420,  996.3, 300,26.6,29.2, 0.0,  0, 0.0000,     0,23.5,29.0,29.4, 25,    30,    60, 0.6047, 0.6109
R5,26/07/23,12:10:08,     6,  3587,   420,  996.3, 300,26.6,29.2, 0.0,  0, 0.0000,     0,23.5,29.0,29.4, 25,    30,    60, 0.6047, 0.6109
End
Start
M5,26/07/23,12:10:51,     6,  3630,   389,  996.3, 300,23.9,29.2, 0.0,  0, 0.0000,     0,23.5,28.4,29.4, 20,     0,     1, 0.0000, 0.0000
M5,26/07/23,12:10:52,     6,  3631,   389,  996.3, 300,23.9,29.2, 0.0,  0, 0.0000,     0,23.5,28.4,29.4, 20,     1,     2, 0.0000, 0.0000
M5,26/07/23,12:10:53,     6,  3632,   390,  996.3, 300,24.0,29.2, 0.0,  0, 0.0000,     0,23.5,28.4,29.4, 20,     2,     3, 0.0000, 0.0000
M5,26/07/23,12:10:54,     6,  3633,   391,  996.3, 300,24.0,29.2, 0.0,  0, 0.0000,     0,23.5,28.5,29.4, 20,     2,     4, 0.0000, 0.0000
M5,26/07/23,12:10:55,     6,  3634,   391,  996.3, 300,24.0,29.2, 0.0,  0, 0.0000,     0,23.5,28.5,29.7, 20,     3,     5, 0.0000, 0.0000
M5,26/07/23,12:10:56,     6,  3635,   392,  996.3, 300,24.0,29.2, 0.0,  0, 0.0000,     0,23.5,28.5,29.7, 20,     3,     6, 0.0000, 0.0000
M5,26/07/23,12:10:57,     6,  3636,   392,  996.3, 300,24.1,29.2, 0.0,  0, 0.0000,     0,23.5,28.5,29.7, 20,     4,     7, 0.0000, 0.0000
M5,26/07/23,12:10:58,     6,  3637,   393,  996.3, 300,24.1,29.2, 0.0,  0, 0.0000,     0,23.5,28.6,29.7, 20,     4,     8, 0.0000, 0.0000
M5,26/07/23,12:10:59,     6,  3638,   393,  996.3, 300,24.1,29.2, 0.0,  0, 0.0000,     0,23.5,28.6,29.7, 20,     5,     9, 0.0000, 0.0000
M5,26/07/23,12:11:00,     6,  3639,   394,  996.3, 300,24.3,29.2, 0.0,  0, 0.0000,     0,23.5,28.6,29.4, 25,     5,    10, 0.0000, 0.0000
M5,26/07/23,12:11:01,     6,  3640,   394,  996.3, 300,24.3,29.2, 0.0,  0, 0.0000,     0,23.5,28.6,29.4, 25,     6,    11, 0.0000, 0.0000
M5,26/07/23,12:11:02,     6,  3641,   395,  996.3, 300,24.4,29.2, 0.0,  0, 0.0000,     0,23.5,28.6,29.4, 25,     6,    12, 0.0000, 0.0000
M5,26/07/23,12:11:03,     6,  3642,   395,  996.3, 300,24.4,29.2, 0.0,  0, 0.0000,     0,23.5,28.6,29.4, 25,     7,    13, 0.6296, 0.7261
M5,26/07/23,12:11:04,     6,  3643,   395,  996.3, 300,24.5,29.2, 0.0,  0, 0.0000,     0,23.5,28.7,29.4, 25,     7,    14, 0.5893, 0.7651
M5,26/07/23,12:11:05,     6,  3644,   396,  996.3, 300,24.5,29.2, 0.0,  0, 0.0000,     0,23.5,28.7,29.4, 25,     7,    15, 0.5712, 0.6922
M5,26/07/23,12:11:06,     6,  3645,   396,  996.3, 300,24.5,29.2, 0.0,  0, 0.0000,     0,23.5,28.7,29.4, 25,     8,    16, 0.5450, 0.6841
M5,26/07/23,12:11:07,     6,  3646,   397,  996.3, 300,24.7,29.2, 0.0,  0, 0.0000,     0,23.5,28.7,29.4, 25,     8,    17, 0.5472, 0.6478
M5,26/07/23,12:11:08,     6,  3647,   397,  996.3, 300,24.7,29.2, 0.0,  0, 0.0000,     0,23.5,28.7,29.4, 25,     9,    18, 0.5575, 0.5709
M5,26/07/23,12:11:09,     6,  3648,   398,  996.3, 300,24.8,29.2, 0.0,  0, 0.0000,     0,23.5,28.7,29.4, 25,    10,    19, 0.5914, 0.4885
M5,26/07/23,12:11:10,     6,  3649,   399,  996.3, 300,24.8,29.2, 0.0,  0, 0.0000,     0,23.5,28.7,29.4, 25,    10,    20, 0.6053, 0.4710
M5,26/07/23,12:11:11,     6,  3650,   399,  996.3, 300,24.9,29.3, 0.0,  0, 0.0000,     0,23.5,28.7,29.7, 25,    11,    21, 0.6265, 0.4661
M5,26/07/23,12:11:12,     6,  3651,   400,  996.3, 300,24.9,29.3, 0.0,  0, 0.0000,     0,23.5,28.7,29.7, 25,    11,    22, 0.6333, 0.4796
M5,26/07/23,12:11:13,     6,  3652,   400,  996.3, 300,24.9,29.3, 0.0,  0, 0.0000,     0,23.5,28.8,29.7, 25,    12,    23, 0.6361, 0.5018
M5,26/07/23,12:11:14,     6,  3653,   401,  996.3, 300,25.0,29.3, 0.0,  0, 0.0000,     0,23.5,28.8,29.7, 25,    12,    24, 0.6352, 0.5436
M5,26/07/23,12:11:15,     6,  3654,   401,  996.3, 300,25.0,29.3, 0.0,  0, 0.0000,     0,23.5,28.8,29.7, 25,    12,    25, 0.6264, 0.5845
M5,26/07/23,12:11:16,     6,  3655,   402,  996.3, 300,25.2,29.2, 0.0,  0, 0.0000,     0,23.5,28.8,29.4, 25,    13,    26, 0.6267, 0.6004
M5,26/07/23,12:11:17,     6,  3656,   402,  996.3, 300,25.2,29.2, 0.0,  0, 0.0000,     0,23.5,28.8,29.4, 25,    14,    27, 0.6269, 0.5983
M5,26/07/23,12:11:18,     6,  3657,   403,  996.3, 300,25.3,29.3, 0.0,  0, 0.0000,     0,23.5,28.8,29.4, 25,    14,    28, 0.6268, 0.6130
M5,26/07/23,12:11:19,     6,  3658,   403,  996.3, 300,25.3,29.3, 0.0,  0, 0.0000,     0,23.5,28.8,29.4, 25,    14,    29, 0.6180, 0.6387
M5,26/07/23,12:11:20,     6,  3659,   403,  996.3, 300,25.3,29.3, 0.0,  0, 0.0000,     0,23.5,28.8,29.4, 25,    15,    30, 0.6085, 0.6612
M5,26/07/23,12:11:21,     6,  3660,   403,  996.3, 300,25.4,29.3, 0.0,  0, 0.0000,     0,23.5,28.8,29.7, 25,    15,    31, 0.6024, 0.6794
M5,26/07/23,12:11:22,     6,  3661,   404,  996.3, 300,25.4,29.3, 0.0,  0, 0.0000,     0,23.5,28.8,29.7, 25,    16,    32, 0.5975, 0.6783
M5,26/07/23,12:11:23,     6,  3662,   405,  996.3, 300,25.5,29.3, 0.0,  0, 0.0000,     0,23.5,28.8,29.7, 25,    16,    33, 0.5958, 0.6765
M5,26/07/23,12:11:24,     6,  3663,   405,  996.3, 300,25.5,29.3, 0.0,  0, 0.0000,     0,23.5,28.8,29.7, 25,    16,    34, 0.5908, 0.6769
M5,26/07/23,12:11:25,     6,  3664,   405,  996.3, 300,25.6,29.3, 0.0,  0, 0.0000,     0,23.5,28.9,29.7, 25,    17,    35, 0.5888, 0.6759
M5,26/07/23,12:11:26,     6,  3665,   406,  996.3, 300,25.6,29.3, 0.0,  0, 0.0000,     0,23.5,28.9,29.7, 25,    17,    36, 0.5840, 0.6760
M5,26/07/23,12:11:27,     6,  3666,   406,  996.3, 300,25.7,29.3, 0.0,  0, 0.0000,     0,23.5,28.9,29.4, 25,    18,    37, 0.5808, 0.6800
M5,26/07/23,12:11:28,     6,  3667,   406,  996.3, 300,25.7,29.3, 0.0,  0, 0.0000,     0,23.5,28.9,29.4, 25,    18,    38, 0.5766, 0.6780
M5,26/07/23,12:11:29,     6,  3668,   407,  996.3, 300,25.7,29.3, 0.0,  0, 0.0000,     0,23.5,28.9,29.4, 25,    19,    39, 0.5731, 0.6734
M5,26/07/23,12:11:30,     6,  3669,   407,  996.3, 300,25.8,29.3, 0.0,  0, 0.0000,     0,23.5,28.9,29.4, 25,    19,    40, 0.5718, 0.6687
M5,26/07/23,12:11:31,     6,  3670,   408,  996.3, 300,25.8,29.3, 0.0,  0, 0.0000,     0,23.5,28.9,29.4, 25,    19,    41, 0.5696, 0.6615
M5,26/07/23,12:11:32,     6,  3671,   408,  996.3, 300,25.9,29.3, 0.0,  0, 0.0000,     0,23.5,28.9,29.7, 25,    20,    42, 0.5694, 0.6556
M5,26/07/23,12:11:33,     6,  3672,   409,  996.3, 300,25.9,29.3, 0.0,  0, 0.0000,     0,23.5,28.9,29.7, 25,    21,    43, 0.5689, 0.6443
M5,26/07/23,12:11:34,     6,  3673,   410,  996.3, 300,26.0,29.3, 0.0,  0, 0.0000,     0,23.5,28.9,29.7, 25,    21,    44, 0.5694, 0.6351
M5,26/07/23,12:11:35,     6,  3674,   410,  996.3, 300,26.0,29.3, 0.0,  0, 0.0000,     0,23.5,28.9,29.7, 25,    22,    45, 0.5700, 0.6227
M5,26/07/23,12:11:36,     6,  3675,   411,  996.3, 300,26.0,29.3, 0.0,  0, 0.0000,     0,23.5,28.9,29.7, 25,    22,    46, 0.5698, 0.6151
M5,26/07/23,12:11:37,     6,  3676,   411,  996.3, 300,26.1,29.3, 0.0,  0, 0.0000,     0,23.5,28.9,29.7, 25,    23,    47, 0.5711, 0.6095
M5,26/07/23,12:11:38,     6,  3677,   411,  996.3, 300,26.1,29.3, 0.0,  0, 0.0000,     0,23.5,28.9,29.7, 25,    23,    48, 0.5710, 0.6032
M5,26/07/23,12:11:39,     6,  3678,   412,  996.3, 300,26.1,29.3, 0.0,  0, 0.0000,     0,23.5,28.9,29.7, 25,    24,    49, 0.5722, 0.5955
M5,26/07/23,12:11:40,     6,  3679,   412,  996.3, 300,26.1,29.3, 0.0,  0, 0.0000,     0,23.5,28.9,29.7, 25,    24,    50, 0.5722, 0.5908
M5,26/07/23,12:11:41,     6,  3680,   413,  996.3, 300,26.2,29.3, 0.0,  0, 0.0000,     0,23.5,28.9,29.7, 25,    24,    51, 0.5718, 0.5921
M5,26/07/23,12:11:42,     6,  3681,   413,  996.3, 300,26.2,29.3, 0.0,  0, 0.0000,     0,23.5,28.9,29.7, 25,    25,    52, 0.5701, 0.5940
M5,26/07/23,12:11:43,     6,  3682,   414,  996.3, 300,26.2,29.3, 0.0,  0, 0.0000,     0,23.5,28.9,29.7, 25,    25,    53, 0.5693, 0.5926
M5,26/07/23,12:11:44,     6,  3683,   414,  996.3, 300,26.3,29.3, 0.0,  0, 0.0000,     0,23.5,28.9,29.7, 25,    26,    54, 0.5696, 0.5918
M5,26/07/23,12:11:45,     6,  3684,   415,  996.3, 300,26.3,29.3, 0.0,  0, 0.0000,     0,23.5,28.9,29.7, 25,    26,    55, 0.5696, 0.5878
M5,26/07/23,12:11:46,     6,  3685,   415,  996.3, 300,26.3,29.3, 0.0,  0, 0.0000,     0,23.5,28.9,29.7, 25,    27,    56, 0.5704, 0.5846
M5,26/07/23,12:11:47,     6,  3686,   416,  996.3, 300,26.3,29.3, 0.0,  0, 0.0000,     0,23.5,29.0,29.7, 25,    27,    57, 0.5704, 0.5810
M5,26/07/23,12:11:48,     6,  3687,   416,  996.3, 300,26.4,29.3, 0.0,  0, 0.0000,     0,23.5,29.0,29.7, 25,    28,    58, 0.5718, 0.5767
M5,26/07/23,12:11:49,     6,  3688,   417,  996.3, 300,26.4,29.3, 0.0,  0, 0.0000,     0,23.5,29.0,29.7, 25,    28,    59, 0.5723, 0.5722
M5,26/07/23,12:11:50,     6,  3689,   417,  996.3, 300,26.5,29.3, 0.0,  0, 0.0000,     0,23.5,29.0,29.7, 25,    29,    60, 0.5729, 0.5705
R5,26/07/23,12:11:50,     6,  3689,   417,  996.3, 300,26.5,29.3, 0.0,  0, 0.0000,     0,23.5,29.0,29.7, 25,    29,    60, 0.5729, 0.5705
End
Start
M5,26/07/23,12:12:35,     6,  3734,   394,  996.3, 300,23.1,29.3, 0.0,  0, 0.0000,     0,23.5,27.9,29.4, 20,     0,     1, 0.0000, 0.0000
M5,26/07/23,12:12:36,     6,  3735,   395,  996.3, 300,23.1,29.3, 0.0,  0, 0.0000,     0,23.5,28.0,29.7, 20,     1,     2, 0.0000, 0.0000
M5,26/07/23,12:12:37,     6,  3736,   395,  996.3, 300,23.1,29.3, 0.0,  0, 0.0000,     0,23.5,28.0,29.7, 20,     1,     3, 0.0000, 0.0000
M5,26/07/23,12:12:38,     6,  3737,   395,  996.3, 300,23.1,29.3, 0.0,  0, 0.0000,     0,23.5,28.0,29.7, 20,     2,     4, 0.0000, 0.0000
M5,26/07/23,12:12:39,     6,  3738,   396,  996.3, 300,23.2,29.3, 0.0,  0, 0.0000,     0,23.5,28.1,29.7, 20,     2,     5, 0.0000, 0.0000
M5,26/07/23,12:12:40,     6,  3739,   397,  996.3, 300,23.2,29.3, 0.0,  0, 0.0000,     0,23.5,28.1,29.7, 20,     3,     6, 0.0000, 0.0000
M5,26/07/23,12:12:41,     6,  3740,   398,  996.3, 300,23.2,29.3, 0.0,  0, 0.0000,     0,23.5,28.1,29.7, 20,     4,     7, 0.0000, 0.0000
M5,26/07/23,12:12:42,     6,  3741,   398,  996.3, 300,23.2,29.3, 0.0,  0, 0.0000,     0,23.5,28.1,29.7, 20,     4,     8, 0.0000, 0.0000
M5,26/07/23,12:12:43,     6,  3742,   399,  996.3, 300,23.3,29.3, 0.0,  0, 0.0000,     0,23.5,28.2,29.7, 20,     5,     9, 0.0000, 0.0000
M5,26/07/23,12:12:44,     6,  3743,   399,  996.3, 300,23.3,29.3, 0.0,  0, 0.0000,     0,23.5,28.2,29.7, 25,     5,    10, 0.0000, 0.0000
M5,26/07/23,12:12:45,     6,  3744,   399,  996.3, 300,23.3,29.3, 0.0,  0, 0.0000,     0,23.5,28.2,29.7, 25,     5,    11, 0.0000, 0.0000
M5,26/07/23,12:12:46,     6,  3745,   400,  996.3, 300,23.5,29.3, 0.0,  0, 0.0000,     0,23.5,28.2,29.7, 25,     6,    12, 0.0000, 0.0000
M5,26/07/23,12:12:47,     6,  3746,   400,  996.3, 300,23.5,29.3, 0.0, 21, 0.0000,     0,23.5,28.3,29.4, 25,     6,    13, 0.4564, 0.3129
M5,26/07/23,12:12:48,     6,  3747,   401,  996.3, 300,23.6,29.3, 0.0, 21, 0.0000,     0,23.5,28.3,29.4, 25,     7,    14, 0.5062, 0.3422
M5,26/07/23,12:12:49,     6,  3748,   401,  996.3, 300,23.6,29.3, 0.0, 21, 0.0000,     0,23.5,28.3,29.4, 25,     7,    15, 0.5253, 0.3712
M5,26/07/23,12:12:50,     6,  3749,   401,  996.3, 300,23.7,29.3, 0.0,  0, 0.0000,     0,23.5,28.3,29.4, 25,     7,    16, 0.5279, 0.4592
M5,26/07/23,12:12:52,     6,  3750,   402,  996.3, 300,23.7,29.3, 0.0,  0, 0.0000,     0,23.5,28.3,29.4, 25,     8,    17, 0.5124, 0.5120
M5,26/07/23,12:12:53,     6,  3751,   402,  996.3, 300,23.7,29.3, 0.0,  0, 0.0000,     0,23.5,28.3,29.7, 25,     8,    18, 0.4970, 0.5412
M5,26/07/23,12:12:54,     6,  3752,   402,  996.3, 300,23.8,29.3, 0.0,  0, 0.0000,     0,23.5,28.4,29.7, 25,     9,    19, 0.5000, 0.5320
M5,26/07/23,12:12:55,     6,  3753,   403,  996.3, 300,23.8,29.3, 0.0,  0, 0.0000,     0,23.5,28.4,29.7, 25,     9,    20, 0.5103, 0.4827
M5,26/07/23,12:12:56,     6,  3754,   404,  996.3, 300,23.9,29.3, 0.0,  0, 0.0000,     0,23.5,28.4,29.7, 25,    10,    21, 0.5243, 0.4641
M5,26/07/23,12:12:57,     6,  3755,   404,  996.3, 300,23.9,29.3, 0.0,  0, 0.0000,     0,23.5,28.4,29.7, 25,    10,    22, 0.5246, 0.4707
M5,26/07/23,12:12:58,     6,  3756,   404,  996.3, 300,24.1,29.3, 0.0,  0, 0.0000,     0,23.5,28.4,29.7, 25,    10,    23, 0.5268, 0.4938
M5,26/07/23,12:12:59,     6,  3757,   405,  996.3, 300,24.1,29.3, 0.0,  0, 0.0000,     0,23.5,28.4,29.7, 25,    11,    24, 0.5208, 0.5121
M5,26/07/23,12:13:00,     6,  3758,   405,  996.3, 300,24.2,29.3, 0.0,  0, 0.0000,     0,23.5,28.4,29.7, 25,    11,    25, 0.5181, 0.5327
M5,26/07/23,12:13:01,     6,  3759,   405,  996.3, 300,24.2,29.3, 0.0,  0, 0.0000,     0,23.5,28.4,29.7, 25,    11,    26, 0.5069, 0.5577
M5,26/07/23,12:13:02,     6,  3760,   405,  996.3, 300,24.2,29.3, 0.0,  0, 0.0000,     0,23.5,28.5,29.7, 25,    11,    27, 0.4958, 0.5767
M5,26/07/23,12:13:03,     6,  3761,   406,  996.3, 300,24.3,29.3, 0.0,  0, 0.0000,     0,23.5,28.5,29.7, 25,    12,    28, 0.4954, 0.5696
M5,26/07/23,12:13:04,     6,  3762,   406,  996.3, 300,24.3,29.3, 0.0,  0, 0.0000,     0,23.5,28.5,29.7, 25,    12,    29, 0.4912, 0.5636
M5,26/07/23,12:13:05,     6,  3763,   407,  996.3, 300,24.5,29.3, 0.0,  0, 0.0000,     0,23.5,28.5,29.7, 25,    13,    30, 0.4904, 0.5634
M5,26/07/23,12:13:06,     6,  3764,   407,  996.3, 300,24.5,29.3, 0.0,  0, 0.0000,     0,23.5,28.5,29.7, 25,    13,    31, 0.4857, 0.5611
M5,26/07/23,12:13:07,     6,  3765,   408,  996.3, 300,24.6,29.3, 0.0,  0, 0.0000,     0,23.5,28.5,29.7, 25,    14,    32, 0.4876, 0.5472
M5,26/07/23,12:13:08,     6,  3766,   408,  996.3, 300,24.6,29.3, 0.0,  0, 0.0000,     0,23.5,28.5,29.7, 25,    14,    33, 0.4882, 0.5306
M5,26/07/23,12:13:09,     6,  3767,   409,  996.3, 300,24.6,29.3, 0.0,  0, 0.0000,     0,23.5,28.5,29.7, 25,    15,    34, 0.4895, 0.5147
M5,26/07/23,12:13:10,     6,  3768,   409,  996.3, 300,24.7,29.3, 0.0,  0, 0.0000,     0,23.5,28.6,29.7, 25,    15,    35, 0.4934, 0.5020
M5,26/07/23,12:13:11,     6,  3769,   409,  996.3, 300,24.7,29.3, 0.0,  0, 0.0000,     0,23.5,28.6,29.7, 25,    16,    36, 0.4956, 0.4886
M5,26/07/23,12:13:12,     6,  3770,   410,  996.3, 300,24.8,29.3, 0.0,  0, 0.0000,     0,23.5,28.6,29.7, 25,    16,    37, 0.5001, 0.4790
M5,26/07/23,12:13:13,     6,  3771,   411,  996.3, 300,24.8,29.3, 0.0,  0, 0.0000,     0,23.5,28.6,29.7, 25,    17,    38, 0.5039, 0.4641
M5,26/07/23,12:13:14,     6,  3772,   411,  996.3, 300,24.9,29.3, 0.0,  0, 0.0000,     0,23.5,28.6,29.7, 25,    17,    39, 0.5081, 0.4585
M5,26/07/23,12:13:15,     6,  3773,   411,  996.3, 300,24.9,29.3, 0.0,  0, 0.0000,     0,23.5,28.6,29.7, 25,    18,    40, 0.5105, 0.4521
M5,26/07/23,12:13:16,     6,  3774,   412,  996.3, 300,24.9,29.3, 0.0,  0, 0.0000,     0,23.5,28.6,29.7, 25,    18,    41, 0.5129, 0.4467
M5,26/07/23,12:13:17,     6,  3775,   412,  996.3, 300,25.0,29.3, 0.0,  0, 0.0000,     0,23.5,28.6,29.7, 25,    19,    42, 0.5168, 0.4439
M5,26/07/23,12:13:18,     6,  3776,   413,  996.3, 300,25.0,29.3, 0.0,  0, 0.0000,     0,23.5,28.6,29.7, 25,    19,    43, 0.5201, 0.4368
M5,26/07/23,12:13:19,     6,  3777,   414,  996.3, 300,25.1,29.3, 0.0,  0, 0.0000,     0,23.5,28.6,29.7, 25,    20,    44, 0.5247, 0.4330
M5,26/07/23,12:13:20,     6,  3778,   414,  996.3, 300,25.1,29.3, 0.0,  0, 0.0000,     0,23.5,28.6,29.7, 25,    20,    45, 0.5267, 0.4322
M5,26/07/23,12:13:21,     6,  3779,   414,  996.3, 300,25.2,29.3, 0.0,  0, 0.0000,     0,23.5,28.7,29.7, 25,    21,    46, 0.5298, 0.4331
M5,26/07/23,12:13:22,     6,  3780,   415,  996.3, 300,25.2,29.3, 0.0,  0, 0.0000,     0,23.5,28.7,29.7, 25,    21,    47, 0.5306, 0.4368
M5,26/07/23,12:13:23,     6,  3781,   415,  996.3, 300,25.3,29.3, 0.0,  0, 0.0000,     0,23.5,28.7,29.7, 25,    21,    48, 0.5321, 0.4439
M5,26/07/23,12:13:24,     6,  3782,   415,  996.3, 300,25.3,29.3, 0.0,  0, 0.0000,     0,23.5,28.7,29.7, 25,    21,    49, 0.5317, 0.4508
M5,26/07/23,12:13:25,     6,  3783,   416,  996.3, 300,25.3,29.3, 0.0,  0, 0.0000,     0,23.5,28.7,29.7, 25,    22,    50, 0.5309, 0.4585
M5,26/07/23,12:13:26,     6,  3784,   416,  996.3, 300,25.4,29.3, 0.0,  0, 0.0000,     0,23.5,28.7,29.7, 25,    22,    51, 0.5314, 0.4654
M5,26/07/23,12:13:27,     6,  3785,   417,  996.3, 300,25.4,29.3, 0.0,  0, 0.0000,     0,23.5,28.7,29.7, 25,    23,    52, 0.5311, 0.4697
M5,26/07/23,12:13:28,     6,  3786,   417,  996.3, 300,25.4,29.3, 0.0,  0, 0.0000,     0,23.5,28.7,29.7, 25,    23,    53, 0.5316, 0.4733
M5,26/07/23,12:13:29,     6,  3787,   417,  996.3, 300,25.4,29.3, 0.0,  0, 0.0000,     0,23.5,28.7,29.7, 25,    24,    54, 0.5312, 0.4775
M5,26/07/23,12:13:30,     6,  3788,   418,  996.3, 300,25.5,29.3, 0.0,  0, 0.0000,     0,23.5,28.7,29.7, 25,    24,    55, 0.5316, 0.4836
M5,26/07/23,12:13:31,     6,  3789,   418,  996.3, 300,25.5,29.3, 0.0,  0, 0.0000,     0,23.5,28.7,29.7, 25,    25,    56, 0.5316, 0.4852
M5,26/07/23,12:13:32,     6,  3790,   419,  996.3, 300,25.5,29.3, 0.0,  0, 0.0000,     0,23.5,28.7,29.7, 25,    25,    57, 0.5317, 0.4861
M5,26/07/23,12:13:33,     6,  3791,   419,  996.3, 300,25.6,29.3, 0.0,  0, 0.0000,     0,23.5,28.7,29.7, 25,    26,    58, 0.5328, 0.4872
M5,26/07/23,12:13:34,     6,  3792,   420,  996.3, 300,25.6,29.3, 0.0,  0, 0.0000,     0,23.5,28.7,29.7, 25,    26,    59, 0.5332, 0.4872
M5,26/07/23,12:13:35,     6,  3793,   421,  996.3, 300,25.6,29.3, 0.0,  0, 0.0000,     0,23.5,28.7,29.7, 25,    27,    60, 0.5346, 0.4858
R5,26/07/23,12:13:35,     6,  3793,   421,  996.3, 300,25.6,29.3, 0.0,  0, 0.0000,     0,23.5,28.7,29.7, 25,    27,    60, 0.5346, 0.4858
End
