Tag(M3),Date,Time,Plot_No,Rec_No,CO2,Pressure,Flow,H2O,Tsen,O2,Error,Aux_V,PAR,Tsoil,Tair,Msoil
Start
M5,26/07/23,12:41:50,     7,  5479,   392,  995.0, 300,23.0,29.4, 0.0,  0, 0.0000,     0,24.9,27.4,42.3, 20,     0,     1, 0.0000, 0.0000
M5,26/07/23,12:41:51,     7,  5480,   393,  995.0, 300,23.1,29.4, 0.0,  0, 0.0000,     0,24.9,27.4,42.3, 20,     1,     2, 0.0000, 0.0000
M5,26/07/23,12:41:52,     7,  5481,   394,  995.0, 300,23.1,29.4, 0.0,  0, 0.0000,     0,24.9,27.5,42.3, 20,     2,     3, 0.0000, 0.0000
M5,26/07/23,12:41:53,     7,  5482,   394,  995.0, 300,23.3,29.4, 0.0,  0, 0.0000,     0,24.9,27.5,42.3, 20,     2,     4, 0.0000, 0.0000
M5,26/07/23,12:41:54,     7,  5483,   395,  995.0, 300,23.3,29.4, 0.0,  0, 0.0000,     0,24.9,27.5,42.3, 20,     3,     5, 0.0000, 0.0000
M5,26/07/23,12:41:55,     7,  5484,   396,  995.0, 300,23.4,29.4, 0.0,  0, 0.0000,     0,24.9,27.5,42.3, 20,     4,     6, 0.0000, 0.0000
M5,26/07/23,12:41:56,     7,  5485,   396,  995.0, 300,23.4,29.4, 0.0,  0, 0.0000,     0,24.9,27.5,42.3, 20,     4,     7, 0.0000, 0.0000
M5,26/07/23,12:41:57,     7,  5486,   397,  995.0, 300,23.4,29.4, 0.0,  0, 0.0000,     0,24.9,27.5,42.3, 20,     5,     8, 0.0000, 0.0000
M5,26/07/23,12:41:58,     7,  5487,   398,  995.0, 300,23.7,29.4, 0.0,  0, 0.0000,     0,24.9,27.5,42.3, 20,     6,     9, 0.0000, 0.0000
M5,26/07/23,12:41:59,     7,  5488,   398,  995.0, 300,23.7,29.4, 0.0,  0, 0.0000,     0,24.9,27.5,42.3, 25,     6,    10, 0.0000, 0.0000
M5,26/07/23,12:42:01,     7,  5489,   399,  995.0, 300,23.8,29.4, 0.0,  0, 0.0000,     0,24.9,27.5,42.3, 25,     7,    11, 0.0000, 0.0000
M5,26/07/23,12:42:02,     7,  5490,   400,  995.0, 300,23.8,29.4, 0.0,  0, 0.0000,     0,24.9,27.5,42.3, 25,     8,    12, 0.0000, 0.0000
M5,26/07/23,12:42:03,     7,  5491,   400,  995.0, 300,24.0,29.4, 0.0,  0, 0.0000,     0,24.9,27.5,42.3, 25,     8,    13, 0.9063, 1.1935
M5,26/07/23,12:42:04,     7,  5492,   401,  995.0, 300,24.0,29.4, 0.0,  0, 0.0000,     0,24.9,27.5,42.3, 25,     9,    14, 0.8141, 1.1454
M5,26/07/23,12:42:05,     7,  5493,   401,  995.0, 300,24.0,29.4, 0.0,  0, 0.0000,     0,24.9,27.5,42.3, 25,    10,    15, 0.7829, 1.0085
M5,26/07/23,12:42:06,     7,  5494,   402,  995.0, 300,24.2,29.4, 0.0,  0, 0.0000,     0,24.9,27.6,42.3, 25,    10,    16, 0.8111, 0.8781
M5,26/07/23,12:42:07,     7,  5495,   403,  995.0, 300,24.2,29.4, 0.0,  0, 0.0000,     0,24.9,27.6,42.3, 25,    11,    17, 0.8115, 0.8258
M5,26/07/23,12:42:08,     7,  5496,   403,  995.0, 300,24.4,29.4, 0.0,  0, 0.0000,     0,24.9,27.6,42.3, 25,    12,    18, 0.8079, 0.8519
M5,26/07/23,12:42:09,     7,  5497,   404,  995.0, 300,24.4,29.4, 0.0,  0, 0.0000,     0,24.9,27.6,42.3, 25,    12,    19, 0.7983, 0.8439
M5,26/07/23,12:42:10,     7,  5498,   405,  995.0, 300,24.6,29.4, 0.0,  0, 0.0000,     0,24.9,27.6,42.3, 25,    13,    20, 0.7924, 0.8642
M5,26/07/23,12:42:11,     7,  5499,   405,  995.0, 300,24.6,29.4, 0.0,  0, 0.0000,     0,24.9,27.6,42.3, 25,    13,    21, 0.7831, 0.8542
M5,26/07/23,12:42:12,     7,  5500,   405,  995.0, 300,24.8,29.4, 0.0,  0, 0.0000,     0,24.9,27.6,42.3, 25,    13,    22, 0.7654, 0.9034
M5,26/07/23,12:42:13,     7,  5501,   406,  995.0, 300,24.8,29.4, 0.0,  0, 0.0000,     0,24.9,27.6,42.3, 25,    14,    23, 0.7388, 0.9354
M5,26/07/23,12:42:14,     7,  5502,   406,  994.9, 300,24.8,29.4, 0.0,  0, 0.0000,     0,24.9,27.6,42.3, 25,    14,    24, 0.7184, 0.9395
M5,26/07/23,12:42:15,     7,  5503,   407,  994.9, 300,24.9,29.4, 0.0,  0, 0.0000,     0,24.9,27.6,42.3, 25,    15,    25, 0.7111, 0.9211
M5,26/07/23,12:42:16,     7,  5504,   408,  994.9, 300,24.9,29.4, 0.0,  0, 0.0000,     0,24.9,27.6,42.3, 25,    16,    26, 0.7041, 0.8878
M5,26/07/23,12:42:17,     7,  5505,   408,  994.9, 300,25.1,29.4, 0.0,  0, 0.0000,     0,24.9,27.6,42.3, 25,    16,    27, 0.7047, 0.8563
M5,26/07/23,12:42:18,     7,  5506,   409,  994.9, 300,25.1,29.4, 0.0,  0, 0.0000,     0,24.9,27.6,42.3, 25,    17,    28, 0.7064, 0.8120
M5,26/07/23,12:42:19,     7,  5507,   409,  994.9, 300,25.2,29.4, 0.0,  0, 0.0000,     0,24.9,27.6,42.3, 25,    18,    29, 0.7100, 0.7894
M5,26/07/23,12:42:20,     7,  5508,   410,  994.9, 300,25.2,29.4, 0.0,  0, 0.0000,     0,24.9,27.6,42.3, 25,    18,    30, 0.7079, 0.7739
M5,26/07/23,12:42:21,     7,  5509,   410,  994.9, 300,25.2,29.4, 0.0,  0, 0.0000,     0,24.9,27.6,42.3, 25,    18,    31, 0.7026, 0.7726
M5,26/07/23,12:42:22,     7,  5510,   411,  994.9, 300,25.3,29.4, 0.0,  0, 0.0000,     0,24.9,27.6,42.3, 25,    19,    32, 0.7019, 0.7677
M5,26/07/23,12:42:23,     7,  5511,   411,  994.9, 300,25.3,29.4, 0.0,  0, 0.0000,     0,24.9,27.6,42.3, 25,    19,    33, 0.6982, 0.7629
M5,26/07/23,12:42:24,     7,  5512,   412,  994.9, 300,25.5,29.4, 0.0,  0, 0.0000,     0,24.9,27.7,42.3, 25,    20,    34, 0.6971, 0.7625
M5,26/07/23,12:42:25,     7,  5513,   413,  994.9, 300,25.5,29.4, 0.0,  0, 0.0000,     0,24.9,27.7,42.3, 25,    21,    35, 0.6948, 0.7546
M5,26/07/23,12:42:26,     7,  5514,   413,  994.9, 300,25.6,29.4, 0.0,  0, 0.0000,     0,24.9,27.7,42.3, 25,    21,    36, 0.6977, 0.7413
M5,26/07/23,12:42:27,     7,  5515,   414,  994.9, 300,25.6,29.4, 0.0,  0, 0.0000,     0,24.9,27.7,42.3, 25,    22,    37, 0.6972, 0.7312
M5,26/07/23,12:42:28,     7,  5516,   414,  994.9, 300,25.6,29.4, 0.0,  0, 0.0000,     0,24.9,27.7,42.3, 25,    22,    38, 0.6960, 0.7250
M5,26/07/23,12:42:29,     7,  5517,   415,  994.9, 300,25.7,29.4, 0.0,  0, 0.0000,     0,24.9,27.7,42.3, 25,    23,    39, 0.6975, 0.7190
M5,26/07/23,12:42:30,     7,  5518,   416,  994.9, 300,25.7,29.4, 0.0,  0, 0.0000,     0,24.9,27.7,42.3, 25,    24,    40, 0.6989, 0.7062
M5,26/07/23,12:42:31,     7,  5519,   417,  994.9, 300,25.8,29.4, 0.0,  0, 0.0000,     0,24.9,27.7,42.3, 25,    25,    41, 0.7047, 0.6886
M5,26/07/23,12:42:32,     7,  5520,   417,  994.9, 300,25.8,29.4, 0.0,  0, 0.0000,     0,24.9,27.7,42.3, 25,    25,    42, 0.7076, 0.6753
M5,26/07/23,12:42:33,     7,  5521,   418,  994.9, 300,25.9,29.4, 0.0,  0, 0.0000,     0,24.9,27.7,42.3, 25,    26,    43, 0.7106, 0.6689
M5,26/07/23,12:42:34,     7,  5522,   418,  994.9, 300,25.9,29.4, 0.0,  0, 0.0000,     0,24.9,27.7,42.3, 25,    27,    44, 0.7125, 0.6622
M5,26/07/23,12:42:35,     7,  5523,   419,  995.0, 299,26.0,29.4, 0.0,  0, 0.0000,     0,24.9,27.7,42.3, 25,    27,    45, 0.7150, 0.6614
M5,26/07/23,12:42:36,     7,  5524,   420,  995.0, 300,26.0,29.4, 0.0,  0, 0.0000,     0,24.9,27.7,42.3, 25,    28,    46, 0.7160, 0.6590
M5,26/07/23,12:42:37,     7,  5525,   420,  995.0, 301,26.0,29.4, 0.0,  0, 0.0000,     0,24.9,27.7,42.3, 25,    28,    47, 0.7172, 0.6565
M5,26/07/23,12:42:38,     7,  5526,   421,  995.0, 300,26.0,29.4, 0.0,  0, 0.0000,     0,24.9,27.7,42.3, 25,    29,    48, 0.7195, 0.6550
M5,26/07/23,12:42:39,     7,  5527,   421,  995.0, 300,26.0,29.4, 0.0,  0, 0.0000,     0,24.7,27.7,42.3, 25,    29,    49, 0.7202, 0.6551
M5,26/07/23,12:42:40,     7,  5528,   422,  995.0, 300,26.1,29.4, 0.0,  0, 0.0000,     0,24.7,27.7,42.3, 25,    30,    50, 0.7222, 0.6558
M5,26/07/23,12:42:41,     7,  5529,   423,  995.0, 300,26.1,29.4, 0.0,  0, 0.0000,     0,24.7,27.7,42.3, 25,    31,    51, 0.7225, 0.6574
M5,26/07/23,12:42:42,     7,  5530,   423,  995.0, 300,26.2,29.4, 0.0,  0, 0.0000,     0,24.7,27.7,42.3, 25,    31,    52, 0.7231, 0.6612
M5,26/07/23,12:42:43,     7,  5531,   424,  995.0, 300,26.2,29.4, 0.0,  0, 0.0000,     0,24.7,27.7,42.3, 25,    32,    53, 0.7225, 0.6653
M5,26/07/23,12:42:44,     7,  5532,   424,  995.0, 300,26.2,29.4, 0.0,  0, 0.0000,     0,24.7,27.7,42.3, 25,    32,    54, 0.7223, 0.6681
M5,26/07/23,12:42:45,     7,  5533,   425,  995.0, 300,26.3,29.4, 0.0,  0, 0.0000,     0,24.7,27.7,42.3, 25,    33,    55, 0.7226, 0.6725
M5,26/07/23,12:42:46,     7,  5534,   425,  995.0, 300,26.3,29.4, 0.0,  0, 0.0000,     0,24.7,27.7,42.3, 25,    33,    56, 0.7223, 0.6749
M5,26/07/23,12:42:47,     7,  5535,   426,  994.9, 300,26.3,29.4, 0.0,  0, 0.0000,     0,24.7,27.7,42.3, 25,    34,    57, 0.7229, 0.6768
M5,26/07/23,12:42:48,     7,  5536,   427,  994.9, 300,26.3,29.4, 0.0,  0, 0.0000,     0,24.7,27.7,42.3, 25,    35,    58, 0.7226, 0.6789
M5,26/07/23,12:42:49,     7,  5537,   427,  994.9, 300,26.4,29.4, 0.0,  0, 0.0000,     0,24.7,27.7,42.3, 25,    35,    59, 0.7228, 0.6827
M5,26/07/23,12:42:50,     7,  5538,   428,  994.9, 300,26.4,29.4, 0.0,  0, 0.0000,     0,24.7,27.7,42.3, 25,    36,    60, 0.7224, 0.6845
R5,26/07/23,12:42:50,     7,  5538,   428,  994.9, 300,26.4,29.4, 0.0,  0, 0.0000,     0,24.7,27.7,42.3, 25,    36,    60, 0.7224, 0.6845
End
Start
M5,26/07/23,12:43:34,     7,  5582,   397,  995.0, 300,22.7,29.4, 0.0,  0, 0.0000,     0,24.7,27.1,42.3, 20,     1,     1, 0.0000, 0.0000
M5,26/07/23,12:43:35,     7,  5583,   398,  995.0, 300,22.9,29.4, 0.0,  0, 0.0000,     0,24.7,27.1,42.3, 20,     1,     2, 0.0000, 0.0000
M5,26/07/23,12:43:36,     7,  5584,   398,  995.0, 300,22.9,29.4, 0.0,  0, 0.0000,     0,24.7,27.1,42.3, 20,     2,     3, 0.0000, 0.0000
M5,26/07/23,12:43:37,     7,  5585,   398,  995.0, 300,22.9,29.4, 0.0,  0, 0.0000,     0,24.7,27.1,42.3, 20,     2,     4, 0.0000, 0.0000
M5,26/07/23,12:43:38,     7,  5586,   399,  995.0, 300,23.1,29.4, 0.0,  0, 0.0000,     0,24.7,27.2,42.3, 20,     3,     5, 0.0000, 0.0000
M5,26/07/23,12:43:39,     7,  5587,   400,  995.0, 300,23.1,29.4, 0.0,  0, 0.0000,     0,24.7,27.2,42.3, 20,     4,     6, 0.0000, 0.0000
M5,26/07/23,12:43:40,     7,  5588,   400,  995.0, 300,23.3,29.4, 0.0,  0, 0.0000,     0,24.7,27.2,42.3, 20,     4,     7, 0.0000, 0.0000
M5,26/07/23,12:43:41,     7,  5589,   401,  995.0, 300,23.3,29.4, 0.0,  0, 0.0000,     0,24.7,27.2,42.3, 20,     5,     8, 0.0000, 0.0000
M5,26/07/23,12:43:42,     7,  5590,   402,  995.0, 300,23.5,29.4, 0.0,  0, 0.0000,     0,24.7,27.2,42.3, 20,     6,     9, 0.0000, 0.0000
M5,26/07/23,12:43:43,     7,  5591,   402,  995.0, 300,23.5,29.4, 0.0,  0, 0.0000,     0,24.7,27.2,42.3, 25,     6,    10, 0.0000, 0.0000
M5,26/07/23,12:43:44,     7,  5592,   403,  995.0, 300,23.5,29.4, 0.0,  0, 0.0000,     0,24.7,27.2,42.3, 25,     7,    11, 0.0000, 0.0000
M5,26/07/23,12:43:45,     7,  5593,   403,  995.0, 300,23.8,29.4, 0.0,  0, 0.0000,     0,24.7,27.3,42.3, 25,     7,    12, 0.0000, 0.0000
M5,26/07/23,12:43:46,     7,  5594,   404,  995.0, 300,23.8,29.4, 0.0,  0, 0.0000,     0,24.7,27.3,42.3, 25,     8,    13, 0.6736, 0.5284
M5,26/07/23,12:43:47,     7,  5595,   405,  995.0, 300,24.0,29.4, 0.0, 21, 0.0000,     0,24.7,27.3,42.3, 25,     9,    14, 0.7683, 0.4956
M5,26/07/23,12:43:48,     7,  5596,   405,  995.0, 300,24.0,29.4, 0.0, 21, 0.0000,     0,24.7,27.3,42.3, 25,     9,    15, 0.7875, 0.5670
M5,26/07/23,12:43:49,     7,  5597,   406,  995.0, 300,24.2,29.4, 0.0,  0, 0.0000,     0,24.7,27.3,42.3, 25,    10,    16, 0.8088, 0.6465
M5,26/07/23,12:43:50,     7,  5598,   407,  995.0, 300,24.2,29.4, 0.0,  0, 0.0000,     0,24.7,27.3,42.3, 25,    11,    17, 0.8083, 0.6905
M5,26/07/23,12:43:51,     7,  5599,   408,  995.0, 300,24.3,29.4, 0.0,  0, 0.0000,     0,24.7,27.4,42.3, 25,    11,    18, 0.8305, 0.6973
M5,26/07/23,12:43:52,     7,  5600,   408,  995.0, 300,24.3,29.4, 0.0,  0, 0.0000,     0,24.7,27.4,42.3, 25,    11,    19, 0.7973, 0.8142
M5,26/07/23,12:43:53,     7,  5601,   409,  995.0, 300,24.3,29.4, 0.0,  0, 0.0000,     0,24.4,27.4,42.3, 25,    12,    20, 0.7875, 0.8204
M5,26/07/23,12:43:54,     7,  5602,   409,  995.0, 300,24.5,29.4, 0.0,  0, 0.0000,     0,24.4,27.4,42.3, 25,    13,    21, 0.7980, 0.8009
M5,26/07/23,12:43:55,     7,  5603,   410,  995.0, 300,24.5,29.4, 0.0,  0, 0.0000,     0,24.4,27.4,42.3, 25,    14,    22, 0.7918, 0.8042
M5,26/07/23,12:43:56,     7,  5604,   410,  995.0, 300,24.7,29.4, 0.0,  0, 0.0000,     0,24.4,27.4,42.3, 25,    14,    23, 0.7874, 0.8231
M5,26/07/23,12:43:57,     7,  5605,   411,  995.0, 300,24.7,29.4, 0.0,  0, 0.0000,     0,24.4,27.4,42.3, 25,    15,    24, 0.7760, 0.8374
M5,26/07/23,12:43:58,     7,  5606,   411,  995.0, 300,24.9,29.4, 0.0,  0, 0.0000,     0,24.4,27.4,42.3, 25,    15,    25, 0.7667, 0.8695
M5,26/07/23,12:43:59,     7,  5607,   412,  995.0, 300,24.9,29.4, 0.0,  0, 0.0000,     0,24.4,27.4,42.3, 25,    15,    26, 0.7521, 0.8829
M5,26/07/23,12:44:00,     7,  5608,   412,  995.0, 300,24.9,29.4, 0.0,  0, 0.0000,     0,24.4,27.4,42.3, 25,    16,    27, 0.7391, 0.8885
M5,26/07/23,12:44:01,     7,  5609,   413,  995.0, 300,25.0,29.4, 0.0,  0, 0.0000,     0,24.4,27.4,42.3, 25,    16,    28, 0.7341, 0.8821
M5,26/07/23,12:44:02,     7,  5610,   413,  995.0, 300,25.0,29.4, 0.0,  0, 0.0000,     0,24.4,27.4,42.3, 25,    17,    29, 0.7257, 0.8736
M5,26/07/23,12:44:03,     7,  5611,   414,  995.0, 300,25.1,29.4, 0.0,  0, 0.0000,     0,24.4,27.4,42.3, 25,    17,    30, 0.7185, 0.8775
M5,26/07/23,12:44:04,     7,  5612,   414,  995.0, 300,25.1,29.4, 0.0,  0, 0.0000,     0,24.4,27.4,42.3, 25,    18,    31, 0.7092, 0.8738
M5,26/07/23,12:44:05,     7,  5613,   415,  995.0, 300,25.2,29.4, 0.0,  0, 0.0000,     0,24.4,27.5,42.3, 25,    18,    32, 0.7031, 0.8703
M5,26/07/23,12:44:06,     7,  5614,   415,  995.0, 300,25.2,29.4, 0.0,  0, 0.0000,     0,24.4,27.5,42.3, 25,    19,    33, 0.6956, 0.8629
M5,26/07/23,12:44:07,     7,  5615,   416,  995.0, 300,25.2,29.4, 0.0,  0, 0.0000,     0,24.4,27.5,42.3, 25,    19,    34, 0.6906, 0.8485
M5,26/07/23,12:44:08,     7,  5616,   416,  995.0, 300,25.4,29.4, 0.0,  0, 0.0000,     0,24.4,27.5,42.3, 25,    20,    35, 0.6893, 0.8395
M5,26/07/23,12:44:09,     7,  5617,   417,  995.0, 300,25.4,29.4, 0.0,  0, 0.0000,     0,24.4,27.5,42.5, 25,    21,    36, 0.6878, 0.8177
M5,26/07/23,12:44:10,     7,  5618,   418,  995.0, 300,25.5,29.4, 0.0,  0, 0.0000,     0,24.4,27.5,42.5, 25,    22,    37, 0.6907, 0.7930
M5,26/07/23,12:44:11,     7,  5619,   418,  995.0, 300,25.5,29.4, 0.0,  0, 0.0000,     0,24.4,27.5,42.5, 25,    22,    38, 0.6921, 0.7690
M5,26/07/23,12:44:12,     7,  5620,   419,  995.0, 300,25.6,29.4, 0.0,  0, 0.0000,     0,24.4,27.5,42.5, 25,    22,    39, 0.6919, 0.7617
M5,26/07/23,12:44:13,     7,  5621,   419,  995.0, 300,25.6,29.4, 0.0,  0, 0.0000,     0,24.4,27.5,42.5, 25,    23,    40, 0.6898, 0.7552
M5,26/07/23,12:44:14,     7,  5622,   419,  995.0, 300,25.7,29.4, 0.0,  0, 0.0000,     0,24.4,27.5,42.5, 25,    23,    41, 0.6881, 0.7561
M5,26/07/23,12:44:15,     7,  5623,   420,  995.0, 300,25.7,29.4, 0.0,  0, 0.0000,     0,24.4,27.5,42.3, 25,    24,    42, 0.6837, 0.7588
M5,26/07/23,12:44:16,     7,  5624,   420,  995.0, 300,25.7,29.4, 0.0,  0, 0.0000,     0,24.4,27.5,42.3, 25,    24,    43, 0.6806, 0.7569
M5,26/07/23,12:44:17,     7,  5625,   421,  995.0, 300,25.8,29.4, 0.0,  0, 0.0000,     0,24.4,27.5,42.3, 25,    25,    44, 0.6817, 0.7505
M5,26/07/23,12:44:18,     7,  5626,   422,  995.0, 300,25.8,29.4, 0.0,  0, 0.0000,     0,24.4,27.5,42.3, 25,    26,    45, 0.6821, 0.7375
M5,26/07/23,12:44:19,     7,  5627,   423,  995.0, 300,25.9,29.4, 0.0,  0, 0.0000,     0,24.4,27.5,42.3, 25,    26,    46, 0.6830, 0.7287
M5,26/07/23,12:44:20,     7,  5628,   423,  995.0, 300,25.9,29.4, 0.0,  0, 0.0000,     0,24.4,27.5,42.3, 25,    27,    47, 0.6842, 0.7158
M5,26/07/23,12:44:21,     7,  5629,   424,  995.0, 300,25.9,29.4, 0.0,  0, 0.0000,     0,24.4,27.5,42.3, 25,    28,    48, 0.6864, 0.7046
M5,26/07/23,12:44:22,     7,  5630,   425,  995.0, 300,25.9,29.4, 0.0,  0, 0.0000,     0,24.4,27.5,42.3, 25,    29,    49, 0.6881, 0.6931
M5,26/07/23,12:44:23,     7,  5631,   425,  995.0, 300,25.9,29.4, 0.0,  0, 0.0000,     0,24.4,27.5,42.3, 25,    29,    50, 0.6892, 0.6851
M5,26/07/23,12:44:24,     7,  5632,   426,  995.0, 300,26.0,29.4, 0.0,  0, 0.0000,     0,24.4,27.5,42.3, 25,    29,    51, 0.6908, 0.6807
M5,26/07/23,12:44:25,     7,  5633,   426,  995.0, 300,26.0,29.4, 0.0,  0, 0.0000,     0,24.4,27.5,42.3, 25,    30,    52, 0.6917, 0.6751
M5,26/07/23,12:44:26,     7,  5634,   427,  995.0, 300,26.1,29.4, 0.0,  0, 0.0000,     0,24.4,27.5,42.3, 25,    31,    53, 0.6933, 0.6728
M5,26/07/23,12:44:27,     7,  5635,   428,  995.0, 300,26.1,29.4, 0.0,  0, 0.0000,     0,24.4,27.5,42.3, 25,    31,    54, 0.6940, 0.6688
M5,26/07/23,12:44:28,     7,  5636,   428,  995.0, 300,26.1,29.4, 0.0,  0, 0.0000,     0,24.4,27.5,42.3, 25,    32,    55, 0.6950, 0.6674
M5,26/07/23,12:44:29,     7,  5637,   429,  995.0, 300,26.1,29.4, 0.0,  0, 0.0000,     0,24.4,27.5,42.3, 25,    32,    56, 0.6950, 0.6666
M5,26/07/23,12:44:30,     7,  5638,   429,  995.0, 300,26.1,29.4, 0.0,  0, 0.0000,     0,24.4,27.5,42.3, 25,    33,    57, 0.6948, 0.6669
M5,26/07/23,12:44:31,     7,  5639,   430,  995.0, 300,26.2,29.4, 0.0,  0, 0.0000,     0,24.4,27.5,42.3, 25,    34,    58, 0.6958, 0.6648
M5,26/07/23,12:44:32,     7,  5640,   430,  995.0, 300,26.2,29.4, 0.0,  0, 0.0000,     0,24.4,27.5,42.3, 25,    34,    59, 0.6956, 0.6652
M5,26/07/23,12:44:33,     7,  5641,   431,  995.0, 300,26.3,29.4, 0.0,  0, 0.0000,     0,24.4,27.5,42.3, 25,    35,    60, 0.6966, 0.6656
R5,26/07/23,12:44:33,     7,  5641,   431,  995.0, 300,26.3,29.4, 0.0,  0, 0.0000,     0,24.4,27.5,42.3, 25,    35,    60, 0.6966, 0.6656
End
Start
M5,26/07/23,12:45:17,     7,  5684,   397,  994.9, 300,22.6,29.3, 0.0,  0, 0.0000,     0,24.2,26.8,42.3, 20,     1,     1, 0.0000, 0.0000
M5,26/07/23,12:45:18,     7,  5685,   398,  994.9, 300,22.6,29.4, 0.0,  0, 0.0000,     0,24.2,26.9,42.3, 20,     1,     2, 0.0000, 0.0000
M5,26/07/23,12:45:19,     7,  5686,   398,  994.9, 300,22.6,29.4, 0.0,  0, 0.0000,     0,24.2,26.9,42.3, 20,     2,     3, 0.0000, 0.0000
M5,26/07/23,12:45:20,     7,  5687,   399,  994.9, 300,22.7,29.4, 0.0,  0, 0.0000,     0,24.2,26.9,42.3, 20,     2,     4, 0.0000, 0.0000
M5,26/07/23,12:45:21,     7,  5688,   400,  994.9, 300,22.7,29.4, 0.0,  0, 0.0000,     0,24.2,26.9,42.3, 20,     3,     5, 0.0000, 0.0000
M5,26/07/23,12:45:22,     7,  5689,   400,  994.9, 300,22.9,29.4, 0.0,  0, 0.0000,     0,24.2,26.9,42.3, 20,     4,     6, 0.0000, 0.0000
M5,26/07/23,12:45:23,     7,  5690,   401,  994.9, 300,22.9,29.4, 0.0,  0, 0.0000,     0,24.2,27.0,42.3, 20,     4,     7, 0.0000, 0.0000
M5,26/07/23,12:45:24,     7,  5691,   401,  994.9, 300,23.0,29.4, 0.0,  0, 0.0000,     0,24.2,27.0,42.3, 20,     5,     8, 0.0000, 0.0000
M5,26/07/23,12:45:25,     7,  5692,   402,  994.9, 300,23.0,29.4, 0.0,  0, 0.0000,     0,24.2,27.0,42.3, 20,     5,     9, 0.0000, 0.0000
M5,26/07/23,12:45:26,     7,  5693,   402,  994.9, 300,23.0,29.4, 0.0,  0, 0.0000,     0,24.2,27.0,42.3, 25,     6,    10, 0.0000, 0.0000
M5,26/07/23,12:45:27,     7,  5694,   403,  994.9, 300,23.3,29.4, 0.0,  0, 0.0000,     0,24.2,27.0,42.3, 25,     6,    11, 0.0000, 0.0000
M5,26/07/23,12:45:28,     7,  5695,   404,  994.9, 300,23.3,29.4, 0.0,  0, 0.0000,     0,24.2,27.1,42.3, 25,     7,    12, 0.0000, 0.0000
M5,26/07/23,12:45:29,     7,  5696,   404,  994.9, 300,23.5,29.4, 0.0,  0, 0.0000,     0,24.2,27.1,42.3, 25,     8,    13, 0.7804, 0.9243
M5,26/07/23,12:45:30,     7,  5697,   405,  994.9, 300,23.5,29.4, 0.0,  0, 0.0000,     0,24.2,27.1,42.3, 25,     8,    14, 0.7638, 0.8179
M5,26/07/23,12:45:31,     7,  5698,   406,  994.9, 300,23.7,29.4, 0.0,  0, 0.0000,     0,24.2,27.1,42.3, 25,     9,    15, 0.7842, 0.7778
M5,26/07/23,12:45:32,     7,  5699,   406,  994.9, 300,23.7,29.4, 0.0,  0, 0.0000,     0,24.2,27.1,42.3, 25,     9,    16, 0.7621, 0.7983
M5,26/07/23,12:45:33,     7,  5700,   406,  994.9, 300,23.7,29.4, 0.0,  0, 0.0000,     0,24.2,27.1,42.3, 25,    10,    17, 0.7163, 0.8724
M5,26/07/23,12:45:34,     7,  5701,   407,  994.9, 300,23.9,29.4, 0.0,  0, 0.0000,     0,24.2,27.2,42.3, 25,    10,    18, 0.7114, 0.8500
M5,26/07/23,12:45:35,     7,  5702,   407,  994.9, 300,23.9,29.4, 0.0,  0, 0.0000,     0,24.2,27.2,42.3, 25,    11,    19, 0.6950, 0.8267
M5,26/07/23,12:45:36,     7,  5703,   408,  994.9, 300,24.1,29.4, 0.0,  0, 0.0000,     0,24.2,27.2,42.3, 25,    12,    20, 0.7093, 0.7669
M5,26/07/23,12:45:37,     7,  5704,   409,  994.9, 300,24.1,29.4, 0.0,  0, 0.0000,     0,24.2,27.2,42.3, 25,    12,    21, 0.7215, 0.6965
M5,26/07/23,12:45:38,     7,  5705,   410,  994.9, 300,24.2,29.4, 0.0,  0, 0.0000,     0,24.2,27.2,42.3, 25,    13,    22, 0.7315, 0.6855
M5,26/07/23,12:45:39,     7,  5706,   410,  994.9, 300,24.2,29.4, 0.0,  0, 0.0000,     0,24.2,27.2,42.3, 25,    13,    23, 0.7237, 0.7059
M5,26/07/23,12:45:40,     7,  5707,   410,  994.9, 300,24.2,29.4, 0.0,  0, 0.0000,     0,24.2,27.2,42.3, 25,    14,    24, 0.7154, 0.7227
M5,26/07/23,12:45:41,     7,  5708,   411,  994.9, 300,24.4,29.4, 0.0,  0, 0.0000,     0,24.2,27.2,42.3, 25,    14,    25, 0.7180, 0.7284
M5,26/07/23,12:45:42,     7,  5709,   412,  994.9, 300,24.4,29.4, 0.0,  0, 0.0000,     0,24.2,27.2,42.3, 25,    15,    26, 0.7161, 0.7201
M5,26/07/23,12:45:43,     7,  5710,   412,  994.9, 300,24.6,29.4, 0.0,  0, 0.0000,     0,24.2,27.3,42.3, 25,    16,    27, 0.7206, 0.7131
M5,26/07/23,12:45:44,     7,  5711,   413,  994.9, 300,24.6,29.4, 0.0,  0, 0.0000,     0,24.2,27.3,42.3, 25,    16,    28, 0.7215, 0.7010
M5,26/07/23,12:45:45,     7,  5712,   413,  994.9, 300,24.7,29.4, 0.0,  0, 0.0000,     0,24.2,27.3,42.3, 25,    17,    29, 0.7220, 0.7126
M5,26/07/23,12:45:46,     7,  5713,   414,  994.9, 300,24.7,29.4, 0.0,  0, 0.0000,     0,24.2,27.3,42.3, 25,    17,    30, 0.7173, 0.7204
M5,26/07/23,12:45:47,     7,  5714,   414,  994.9, 300,24.8,29.3, 0.0,  0, 0.0000,     0,24.2,27.3,42.3, 25,    18,    31, 0.7173, 0.7228
M5,26/07/23,12:45:48,     7,  5715,   415,  994.9, 300,24.8,29.3, 0.0,  0, 0.0000,     0,24.2,27.3,42.3, 25,    18,    32, 0.7118, 0.7322
M5,26/07/23,12:45:49,     7,  5716,   415,  994.9, 300,24.8,29.3, 0.0,  0, 0.0000,     0,24.2,27.3,42.3, 25,    19,    33, 0.7084, 0.7331
M5,26/07/23,12:45:50,     7,  5717,   416,  994.9, 300,25.0,29.4, 0.0,  0, 0.0000,     0,24.2,27.3,42.3, 25,    19,    34, 0.7097, 0.7322
M5,26/07/23,12:45:51,     7,  5718,   417,  994.9, 300,25.0,29.4, 0.0,  0, 0.0000,     0,24.2,27.3,42.3, 25,    20,    35, 0.7088, 0.7249
M5,26/07/23,12:45:52,     7,  5719,   417,  994.9, 300,25.1,29.4, 0.0,  0, 0.0000,     0,24.2,27.3,42.3, 25,    21,    36, 0.7096, 0.7241
M5,26/07/23,12:45:53,     7,  5720,   418,  994.9, 300,25.1,29.4, 0.0,  0, 0.0000,     0,24.2,27.3,42.3, 25,    21,    37, 0.7073, 0.7236
M5,26/07/23,12:45:54,     7,  5721,   418,  994.9, 300,25.2,29.4, 0.0,  0, 0.0000,     0,24.2,27.4,42.3, 25,    22,    38, 0.7094, 0.7172
M5,26/07/23,12:45:55,     7,  5722,   419,  994.9, 300,25.2,29.4, 0.0,  0, 0.0000,     0,24.2,27.4,42.3, 25,    23,    39, 0.7100, 0.7082
M5,26/07/23,12:45:56,     7,  5723,   420,  994.9, 300,25.2,29.4, 0.0,  0, 0.0000,     0,24.2,27.4,42.3, 25,    23,    40, 0.7109, 0.6995
M5,26/07/23,12:45:57,     7,  5724,   420,  994.9, 300,25.4,29.4, 0.0,  0, 0.0000,     0,24.2,27.4,42.3, 25,    24,    41, 0.7131, 0.6971
M5,26/07/23,12:45:58,     7,  5725,   421,  994.9, 300,25.4,29.4, 0.0,  0, 0.0000,     0,24.2,27.4,42.3, 25,    24,    42, 0.7115, 0.6994
M5,26/07/23,12:45:59,     7,  5726,   421,  994.9, 300,25.4,29.3, 0.0,  0, 0.0000,     0,24.2,27.4,42.3, 25,    25,    43, 0.7115, 0.7000
M5,26/07/23,12:46:00,     7,  5727,   422,  994.9, 300,25.4,29.3, 0.0,  0, 0.0000,     0,24.2,27.4,42.3, 25,    25,    44, 0.7102, 0.7012
M5,26/07/23,12:46:01,     7,  5728,   422,  994.9, 300,25.6,29.4, 0.0,  0, 0.0000,     0,24.2,27.4,42.3, 25,    26,    45, 0.7116, 0.7024
M5,26/07/23,12:46:02,     7,  5729,   423,  994.9, 300,25.6,29.4, 0.0,  0, 0.0000,     0,24.2,27.4,42.3, 25,    26,    46, 0.7104, 0.7029
M5,26/07/23,12:46:03,     7,  5730,   424,  994.9, 300,25.6,29.4, 0.0,  0, 0.0000,     0,24.2,27.4,42.3, 25,    27,    47, 0.7097, 0.7017
M5,26/07/23,12:46:04,     7,  5731,   424,  994.9, 300,25.7,29.4, 0.0,  0, 0.0000,     0,24.2,27.4,42.3, 25,    28,    48, 0.7107, 0.7004
M5,26/07/23,12:46:05,     7,  5732,   425,  994.9, 300,25.7,29.4, 0.0,  0, 0.0000,     0,24.2,27.4,42.3, 25,    28,    49, 0.7108, 0.6968
M5,26/07/23,12:46:06,     7,  5733,   425,  994.9, 300,25.7,29.3, 0.0,  0, 0.0000,     0,24.2,27.4,42.3, 25,    29,    50, 0.7115, 0.6962
M5,26/07/23,12:46:07,     7,  5734,   426,  994.9, 300,25.7,29.3, 0.0,  0, 0.0000,     0,24.2,27.4,42.3, 25,    29,    51, 0.7109, 0.6961
M5,26/07/23,12:46:08,     7,  5735,   426,  994.9, 300,25.8,29.3, 0.0,  0, 0.0000,     0,24.2,27.4,42.3, 25,    30,    52, 0.7111, 0.6982
M5,26/07/23,12:46:09,     7,  5736,   427,  994.9, 300,25.8,29.3, 0.0,  0, 0.0000,     0,24.2,27.4,42.3, 25,    30,    53, 0.7100, 0.6999
M5,26/07/23,12:46:10,     7,  5737,   428,  994.9, 300,25.9,29.4, 0.0,  0, 0.0000,     0,24.2,27.4,42.3, 25,    31,    54, 0.7102, 0.7010
M5,26/07/23,12:46:11,     7,  5738,   428,  994.9, 300,25.9,29.4, 0.0,  0, 0.0000,     0,24.2,27.4,42.3, 25,    31,    55, 0.7092, 0.7020
M5,26/07/23,12:46:12,     7,  5739,   429,  994.9, 300,25.9,29.4, 0.0,  0, 0.0000,     0,24.2,27.4,42.3, 25,    32,    56, 0.7086, 0.7018
M5,26/07/23,12:46:13,     7,  5740,   429,  994.9, 300,25.9,29.3, 0.0,  0, 0.0000,     0,24.2,27.4,42.3, 25,    32,    57, 0.7078, 0.7053
M5,26/07/23,12:46:14,     7,  5741,   429,  994.9, 300,25.9,29.3, 0.0,  0, 0.0000,     0,24.2,27.4,42.3, 25,    33,    58, 0.7057, 0.7099
M5,26/07/23,12:46:15,     7,  5742,   430,  994.9, 300,26.0,29.4, 0.0,  0, 0.0000,     0,24.2,27.4,42.3, 25,    33,    59, 0.7047, 0.7153
M5,26/07/23,12:46:16,     7,  5743,   430,  994.9, 300,26.0,29.4, 0.0,  0, 0.0000,     0,24.2,27.4,42.3, 25,    34,    60, 0.7026, 0.7192
R5,26/07/23,12:46:16,     7,  5743,   430,  994.9, 300,26.0,29.4, 0.0,  0, 0.0000,     0,24.2,27.4,42.3, 25,    34,    60, 0.7026, 0.7192
End
Start
M5,26/07/23,12:49:12,     8,  5918,   393,  995.1, 300,23.2,29.3, 0.0,  0, 0.0000,     0,23.7,28.0,47.9, 20,     0,     1, 0.0000, 0.0000
M5,26/07/23,12:49:13,     8,  5919,   393,  995.1, 300,23.3,29.3, 0.0,  0, 0.0000,     0,23.7,28.0,47.9, 20,     0,     2, 0.0000, 0.0000
M5,26/07/23,12:49:14,     8,  5920,   393,  995.0, 300,23.3,29.3, 0.0,  0, 0.0000,     0,23.7,28.1,47.9, 20,     1,     3, 0.0000, 0.0000
M5,26/07/23,12:49:15,     8,  5921,   393,  995.0, 299,23.3,29.3, 0.0,  0, 0.0000,     0,23.7,28.1,47.9, 20,     1,     4, 0.0000, 0.0000
M5,26/07/23,12:49:16,     8,  5922,   394,  995.0, 300,23.4,29.3, 0.0,  0, 0.0000,     0,23.7,28.1,47.9, 20,     1,     5, 0.0000, 0.0000
M5,26/07/23,12:49:17,     8,  5923,   394,  995.0, 301,23.4,29.3, 0.0,  0, 0.0000,     0,23.7,28.1,47.9, 20,     2,     6, 0.0000, 0.0000
M5,26/07/23,12:49:18,     8,  5924,   395,  995.0, 300,23.5,29.3, 0.0,  0, 0.0000,     0,23.7,28.2,47.9, 20,     2,     7, 0.0000, 0.0000
M5,26/07/23,12:49:19,     8,  5925,   395,  995.0, 300,23.5,29.3, 0.0,  0, 0.0000,     0,23.7,28.2,47.9, 20,     3,     8, 0.0000, 0.0000
M5,26/07/23,12:49:20,     8,  5926,   396,  995.0, 300,23.7,29.3, 0.0,  0, 0.0000,     0,23.7,28.2,47.9, 20,     3,     9, 0.0000, 0.0000
M5,26/07/23,12:49:21,     8,  5927,   396,  995.0, 300,23.7,29.3, 0.0,  0, 0.0000,     0,23.7,28.3,47.9, 25,     4,    10, 0.0000, 0.0000
M5,26/07/23,12:49:22,     8,  5928,   397,  995.0, 300,23.8,29.3, 0.0,  0, 0.0000,     0,23.7,28.3,47.9, 25,     5,    11, 0.0000, 0.0000
M5,26/07/23,12:49:23,     8,  5929,   397,  995.0, 300,23.8,29.3, 0.0,  0, 0.0000,     0,23.7,28.3,47.9, 25,     5,    12, 0.0000, 0.0000
M5,26/07/23,12:49:24,     8,  5930,   398,  995.0, 300,23.8,29.3, 0.0,  0, 0.0000,     0,23.7,28.3,47.9, 25,     5,    13, 0.6138, 0.7478
M5,26/07/23,12:49:25,     8,  5931,   398,  995.0, 300,24.0,29.3, 0.0,  0, 0.0000,     0,23.7,28.4,47.9, 25,     6,    14, 0.6475, 0.6466
M5,26/07/23,12:49:26,     8,  5932,   399,  995.0, 300,24.0,29.3, 0.0,  0, 0.0000,     0,23.7,28.4,47.9, 25,     7,    15, 0.6857, 0.5408
M5,26/07/23,12:49:27,     8,  5933,   400,  995.0, 300,24.2,29.3, 0.0,  0, 0.0000,     0,23.7,28.4,47.9, 25,     7,    16, 0.6998, 0.6093
M5,26/07/23,12:49:28,     8,  5934,   400,  995.0, 300,24.2,29.3, 0.0,  0, 0.0000,     0,23.7,28.4,47.9, 25,     8,    17, 0.6704, 0.6992
M5,26/07/23,12:49:29,     8,  5935,   400,  995.0, 300,24.4,29.3, 0.0,  0, 0.0000,     0,23.7,28.4,47.9, 25,     8,    18, 0.6330, 0.8010
M5,26/07/23,12:49:30,     8,  5936,   400,  995.0, 300,24.4,29.3, 0.0,  0, 0.0000,     0,23.7,28.5,47.9, 25,     8,    19, 0.5948, 0.8316
M5,26/07/23,12:49:31,     8,  5937,   401,  995.0, 300,24.4,29.3, 0.0,  0, 0.0000,     0,23.7,28.5,47.9, 25,     9,    20, 0.5799, 0.7852
M5,26/07/23,12:49:32,     8,  5938,   402,  995.0, 300,24.6,29.3, 0.0,  0, 0.0000,     0,23.7,28.5,47.9, 25,    10,    21, 0.5918, 0.7100
M5,26/07/23,12:49:33,     8,  5939,   403,  995.0, 300,24.6,29.3, 0.0,  0, 0.0000,     0,23.7,28.5,47.9, 25,    10,    22, 0.5986, 0.6450
M5,26/07/23,12:49:34,     8,  5940,   403,  995.0, 300,24.7,29.3, 0.0,  0, 0.0000,     0,23.7,28.5,47.9, 25,    11,    23, 0.6018, 0.6361
M5,26/07/23,12:49:35,     8,  5941,   403,  995.0, 300,24.7,29.3, 0.0,  0, 0.0000,     0,23.7,28.5,47.9, 25,    11,    24, 0.5985, 0.6271
M5,26/07/23,12:49:36,     8,  5942,   404,  995.0, 300,24.9,29.3, 0.0,  0, 0.0000,     0,23.7,28.5,47.9, 25,    12,    25, 0.6051, 0.6148
M5,26/07/23,12:49:37,     8,  5943,   405,  995.0, 300,24.9,29.3, 0.0,  0, 0.0000,     0,23.7,28.6,47.9, 25,    12,    26, 0.6042, 0.6055
M5,26/07/23,12:49:38,     8,  5944,   405,  995.0, 300,24.9,29.3, 0.0,  0, 0.0000,     0,23.7,28.6,47.9, 25,    13,    27, 0.5994, 0.6116
M5,26/07/23,12:49:39,     8,  5945,   405,  995.0, 300,25.1,29.3, 0.0,  0, 0.0000,     0,23.7,28.6,47.9, 25,    13,    28, 0.5963, 0.6281
M5,26/07/23,12:49:40,     8,  5946,   406,  995.0, 300,25.1,29.3, 0.0,  0, 0.0000,     0,23.7,28.6,47.9, 25,    13,    29, 0.5905, 0.6332
M5,26/07/23,12:49:41,     8,  5947,   406,  995.0, 300,25.2,29.3, 0.0,  0, 0.0000,     0,23.7,28.6,47.9, 25,    14,    30, 0.5892, 0.6379
M5,26/07/23,12:49:42,     8,  5948,   407,  995.0, 300,25.2,29.3, 0.0,  0, 0.0000,     0,23.7,28.6,47.9, 25,    14,    31, 0.5850, 0.6364
M5,26/07/23,12:49:43,     8,  5949,   407,  995.0, 300,25.4,29.3, 0.0,  0, 0.0000,     0,23.7,28.6,47.9, 25,    15,    32, 0.5849, 0.6369
M5,26/07/23,12:49:44,     8,  5950,   408,  995.0, 300,25.4,29.3, 0.0,  0, 0.0000,     0,23.7,28.6,47.9, 25,    15,    33, 0.5817, 0.6329
M5,26/07/23,12:49:45,     8,  5951,   408,  995.0, 300,25.4,29.3, 0.0,  0, 0.0000,     0,23.7,28.7,47.9, 25,    16,    34, 0.5772, 0.6342
M5,26/07/23,12:49:46,     8,  5952,   408,  995.0, 300,25.5,29.3, 0.0,  0, 0.0000,     0,23.7,28.7,47.9, 25,    16,    35, 0.5743, 0.6406
M5,26/07/23,12:49:47,     8,  5953,   409,  995.0, 300,25.5,29.3, 0.0,  0, 0.0000,     0,23.7,28.7,47.9, 25,    17,    36, 0.5713, 0.6359
M5,26/07/23,12:49:48,     8,  5954,   410,  995.0, 300,25.6,29.3, 0.0,  0, 0.0000,     0,23.7,28.7,47.9, 25,    17,    37, 0.5735, 0.6236
M5,26/07/23,12:49:49,     8,  5955,   410,  995.0, 300,25.6,29.3, 0.0,  0, 0.0000,     0,23.7,28.7,47.9, 25,    18,    38, 0.5734, 0.6121
M5,26/07/23,12:49:50,     8,  5956,   411,  995.0, 300,25.8,29.3, 0.0,  0, 0.0000,     0,23.7,28.7,47.9, 25,    19,    39, 0.5770, 0.6017
M5,26/07/23,12:49:51,     8,  5957,   411,  995.0, 300,25.8,29.3, 0.0,  0, 0.0000,     0,23.7,28.7,47.9, 25,    19,    40, 0.5765, 0.5955
M5,26/07/23,12:49:52,     8,  5958,   412,  995.0, 300,25.9,29.3, 0.0,  0, 0.0000,     0,23.7,28.7,47.9, 25,    19,    41, 0.5771, 0.5919
M5,26/07/23,12:49:53,     8,  5959,   412,  995.0, 300,25.9,29.3, 0.0,  0, 0.0000,     0,23.7,28.7,47.9, 25,    20,    42, 0.5764, 0.5878
M5,26/07/23,12:49:54,     8,  5960,   413,  995.0, 300,25.9,29.3, 0.0,  0, 0.0000,     0,23.7,28.7,47.9, 25,    20,    43, 0.5752, 0.5866
M5,26/07/23,12:49:55,     8,  5961,   413,  995.0, 300,26.0,29.3, 0.0,  0, 0.0000,     0,23.7,28.8,47.9, 25,    21,    44, 0.5768, 0.5842
M5,26/07/23,12:49:56,     8,  5962,   414,  995.0, 300,26.0,29.3, 0.0,  0, 0.0000,     0,23.7,28.8,47.9, 25,    21,    45, 0.5756, 0.5836
M5,26/07/23,12:49:57,     8,  5963,   414,  995.0, 300,26.2,29.3, 0.0,  0, 0.0000,     0,23.7,28.8,47.9, 25,    22,    46, 0.5760, 0.5842
M5,26/07/23,12:49:58,     8,  5964,   415,  995.0, 300,26.2,29.3, 0.0,  0, 0.0000,     0,23.7,28.8,47.9, 25,    22,    47, 0.5749, 0.5832
M5,26/07/23,12:49:59,     8,  5965,   415,  994.9, 300,26.3,29.3, 0.0,  0, 0.0000,     0,23.7,28.8,47.9, 25,    23,    48, 0.5761, 0.5810
M5,26/07/23,12:50:00,     8,  5966,   416,  994.9, 300,26.3,29.3, 0.0,  0, 0.0000,     0,23.7,28.8,47.9, 25,    24,    49, 0.5765, 0.5756
M5,26/07/23,12:50:01,     8,  5967,   416,  994.9, 300,26.3,29.3, 0.0,  0, 0.0000,     0,23.7,28.8,47.9, 25,    24,    50, 0.5773, 0.5690
M5,26/07/23,12:50:02,     8,  5968,   417,  995.0, 300,26.4,29.3, 0.0,  0, 0.0000,     0,23.7,28.8,47.9, 25,    25,    51, 0.5789, 0.5652
M5,26/07/23,12:50:03,     8,  5969,   417,  995.0, 300,26.4,29.3, 0.0,  0, 0.0000,     0,23.7,28.8,47.9, 25,    25,    52, 0.5794, 0.5615
M5,26/07/23,12:50:04,     8,  5970,   418,  995.0, 300,26.5,29.3, 0.0,  0, 0.0000,     0,23.7,28.8,47.9, 25,    26,    53, 0.5808, 0.5599
M5,26/07/23,12:50:05,     8,  5971,   419,  995.0, 300,26.5,29.3, 0.0,  0, 0.0000,     0,23.7,28.8,47.9, 25,    26,    54, 0.5815, 0.5560
M5,26/07/23,12:50:06,     8,  5972,   419,  995.0, 300,26.5,29.3, 0.0,  0, 0.0000,     0,23.7,28.8,47.9, 25,    27,    55, 0.5823, 0.5558
M5,26/07/23,12:50:07,     8,  5973,   419,  995.0, 300,26.5,29.3, 0.0,  0, 0.0000,     0,23.7,28.8,47.9, 25,    27,    56, 0.5822, 0.5552
M5,26/07/23,12:50:08,     8,  5974,   420,  995.0, 300,26.5,29.3, 0.0,  0, 0.0000,     0,23.7,28.8,47.9, 25,    28,    57, 0.5825, 0.5533
M5,26/07/23,12:50:09,     8,  5975,   421,  995.0, 300,26.6,29.3, 0.0,  0, 0.0000,     0,23.7,28.8,47.9, 25,    28,    58, 0.5838, 0.5531
M5,26/07/23,12:50:10,     8,  5976,   421,  995.0, 300,26.6,29.3, 0.0,  0, 0.0000,     0,23.7,28.8,47.9, 25,    29,    59, 0.5839, 0.5523
M5,26/07/23,12:50:11,     8,  5977,   422,  995.0, 300,26.7,29.3, 0.0,  0, 0.0000,     0,23.7,28.9,47.9, 25,    29,    60, 0.5849, 0.5529
R5,26/07/23,12:50:11,     8,  5977,   422,  995.0, 300,26.7,29.3, 0.0,  0, 0.0000,     0,23.7,28.9,47.9, 25,    29,    60, 0.5849, 0.5529
End
Start
M5,26/07/23,12:50:57,     8,  6022,   392,  995.0, 300,23.4,29.3, 0.0,  0, 0.0000,     0,23.7,28.1,47.9, 20,     1,     1, 0.0000, 0.0000
M5,26/07/23,12:50:58,     8,  6023,   393,  995.0, 300,23.5,29.3, 0.0,  0, 0.0000,     0,23.7,28.2,47.9, 20,     1,     2, 0.0000, 0.0000
M5,26/07/23,12:50:59,     8,  6024,   394,  995.0, 300,23.5,29.3, 0.0,  0, 0.0000,     0,23.7,28.2,47.9, 20,     2,     3, 0.0000, 0.0000
M5,26/07/23,12:51:00,     8,  6025,   394,  995.0, 300,23.6,29.3, 0.0,  0, 0.0000,     0,23.7,28.2,47.9, 20,     3,     4, 0.0000, 0.0000
M5,26/07/23,12:51:01,     8,  6026,   394,  995.0, 300,23.6,29.3, 0.0,  0, 0.0000,     0,23.7,28.3,47.9, 20,     3,     5, 0.0000, 0.0000
M5,26/07/23,12:51:02,     8,  6027,   395,  995.0, 300,23.7,29.3, 0.0,  0, 0.0000,     0,23.7,28.3,47.9, 20,     3,     6, 0.0000, 0.0000
M5,26/07/23,12:51:03,     8,  6028,   395,  995.0, 300,23.7,29.3, 0.0,  0, 0.0000,     0,23.7,28.3,47.9, 20,     4,     7, 0.0000, 0.0000
M5,26/07/23,12:51:04,     8,  6029,   396,  995.0, 300,23.7,29.3, 0.0,  0, 0.0000,     0,23.7,28.3,47.9, 20,     4,     8, 0.0000, 0.0000
M5,26/07/23,12:51:05,     8,  6030,   396,  995.0, 300,23.9,29.3, 0.0,  0, 0.0000,     0,23.7,28.4,47.9, 20,     5,     9, 0.0000, 0.0000
M5,26/07/23,12:51:06,     8,  6031,   397,  995.0, 300,23.9,29.3, 0.0,  0, 0.0000,     0,23.7,28.4,47.9, 25,     5,    10, 0.0000, 0.0000
M5,26/07/23,12:51:07,     8,  6032,   397,  995.0, 300,24.0,29.3, 0.0,  0, 0.0000,     0,23.7,28.4,47.9, 25,     6,    11, 0.0000, 0.0000
M5,26/07/23,12:51:08,     8,  6033,   398,  995.0, 300,24.0,29.3, 0.0,  0, 0.0000,     0,23.7,28.4,47.9, 25,     6,    12, 0.0000, 0.0000
M5,26/07/23,12:51:09,     8,  6034,   398,  995.0, 300,24.2,29.3, 0.0,  0, 0.0000,     0,23.7,28.5,47.9, 25,     7,    13, 0.5905, 0.5823
M5,26/07/23,12:51:10,     8,  6035,   399,  995.0, 300,24.2,29.3, 0.0,  0, 0.0000,     0,23.7,28.5,47.9, 25,     7,    14, 0.5775, 0.5745
M5,26/07/23,12:51:11,     8,  6036,   399,  995.0, 300,24.2,29.3, 0.0,  0, 0.0000,     0,23.7,28.5,47.9, 25,     8,    15, 0.5951, 0.5144
M5,26/07/23,12:51:12,     8,  6037,   400,  995.0, 300,24.4,29.3, 0.0,  0, 0.0000,     0,23.7,28.5,47.9, 25,     9,    16, 0.6286, 0.5015
M5,26/07/23,12:51:13,     8,  6038,   401,  995.0, 300,24.4,29.3, 0.0,  0, 0.0000,     0,23.7,28.6,47.9, 25,     9,    17, 0.6290, 0.5336
M5,26/07/23,12:51:14,     8,  6039,   401,  995.0, 300,24.6,29.3, 0.0,  0, 0.0000,     0,23.7,28.6,47.9, 25,    10,    18, 0.6340, 0.5783
M5,26/07/23,12:51:15,     8,  6040,   401,  995.0, 300,24.6,29.3, 0.0,  0, 0.0000,     0,23.7,28.6,47.9, 25,    10,    19, 0.6118, 0.6417
M5,26/07/23,12:51:16,     8,  6041,   402,  995.0, 300,24.7,29.3, 0.0,  0, 0.0000,     0,23.7,28.6,47.9, 25,    10,    20, 0.6042, 0.6688
M5,26/07/23,12:51:17,     8,  6042,   402,  995.0, 300,24.7,29.3, 0.0,  0, 0.0000,     0,23.7,28.6,47.9, 25,    11,    21, 0.5930, 0.6687
M5,26/07/23,12:51:18,     8,  6043,   403,  995.0, 300,24.7,29.3, 0.0,  0, 0.0000,     0,23.7,28.6,47.9, 25,    11,    22, 0.5907, 0.6431
M5,26/07/23,12:51:19,     8,  6044,   403,  995.0, 300,24.9,29.3, 0.0,  0, 0.0000,     0,23.5,28.7,47.9, 25,    12,    23, 0.5932, 0.6331
M5,26/07/23,12:51:20,     8,  6045,   404,  995.0, 300,24.9,29.3, 0.0,  0, 0.0000,     0,23.5,28.7,47.9, 25,    12,    24, 0.5903, 0.6221
M5,26/07/23,12:51:21,     8,  6046,   405,  995.0, 300,25.1,29.3, 0.0,  0, 0.0000,     0,23.5,28.7,47.9, 25,    13,    25, 0.5974, 0.6083
M5,26/07/23,12:51:22,     8,  6047,   405,  995.0, 300,25.1,29.3, 0.0,  0, 0.0000,     0,23.5,28.7,47.9, 25,    13,    26, 0.5969, 0.5977
M5,26/07/23,12:51:23,     8,  6048,   405,  995.0, 300,25.2,29.3, 0.0,  0, 0.0000,     0,23.5,28.7,47.9, 25,    14,    27, 0.5963, 0.6067
M5,26/07/23,12:51:24,     8,  6049,   406,  995.0, 300,25.2,29.3, 0.0,  0, 0.0000,     0,23.5,28.7,47.9, 25,    14,    28, 0.5895, 0.6184
M5,26/07/23,12:51:25,     8,  6050,   406,  995.0, 300,25.3,29.3, 0.0,  0, 0.0000,     0,23.5,28.7,47.9, 25,    14,    29, 0.5847, 0.6355
M5,26/07/23,12:51:26,     8,  6051,   407,  995.0, 300,25.3,29.3, 0.0,  0, 0.0000,     0,23.5,28.7,47.9, 25,    15,    30, 0.5780, 0.6413
M5,26/07/23,12:51:27,     8,  6052,   407,  995.0, 300,25.3,29.3, 0.0,  0, 0.0000,     0,23.5,28.8,47.9, 25,    15,    31, 0.5726, 0.6417
M5,26/07/23,12:51:28,     8,  6053,   408,  995.0, 300,25.5,29.3, 0.0,  0, 0.0000,     0,23.5,28.8,47.9, 25,    16,    32, 0.5731, 0.6351
M5,26/07/23,12:51:29,     8,  6054,   408,  995.0, 299,25.5,29.3, 0.0,  0, 0.0000,     0,23.5,28.8,47.9, 25,    17,    33, 0.5710, 0.6264
M5,26/07/23,12:51:30,     8,  6055,   409,  995.0, 299,25.6,29.3, 0.0,  0, 0.0000,     0,23.5,28.8,47.9, 25,    17,    34, 0.5718, 0.6213
M5,26/07/23,12:51:31,     8,  6056,   409,  995.0, 299,25.6,29.3, 0.0,  0, 0.0000,     0,23.5,28.8,47.9, 25,    18,    35, 0.5700, 0.6142
M5,26/07/23,12:51:32,     8,  6057,   410,  995.0, 299,25.8,29.3, 0.0,  0, 0.0000,     0,23.5,28.8,47.9, 25,    18,    36, 0.5712, 0.6106
M5,26/07/23,12:51:33,     8,  6058,   410,  995.0, 300,25.8,29.3, 0.0,  0, 0.0000,     0,23.5,28.8,47.9, 25,    19,    37, 0.5698, 0.6048
M5,26/07/23,12:51:34,     8,  6059,   411,  995.0, 300,25.8,29.3, 0.0,  0, 0.0000,     0,23.5,28.8,47.9, 25,    19,    38, 0.5685, 0.5996
M5,26/07/23,12:51:35,     8,  6060,   411,  995.0, 300,25.9,29.3, 0.0,  0, 0.0000,     0,23.5,28.9,47.9, 25,    19,    39, 0.5671, 0.6047
M5,26/07/23,12:51:36,     8,  6061,   411,  995.0, 300,25.9,29.3, 0.0,  0, 0.0000,     0,23.5,28.9,47.9, 25,    20,    40, 0.5631, 0.6093
M5,26/07/23,12:51:37,     8,  6062,   412,  995.0, 300,26.0,29.3, 0.0,  0, 0.0000,     0,23.5,28.9,47.9, 25,    20,    41, 0.5625, 0.6093
M5,26/07/23,12:51:38,     8,  6063,   412,  995.0, 300,26.0,29.3, 0.0,  0, 0.0000,     0,23.5,28.9,47.9, 25,    21,    42, 0.5614, 0.6032
M5,26/07/23,12:51:39,     8,  6064,   413,  995.0, 300,26.1,29.3, 0.0,  0, 0.0000,     0,23.5,28.9,47.9, 25,    21,    43, 0.5630, 0.5960
M5,26/07/23,12:51:40,     8,  6065,   413,  995.0, 301,26.1,29.3, 0.0,  0, 0.0000,     0,23.5,28.9,47.9, 25,    22,    44, 0.5620, 0.5917
M5,26/07/23,12:51:41,     8,  6066,   414,  995.0, 301,26.1,29.3, 0.0,  0, 0.0000,     0,23.5,28.9,47.9, 25,    22,    45, 0.5620, 0.5846
M5,26/07/23,12:51:42,     8,  6067,   415,  995.0, 300,26.2,29.3, 0.0,  0, 0.0000,     0,23.5,28.9,47.9, 25,    23,    46, 0.5639, 0.5770
M5,26/07/23,12:51:43,     8,  6068,   415,  995.0, 300,26.2,29.3, 0.0,  0, 0.0000,     0,23.5,28.9,47.9, 25,    24,    47, 0.5651, 0.5673
M5,26/07/23,12:51:44,     8,  6069,   416,  995.0, 300,26.3,29.3, 0.0,  0, 0.0000,     0,23.5,28.9,47.9, 25,    24,    48, 0.5671, 0.5639
M5,26/07/23,12:51:45,     8,  6070,   416,  995.0, 300,26.3,29.3, 0.0,  0, 0.0000,     0,23.5,28.9,47.9, 25,    25,    49, 0.5673, 0.5599
M5,26/07/23,12:51:46,     8,  6071,   417,  995.0, 300,26.4,29.3, 0.0,  0, 0.0000,     0,23.5,28.9,47.9, 25,    25,    50, 0.5683, 0.5576
M5,26/07/23,12:51:47,     8,  6072,   417,  995.0, 300,26.4,29.3, 0.0,  0, 0.0000,     0,23.5,28.9,47.9, 25,    26,    51, 0.5683, 0.5551
M5,26/07/23,12:51:48,     8,  6073,   417,  995.0, 299,26.5,29.3, 0.0,  0, 0.0000,     0,23.5,28.9,47.9, 25,    26,    52, 0.5682, 0.5586
M5,26/07/23,12:51:49,     8,  6074,   418,  995.0, 300,26.5,29.3, 0.0,  0, 0.0000,     0,23.5,28.9,47.9, 25,    26,    53, 0.5671, 0.5604
M5,26/07/23,12:51:50,     8,  6075,   418,  995.0, 300,26.5,29.3, 0.0,  0, 0.0000,     0,23.5,28.9,47.9, 25,    27,    54, 0.5667, 0.5597
M5,26/07/23,12:51:51,     8,  6076,   419,  995.0, 300,26.6,29.3, 0.0,  0, 0.0000,     0,23.5,28.9,47.9, 25,    28,    55, 0.5678, 0.5583
M5,26/07/23,12:51:52,     8,  6077,   420,  995.0, 300,26.6,29.3, 0.0,  0, 0.0000,     0,23.5,29.0,47.9, 25,    28,    56, 0.5683, 0.5545
M5,26/07/23,12:51:53,     8,  6078,   420,  995.0, 300,26.7,29.3, 0.0,  0, 0.0000,     0,23.5,29.0,47.9, 25,    29,    57, 0.5695, 0.5525
M5,26/07/23,12:51:54,     8,  6079,   421,  995.0, 300,26.7,29.3, 0.0,  0, 0.0000,     0,23.5,29.0,47.9, 25,    29,    58, 0.5693, 0.5518
M5,26/07/23,12:51:55,     8,  6080,   421,  995.0, 300,26.8,29.3, 0.0,  0, 0.0000,     0,23.5,29.0,47.9, 25,    29,    59, 0.5694, 0.5537
M5,26/07/23,12:51:56,     8,  6081,   421,  995.0, 300,26.8,29.3, 0.0,  0, 0.0000,     0,23.5,29.0,47.9, 25,    30,    60, 0.5687, 0.5547
R5,26/07/23,12:51:56,     8,  6081,   421,  995.0, 300,26.8,29.3, 0.0,  0, 0.0000,     0,23.5,29.0,47.9, 25,    30,    60, 0.5687, 0.5547
End
Start
M5,26/07/23,12:52:57,     8,  6142,   386,  995.0, 300,24.0,29.3, 0.0,  0, 0.0000,     0,23.3,28.4,47.9, 20,     0,     1, 0.0000, 0.0000
M5,26/07/23,12:52:58,     8,  6143,   387,  995.0, 300,24.1,29.3, 0.0,  0, 0.0000,     0,23.3,28.4,47.9, 20,     1,     2, 0.0000, 0.0000
M5,26/07/23,12:52:59,     8,  6144,   387,  995.0, 300,24.1,29.3, 0.0,  0, 0.0000,     0,23.3,28.5,47.9, 20,     1,     3, 0.0000, 0.0000
M5,26/07/23,12:53:00,     8,  6145,   388,  995.0, 300,24.2,29.3, 0.0,  0, 0.0000,     0,23.3,28.5,47.9, 20,     2,     4, 0.0000, 0.0000
M5,26/07/23,12:53:01,     8,  6146,   388,  995.0, 300,24.2,29.3, 0.0,  0, 0.0000,     0,23.3,28.5,47.9, 20,     2,     5, 0.0000, 0.0000
M5,26/07/23,12:53:02,     8,  6147,   389,  995.0, 300,24.4,29.3, 0.0,  0, 0.0000,     0,23.3,28.5,47.9, 20,     3,     6, 0.0000, 0.0000
M5,26/07/23,12:53:03,     8,  6148,   389,  995.0, 300,24.4,29.3, 0.0,  0, 0.0000,     0,23.3,28.5,47.9, 20,     4,     7, 0.0000, 0.0000
M5,26/07/23,12:53:04,     8,  6149,   390,  995.0, 300,24.5,29.3, 0.0,  0, 0.0000,     0,23.3,28.6,47.9, 20,     4,     8, 0.0000, 0.0000
M5,26/07/23,12:53:05,     8,  6150,   391,  995.0, 300,24.5,29.3, 0.0,  0, 0.0000,     0,23.3,28.6,47.9, 20,     5,     9, 0.0000, 0.0000
M5,26/07/23,12:53:06,     8,  6151,   391,  995.0, 300,24.5,29.3, 0.0,  0, 0.0000,     0,23.3,28.6,47.9, 25,     5,    10, 0.0000, 0.0000
M5,26/07/23,12:53:07,     8,  6152,   392,  995.0, 300,24.7,29.3, 0.0,  0, 0.0000,     0,23.3,28.6,47.9, 25,     6,    11, 0.0000, 0.0000
M5,26/07/23,12:53:08,     8,  6153,   392,  995.0, 300,24.7,29.3, 0.0,  0, 0.0000,     0,23.3,28.7,47.9, 25,     6,    12, 0.0000, 0.0000
M5,26/07/23,12:53:09,     8,  6154,   393,  995.0, 300,24.8,29.3, 0.0,  0, 0.0000,     0,23.3,28.7,47.9, 25,     7,    13, 0.6350, 0.5011
M5,26/07/23,12:53:10,     8,  6155,   393,  995.0, 300,24.8,29.3, 0.0,  0, 0.0000,     0,23.3,28.7,47.9, 25,     8,    14, 0.6228, 0.5716
M5,26/07/23,12:53:11,     8,  6156,   394,  995.0, 300,25.0,29.3, 0.0,  0, 0.0000,     0,23.3,28.7,47.9, 25,     8,    15, 0.6480, 0.5681
M5,26/07/23,12:53:12,     8,  6157,   394,  995.0, 300,25.0,29.3, 0.0,  0, 0.0000,     0,23.3,28.7,47.9, 25,     9,    16, 0.6396, 0.6006
M5,26/07/23,12:53:13,     8,  6158,   395,  995.0, 300,25.0,29.3, 0.0,  0, 0.0000,     0,23.3,28.7,47.9, 25,     9,    17, 0.6429, 0.5900
M5,26/07/23,12:53:14,     8,  6159,   395,  995.0, 300,25.1,29.3, 0.0,  0, 0.0000,     0,23.3,28.8,47.9, 25,    10,    18, 0.6350, 0.6468
M5,26/07/23,12:53:15,     8,  6160,   396,  995.0, 300,25.1,29.3, 0.0,  0, 0.0000,     0,23.3,28.8,47.9, 25,    10,    19, 0.6161, 0.6798
M5,26/07/23,12:53:16,     8,  6161,   397,  995.0, 300,25.3,29.3, 0.0,  0, 0.0000,     0,23.3,28.8,47.9, 25,    11,    20, 0.6255, 0.6468
M5,26/07/23,12:53:17,     8,  6162,   397,  995.0, 300,25.3,29.3, 0.0,  0, 0.0000,     0,23.3,28.8,47.9, 25,    12,    21, 0.6372, 0.5936
M5,26/07/23,12:53:18,     8,  6163,   398,  995.0, 300,25.4,29.3, 0.0,  0, 0.0000,     0,23.3,28.8,47.9, 25,    12,    22, 0.6464, 0.5879
M5,26/07/23,12:53:19,     8,  6164,   398,  995.0, 300,25.4,29.3, 0.0,  0, 0.0000,     0,23.3,28.8,47.9, 25,    13,    23, 0.6508, 0.5783
M5,26/07/23,12:53:20,     8,  6165,   399,  995.0, 300,25.4,29.3, 0.0,  0, 0.0000,     0,23.3,28.9,47.9, 25,    13,    24, 0.6466, 0.5993
M5,26/07/23,12:53:21,     8,  6166,   399,  995.0, 300,25.6,29.3, 0.0,  0, 0.0000,     0,23.3,28.9,47.9, 25,    14,    25, 0.6457, 0.6218
M5,26/07/23,12:53:22,     8,  6167,   400,  995.0, 300,25.6,29.3, 0.0,  0, 0.0000,     0,23.3,28.9,47.9, 25,    14,    26, 0.6399, 0.6373
M5,26/07/23,12:53:23,     8,  6168,   400,  995.0, 300,25.7,29.3, 0.0,  0, 0.0000,     0,23.3,28.9,47.9, 25,    15,    27, 0.6413, 0.6428
M5,26/07/23,12:53:24,     8,  6169,   401,  995.0, 300,25.7,29.3, 0.0,  0, 0.0000,     0,23.3,28.9,47.9, 25,    15,    28, 0.6377, 0.6465
M5,26/07/23,12:53:25,     8,  6170,   402,  995.0, 300,25.9,29.3, 0.0,  0, 0.0000,     0,23.3,28.9,47.9, 25,    16,    29, 0.6398, 0.6458
M5,26/07/23,12:53:26,     8,  6171,   402,  995.0, 300,25.9,29.3, 0.0,  0, 0.0000,     0,23.3,28.9,47.9, 25,    16,    30, 0.6398, 0.6378
M5,26/07/23,12:53:27,     8,  6172,   403,  995.0, 300,25.9,29.2, 0.0,  0, 0.0000,     0,23.3,28.9,47.9, 25,    17,    31, 0.6386, 0.6447
M5,26/07/23,12:53:28,     8,  6173,   403,  995.0, 300,25.9,29.2, 0.0,  0, 0.0000,     0,23.3,29.0,47.9, 25,    17,    32, 0.6350, 0.6494
M5,26/07/23,12:53:29,     8,  6174,   404,  995.0, 300,25.9,29.2, 0.0,  0, 0.0000,     0,23.3,29.0,47.9, 25,    18,    33, 0.6332, 0.6477
M5,26/07/23,12:53:30,     8,  6175,   404,  995.0, 300,26.1,29.3, 0.0,  0, 0.0000,     0,23.3,29.0,47.9, 25,    19,    34, 0.6353, 0.6448
M5,26/07/23,12:53:31,     8,  6176,   405,  995.0, 300,26.1,29.3, 0.0,  0, 0.0000,     0,23.3,29.0,47.9, 25,    19,    35, 0.6340, 0.6428
M5,26/07/23,12:53:32,     8,  6177,   405,  995.0, 300,26.2,29.3, 0.0,  0, 0.0000,     0,23.3,29.0,47.9, 25,    20,    36, 0.6342, 0.6448
M5,26/07/23,12:53:33,     8,  6178,   406,  995.0, 300,26.2,29.3, 0.0,  0, 0.0000,     0,23.3,29.0,47.9, 25,    20,    37, 0.6321, 0.6458
M5,26/07/23,12:53:34,     8,  6179,   406,  995.0, 300,26.3,29.3, 0.0,  0, 0.0000,     0,23.3,29.0,47.9, 25,    21,    38, 0.6316, 0.6493
M5,26/07/23,12:53:35,     8,  6180,   407,  995.0, 300,26.3,29.3, 0.0,  0, 0.0000,     0,23.3,29.0,47.9, 25,    21,    39, 0.6284, 0.6538
M5,26/07/23,12:53:36,     8,  6181,   407,  995.0, 300,26.3,29.3, 0.0,  0, 0.0000,     0,23.3,29.0,47.9, 25,    21,    40, 0.6253, 0.6574
M5,26/07/23,12:53:37,     8,  6182,   408,  995.0, 300,26.4,29.3, 0.0,  0, 0.0000,     0,23.3,29.0,47.9, 25,    22,    41, 0.6240, 0.6617
M5,26/07/23,12:53:38,     8,  6183,   408,  995.0, 300,26.4,29.3, 0.0,  0, 0.0000,     0,23.3,29.0,47.9, 25,    23,    42, 0.6221, 0.6603
M5,26/07/23,12:53:39,     8,  6184,   409,  995.0, 300,26.5,29.3, 0.0,  0, 0.0000,     0,23.3,29.1,47.9, 25,    23,    43, 0.6217, 0.6611
M5,26/07/23,12:53:40,     8,  6185,   410,  995.0, 300,26.5,29.3, 0.0,  0, 0.0000,     0,23.3,29.1,47.9, 25,    24,    44, 0.6213, 0.6544
M5,26/07/23,12:53:42,     8,  6186,   410,  995.0, 300,26.6,29.3, 0.0,  0, 0.0000,     0,23.3,29.1,47.9, 25,    24,    45, 0.6229, 0.6480
M5,26/07/23,12:53:43,     8,  6187,   411,  995.0, 300,26.6,29.3, 0.0,  0, 0.0000,     0,23.3,29.1,47.9, 25,    25,    46, 0.6226, 0.6426
M5,26/07/23,12:53:44,     8,  6188,   411,  995.0, 300,26.6,29.3, 0.0,  0, 0.0000,     0,23.3,29.1,47.9, 25,    25,    47, 0.6222, 0.6389
M5,26/07/23,12:53:45,     8,  6189,   412,  995.0, 300,26.7,29.3, 0.0,  0, 0.0000,     0,23.3,29.1,47.9, 25,    26,    48, 0.6225, 0.6376
M5,26/07/23,12:53:46,     8,  6190,   412,  995.0, 300,26.7,29.3, 0.0,  0, 0.0000,     0,23.3,29.1,47.9, 25,    26,    49, 0.6216, 0.6362
M5,26/07/23,12:53:47,     8,  6191,   413,  995.0, 300,26.8,29.3, 0.0,  0, 0.0000,     0,23.3,29.1,47.9, 25,    27,    50, 0.6217, 0.6365
M5,26/07/23,12:53:48,     8,  6192,   413,  995.0, 300,26.8,29.3, 0.0,  0, 0.0000,     0,23.3,29.1,47.9, 25,    27,    51, 0.6205, 0.6362
M5,26/07/23,12:53:49,     8,  6193,   413,  995.0, 300,26.9,29.3, 0.0,  0, 0.0000,     0,23.3,29.1,47.9, 25,    28,    52, 0.6193, 0.6417
M5,26/07/23,12:53:50,     8,  6194,   414,  995.0, 300,26.9,29.3, 0.0,  0, 0.0000,     0,23.3,29.1,47.9, 25,    28,    53, 0.6170, 0.6452
M5,26/07/23,12:53:51,     8,  6195,   414,  995.0, 300,27.0,29.3, 0.0,  0, 0.0000,     0,23.3,29.1,47.9, 25,    29,    54, 0.6160, 0.6467
M5,26/07/23,12:53:52,     8,  6196,   415,  995.0, 300,27.0,29.3, 0.0,  0, 0.0000,     0,23.3,29.1,47.9, 25,    29,    55, 0.6149, 0.6457
M5,26/07/23,12:53:53,     8,  6197,   416,  995.0, 300,27.0,29.3, 0.0,  0, 0.0000,     0,23.3,29.1,47.9, 25,    30,    56, 0.6137, 0.6449
M5,26/07/23,12:53:54,     8,  6198,   416,  995.0, 300,27.1,29.3, 0.0,  0, 0.0000,     0,23.3,29.2,47.9, 25,    30,    57, 0.6134, 0.6452
M5,26/07/23,12:53:55,     8,  6199,   416,  995.0, 300,27.1,29.3, 0.0,  0, 0.0000,     0,23.3,29.2,47.9, 25,    31,    58, 0.6117, 0.6464
M5,26/07/23,12:53:56,     8,  6200,   417,  995.0, 300,27.1,29.3, 0.0,  0, 0.0000,     0,23.3,29.2,47.9, 25,    31,    59, 0.6101, 0.6496
M5,26/07/23,12:53:57,     8,  6201,   417,  995.0, 300,27.1,29.3, 0.0,  0, 0.0000,     0,23.3,29.2,47.9, 25,    31,    60, 0.6081, 0.6517
R5,26/07/23,12:53:57,     8,  6201,   417,  995.0, 300,27.1,29.3, 0.0,  0, 0.0000,     0,23.3,29.2,47.9, 25,    31,    60, 0.6081, 0.6517
End
Start
M5,26/07/23,12:56:31,     9,  6355,   401,  994.9, 300,23.9,29.2, 0.0,  0, 0.0000,     0,23.3,27.5,44.2, 20,     2,     1, 0.0000, 0.0000
M5,26/07/23,12:56:32,     9,  6356,   403,  994.9, 300,23.9,29.2, 0.0,  0, 0.0000,     0,23.3,27.5,44.2, 20,     4,     2, 0.0000, 0.0000
M5,26/07/23,12:56:33,     9,  6357,   405,  994.9, 300,24.0,29.2, 0.0,  0, 0.0000,     0,23.3,27.5,44.2, 20,     6,     3, 0.0000, 0.0000
M5,26/07/23,12:56:34,     9,  6358,   407,  994.9, 300,24.0,29.2, 0.0,  0, 0.0000,     0,23.3,27.5,44.2, 20,     8,     4, 0.0000, 0.0000
M5,26/07/23,12:56:35,     9,  6359,   408,  994.9, 300,24.1,29.2, 0.0,  0, 0.0000,     0,23.3,27.5,44.2, 20,     9,     5, 0.0000, 0.0000
M5,26/07/23,12:56:36,     9,  6360,   410,  994.9, 300,24.1,29.2, 0.0,  0, 0.0000,     0,23.3,27.6,44.2, 20,    11,     6, 0.0000, 0.0000
M5,26/07/23,12:56:38,     9,  6361,   411,  994.9, 300,24.2,29.2, 0.0,  0, 0.0000,     0,23.3,27.6,44.2, 20,    12,     7, 0.0000, 0.0000
M5,26/07/23,12:56:39,     9,  6362,   412,  994.9, 300,24.2,29.2, 0.0,  0, 0.0000,     0,23.3,27.6,44.2, 20,    13,     8, 0.0000, 0.0000
M5,26/07/23,12:56:40,     9,  6363,   413,  994.9, 300,24.3,29.2, 0.0,  0, 0.0000,     0,23.3,27.6,44.2, 20,    14,     9, 0.0000, 0.0000
M5,26/07/23,12:56:41,     9,  6364,   414,  994.9, 300,24.3,29.2, 0.0,  0, 0.0000,     0,23.3,27.6,44.2, 25,    15,    10, 0.0000, 0.0000
M5,26/07/23,12:56:42,     9,  6365,   415,  994.9, 300,24.3,29.2, 0.0,  0, 0.0000,     0,23.3,27.7,44.2, 25,    16,    11, 0.0000, 0.0000
M5,26/07/23,12:56:43,     9,  6366,   417,  994.9, 300,24.5,29.2, 0.0,  0, 0.0000,     0,23.3,27.7,44.2, 25,    18,    12, 0.0000, 0.0000
M5,26/07/23,12:56:44,     9,  6367,   418,  994.9, 300,24.5,29.2, 0.0,  0, 0.0000,     0,23.3,27.7,44.2, 25,    19,    13, 1.6509, 1.3572
M5,26/07/23,12:56:45,     9,  6368,   420,  994.9, 300,24.6,29.2, 0.0,  0, 0.0000,     0,23.3,27.7,44.2, 25,    21,    14, 1.7375, 1.4005
M5,26/07/23,12:56:46,     9,  6369,   421,  994.9, 300,24.6,29.2, 0.0,  0, 0.0000,     0,23.3,27.7,44.2, 25,    22,    15, 1.7330, 1.5720
M5,26/07/23,12:56:47,     9,  6370,   422,  994.9, 300,24.7,29.2, 0.0,  0, 0.0000,     0,23.3,27.8,44.2, 25,    24,    16, 1.7036, 1.7400
M5,26/07/23,12:56:48,     9,  6371,   424,  994.9, 300,24.7,29.2, 0.0,  0, 0.0000,     0,23.3,27.8,44.2, 25,    25,    17, 1.6586, 1.8229
M5,26/07/23,12:56:49,     9,  6372,   425,  994.9, 300,24.7,29.2, 0.0,  0, 0.0000,     0,23.3,27.8,44.2, 25,    26,    18, 1.6186, 1.8548
M5,26/07/23,12:56:50,     9,  6373,   426,  994.9, 300,24.8,29.2, 0.0,  0, 0.0000,     0,23.3,27.8,44.2, 25,    27,    19, 1.6228, 1.7743
M5,26/07/23,12:56:51,     9,  6374,   428,  994.9, 300,24.8,29.2, 0.0,  0, 0.0000,     0,23.0,27.8,44.2, 25,    29,    20, 1.6283, 1.7010
M5,26/07/23,12:56:52,     9,  6375,   429,  995.0, 300,24.9,29.2, 0.0,  0, 0.0000,     0,23.0,27.8,44.2, 25,    30,    21, 1.6331, 1.6737
M5,26/07/23,12:56:53,     9,  6376,   431,  995.0, 300,24.9,29.2, 0.0,  0, 0.0000,     0,23.0,27.8,44.2, 25,    32,    22, 1.6314, 1.6592
M5,26/07/23,12:56:54,     9,  6377,   432,  995.0, 300,25.0,29.2, 0.0,  0, 0.0000,     0,23.0,27.8,44.2, 25,    33,    23, 1.6222, 1.6916
M5,26/07/23,12:56:55,     9,  6378,   433,  995.0, 300,25.0,29.2, 0.0,  0, 0.0000,     0,23.0,27.9,44.2, 25,    34,    24, 1.6022, 1.7300
M5,26/07/23,12:56:56,     9,  6379,   434,  995.0, 300,25.0,29.2, 0.0,  0, 0.0000,     0,23.0,27.9,44.2, 25,    35,    25, 1.5840, 1.7522
M5,26/07/23,12:56:57,     9,  6380,   435,  995.0, 300,25.1,29.2, 0.0,  0, 0.0000,     0,23.3,27.9,44.2, 25,    36,    26, 1.5652, 1.7847
M5,26/07/23,12:56:58,     9,  6381,   435,  995.0, 300,25.1,29.2, 0.0,  0, 0.0000,     0,23.3,27.9,44.2, 25,    36,    27, 1.5395, 1.8177
M5,26/07/23,12:56:59,     9,  6382,   437,  995.0, 300,25.2,29.2, 0.0,  0, 0.0000,     0,23.3,27.9,44.2, 25,    38,    28, 1.5248, 1.8195
M5,26/07/23,12:57:00,     9,  6383,   438,  995.0, 300,25.2,29.2, 0.0,  0, 0.0000,     0,23.3,27.9,44.2, 25,    39,    29, 1.5155, 1.7906
M5,26/07/23,12:57:01,     9,  6384,   440,  995.0, 300,25.3,29.2, 0.0,  0, 0.0000,     0,23.3,27.9,44.2, 25,    41,    30, 1.5145, 1.7506
M5,26/07/23,12:57:02,     9,  6385,   441,  995.0, 300,25.3,29.2, 0.0,  0, 0.0000,     0,23.0,27.9,44.2, 25,    42,    31, 1.5151, 1.7035
M5,26/07/23,12:57:03,     9,  6386,   443,  995.0, 300,25.4,29.2, 0.0,  0, 0.0000,     0,23.0,27.9,44.2, 25,    44,    32, 1.5186, 1.6660
M5,26/07/23,12:57:04,     9,  6387,   444,  995.0, 300,25.4,29.2, 0.0,  0, 0.0000,     0,23.0,27.9,44.2, 25,    45,    33, 1.5184, 1.6394
M5,26/07/23,12:57:05,     9,  6388,   445,  995.0, 300,25.4,29.2, 0.0,  0, 0.0000,     0,23.0,27.9,44.2, 25,    46,    34, 1.5189, 1.6153
M5,26/07/23,12:57:06,     9,  6389,   446,  995.0, 300,25.4,29.2, 0.0,  0, 0.0000,     0,23.0,27.9,44.2, 25,    47,    35, 1.5216, 1.5953
M5,26/07/23,12:57:07,     9,  6390,   448,  995.0, 300,25.4,29.2, 0.0,  0, 0.0000,     0,23.0,27.9,44.4, 25,    49,    36, 1.5230, 1.5762
M5,26/07/23,12:57:08,     9,  6391,   449,  995.0, 300,25.5,29.1, 0.0,  0, 0.0000,     0,23.0,27.9,44.4, 25,    50,    37, 1.5260, 1.5606
R5,26/07/23,12:57:08,     9,  6391,   449,  995.0, 300,25.5,29.1, 0.0,  0, 0.0000,     0,23.0,27.9,44.4, 25,    50,    37, 1.5260, 1.5606
End
Start
M5,26/07/23,12:57:52,     9,  6435,   397,  994.9, 300,24.0,29.1, 0.0,  0, 0.0000,     0,23.0,27.1,44.4, 20,     1,     1, 0.0000, 0.0000
M5,26/07/23,12:57:53,     9,  6436,   399,  995.0, 300,24.0,29.1, 0.0,  0, 0.0000,     0,23.0,27.1,44.4, 20,     3,     2, 0.0000, 0.0000
M5,26/07/23,12:57:54,     9,  6437,   400,  995.0, 300,24.0,29.1, 0.0,  0, 0.0000,     0,23.0,27.1,44.4, 20,     4,     3, 0.0000, 0.0000
M5,26/07/23,12:57:55,     9,  6438,   401,  995.0, 300,24.0,29.1, 0.0,  0, 0.0000,     0,23.0,27.2,44.4, 20,     5,     4, 0.0000, 0.0000
M5,26/07/23,12:57:56,     9,  6439,   402,  995.0, 300,24.1,29.1, 0.0,  0, 0.0000,     0,23.0,27.2,44.4, 20,     6,     5, 0.0000, 0.0000
M5,26/07/23,12:57:57,     9,  6440,   403,  995.0, 300,24.1,29.1, 0.0,  0, 0.0000,     0,23.0,27.2,44.4, 20,     8,     6, 0.0000, 0.0000
M5,26/07/23,12:57:58,     9,  6441,   405,  995.0, 300,24.1,29.1, 0.0,  0, 0.0000,     0,23.0,27.2,44.4, 20,     9,     7, 0.0000, 0.0000
M5,26/07/23,12:57:59,     9,  6442,   406,  995.0, 300,24.2,29.1, 0.0,  0, 0.0000,     0,23.0,27.3,44.4, 20,    10,     8, 0.0000, 0.0000
M5,26/07/23,12:58:00,     9,  6443,   407,  995.0, 300,24.2,29.1, 0.0,  0, 0.0000,     0,23.0,27.3,44.4, 20,    11,     9, 0.0000, 0.0000
M5,26/07/23,12:58:01,     9,  6444,   408,  995.0, 300,24.3,29.1, 0.0,  0, 0.0000,     0,23.0,27.3,44.4, 25,    12,    10, 0.0000, 0.0000
M5,26/07/23,12:58:02,     9,  6445,   409,  995.0, 300,24.3,29.1, 0.0,  0, 0.0000,     0,23.0,27.3,44.4, 25,    14,    11, 0.0000, 0.0000
M5,26/07/23,12:58:03,     9,  6446,   411,  995.0, 300,24.4,29.1, 0.0,  0, 0.0000,     0,23.0,27.3,44.4, 25,    15,    12, 0.0000, 0.0000
M5,26/07/23,12:58:04,     9,  6447,   412,  995.0, 300,24.4,29.1, 0.0,  0, 0.0000,     0,23.0,27.3,44.4, 25,    16,    13, 1.3672, 1.3561
M5,26/07/23,12:58:05,     9,  6448,   413,  995.0, 300,24.4,29.1, 0.0,  0, 0.0000,     0,23.0,27.4,44.4, 25,    17,    14, 1.4061, 1.2789
M5,26/07/23,12:58:06,     9,  6449,   414,  995.0, 300,24.5,29.1, 0.0,  0, 0.0000,     0,23.0,27.4,44.4, 25,    18,    15, 1.4471, 1.2785
M5,26/07/23,12:58:07,     9,  6450,   415,  995.0, 300,24.5,29.1, 0.0,  0, 0.0000,     0,23.0,27.4,44.4, 25,    20,    16, 1.4491, 1.3421
M5,26/07/23,12:58:08,     9,  6451,   417,  995.0, 300,24.6,29.1, 0.0,  0, 0.0000,     0,23.0,27.4,44.4, 25,    21,    17, 1.4663, 1.3611
M5,26/07/23,12:58:09,     9,  6452,   418,  995.0, 300,24.6,29.1, 0.0,  0, 0.0000,     0,23.0,27.4,44.4, 25,    22,    18, 1.4639, 1.3977
M5,26/07/23,12:58:10,     9,  6453,   419,  995.0, 300,24.7,29.1, 0.0,  0, 0.0000,     0,23.0,27.4,44.4, 25,    23,    19, 1.4525, 1.4654
M5,26/07/23,12:58:11,     9,  6454,   420,  995.0, 300,24.7,29.1, 0.0,  0, 0.0000,     0,23.0,27.5,44.4, 25,    24,    20, 1.4479, 1.4658
M5,26/07/23,12:58:12,     9,  6455,   421,  995.0, 300,24.8,29.1, 0.0,  0, 0.0000,     0,23.0,27.5,44.4, 25,    25,    21, 1.4463, 1.4738
M5,26/07/23,12:58:13,     9,  6456,   422,  995.0, 300,24.8,29.1, 0.0,  0, 0.0000,     0,23.0,27.5,44.4, 25,    27,    22, 1.4399, 1.4782
M5,26/07/23,12:58:14,     9,  6457,   424,  995.0, 300,24.8,29.1, 0.0,  0, 0.0000,     0,23.0,27.5,44.4, 25,    28,    23, 1.4452, 1.4460
M5,26/07/23,12:58:15,     9,  6458,   426,  995.0, 300,24.9,29.1, 0.0,  0, 0.0000,     0,23.0,27.5,44.4, 25,    30,    24, 1.4663, 1.3940
M5,26/07/23,12:58:16,     9,  6459,   427,  995.0, 300,24.9,29.1, 0.0,  0, 0.0000,     0,23.0,27.5,44.4, 25,    31,    25, 1.4837, 1.3491
M5,26/07/23,12:58:17,     9,  6460,   428,  995.0, 300,25.0,29.1, 0.0,  0, 0.0000,     0,23.0,27.5,44.4, 25,    32,    26, 1.4912, 1.3584
M5,26/07/23,12:58:18,     9,  6461,   429,  995.0, 300,25.0,29.1, 0.0,  0, 0.0000,     0,23.0,27.6,44.4, 25,    33,    27, 1.4962, 1.3637
M5,26/07/23,12:58:19,     9,  6462,   431,  995.0, 300,25.1,29.1, 0.0,  0, 0.0000,     0,23.0,27.6,44.4, 25,    35,    28, 1.5004, 1.3811
M5,26/07/23,12:58:20,     9,  6463,   432,  995.0, 300,25.1,29.1, 0.0,  0, 0.0000,     0,23.0,27.6,44.4, 25,    36,    29, 1.4999, 1.3998
M5,26/07/23,12:58:21,     9,  6464,   432,  995.0, 300,25.1,29.1, 0.0,  0, 0.0000,     0,23.0,27.6,44.4, 25,    37,    30, 1.4929, 1.4362
M5,26/07/23,12:58:22,     9,  6465,   433,  995.0, 300,25.2,29.1, 0.0,  0, 0.0000,     0,23.0,27.6,44.4, 25,    38,    31, 1.4870, 1.4745
M5,26/07/23,12:58:23,     9,  6466,   435,  995.0, 300,25.2,29.1, 0.0,  0, 0.0000,     0,23.0,27.6,44.4, 25,    39,    32, 1.4811, 1.4924
M5,26/07/23,12:58:24,     9,  6467,   436,  995.0, 300,25.2,29.1, 0.0,  0, 0.0000,     0,23.0,27.6,44.4, 25,    40,    33, 1.4789, 1.5001
M5,26/07/23,12:58:25,     9,  6468,   437,  995.0, 300,25.2,29.1, 0.0,  0, 0.0000,     0,23.0,27.6,44.4, 25,    41,    34, 1.4753, 1.5055
M5,26/07/23,12:58:26,     9,  6469,   438,  995.0, 300,25.3,29.1, 0.0,  0, 0.0000,     0,23.0,27.6,44.4, 25,    43,    35, 1.4739, 1.5121
M5,26/07/23,12:58:27,     9,  6470,   440,  995.0, 300,25.3,29.1, 0.0,  0, 0.0000,     0,23.0,27.6,44.4, 25,    44,    36, 1.4703, 1.5154
M5,26/07/23,12:58:28,     9,  6471,   441,  995.0, 300,25.3,29.1, 0.0,  0, 0.0000,     0,23.0,27.6,44.4, 25,    45,    37, 1.4669, 1.5178
M5,26/07/23,12:58:29,     9,  6472,   442,  995.0, 300,25.4,29.1, 0.0,  0, 0.0000,     0,23.0,27.7,44.4, 25,    46,    38, 1.4645, 1.5202
M5,26/07/23,12:58:30,     9,  6473,   443,  995.0, 300,25.4,29.1, 0.0,  0, 0.0000,     0,23.0,27.7,44.4, 25,    47,    39, 1.4601, 1.5255
M5,26/07/23,12:58:31,     9,  6474,   444,  995.0, 300,25.5,29.1, 0.0,  0, 0.0000,     0,23.0,27.7,44.4, 25,    48,    40, 1.4572, 1.5295
M5,26/07/23,12:58:32,     9,  6475,   445,  995.0, 300,25.5,29.1, 0.0,  0, 0.0000,     0,23.0,27.7,44.4, 25,    50,    41, 1.4548, 1.5268
M5,26/07/23,12:58:33,     9,  6476,   447,  995.0, 300,25.5,29.1, 0.0,  0, 0.0000,     0,23.0,27.7,44.4, 25,    51,    42, 1.4551, 1.5218
R5,26/07/23,12:58:33,     9,  6476,   447,  995.0, 300,25.5,29.1, 0.0,  0, 0.0000,     0,23.0,27.7,44.4, 25,    51,    42, 1.4551, 1.5218
End
Start
M5,26/07/23,12:59:17,     9,  6520,   403,  995.0, 300,23.8,29.0, 0.0,  0, 0.0000,     0,23.0,27.1,44.4, 20,     2,     1, 0.0000, 0.0000
M5,26/07/23,12:59:18,     9,  6521,   405,  995.0, 300,23.8,29.0, 0.0,  0, 0.0000,     0,23.0,27.1,44.4, 20,     3,     2, 0.0000, 0.0000
M5,26/07/23,12:59:19,     9,  6522,   407,  995.0, 300,23.8,29.0, 0.0,  0, 0.0000,     0,23.0,27.1,44.4, 20,     5,     3, 0.0000, 0.0000
M5,26/07/23,12:59:20,     9,  6523,   408,  995.0, 300,23.8,29.0, 0.0,  0, 0.0000,     0,23.0,27.1,44.4, 20,     7,     4, 0.0000, 0.0000
M5,26/07/23,12:59:21,     9,  6524,   410,  995.0, 300,23.8,29.0, 0.0,  0, 0.0000,     0,22.8,27.2,44.4, 20,     8,     5, 0.0000, 0.0000
M5,26/07/23,12:59:22,     9,  6525,   411,  995.0, 300,23.9,29.0, 0.0,  0, 0.0000,     0,22.8,27.2,44.4, 20,     9,     6, 0.0000, 0.0000
M5,26/07/23,12:59:23,     9,  6526,   412,  995.0, 300,23.9,29.0, 0.0,  0, 0.0000,     0,22.8,27.2,44.4, 20,    10,     7, 0.0000, 0.0000
M5,26/07/23,12:59:24,     9,  6527,   413,  995.0, 300,24.0,29.0, 0.0,  0, 0.0000,     0,22.8,27.2,44.4, 20,    11,     8, 0.0000, 0.0000
M5,26/07/23,12:59:25,     9,  6528,   414,  995.0, 300,24.0,29.0, 0.0,  0, 0.0000,     0,22.8,27.2,44.4, 20,    13,     9, 0.0000, 0.0000
M5,26/07/23,12:59:26,     9,  6529,   415,  995.0, 300,24.1,29.0, 0.0,  0, 0.0000,     0,22.8,27.3,44.4, 25,    14,    10, 0.0000, 0.0000
M5,26/07/23,12:59:27,     9,  6530,   416,  995.0, 300,24.1,29.0, 0.0,  0, 0.0000,     0,22.8,27.3,44.4, 25,    15,    11, 0.0000, 0.0000
M5,26/07/23,12:59:28,     9,  6531,   417,  995.0, 300,24.1,29.0, 0.0,  0, 0.0000,     0,22.8,27.3,44.4, 25,    16,    12, 0.0000, 0.0000
M5,26/07/23,12:59:29,     9,  6532,   419,  995.0, 300,24.1,29.0, 0.0,  0, 0.0000,     0,22.8,27.3,44.4, 25,    17,    13, 1.2443, 1.0874
M5,26/07/23,12:59:30,     9,  6533,   420,  995.0, 300,24.1,29.0, 0.0,  0, 0.0000,     0,22.8,27.3,44.4, 25,    18,    14, 1.2801, 1.1075
M5,26/07/23,12:59:32,     9,  6534,   421,  995.0, 300,24.3,29.0, 0.0,  0, 0.0000,     0,22.8,27.4,44.4, 25,    19,    15, 1.3144, 1.1552
M5,26/07/23,12:59:33,     9,  6535,   422,  995.0, 300,24.3,29.0, 0.0,  0, 0.0000,     0,22.8,27.4,44.4, 25,    20,    16, 1.3278, 1.1868
M5,26/07/23,12:59:34,     9,  6536,   423,  995.0, 300,24.4,29.0, 0.0,  0, 0.0000,     0,22.8,27.4,44.4, 25,    21,    17, 1.3280, 1.2616
M5,26/07/23,12:59:35,     9,  6537,   424,  995.0, 300,24.4,29.0, 0.0,  0, 0.0000,     0,22.8,27.4,44.4, 25,    22,    18, 1.3143, 1.3128
M5,26/07/23,12:59:36,     9,  6538,   425,  995.0, 300,24.5,29.0, 0.0,  0, 0.0000,     0,22.8,27.4,44.4, 25,    24,    19, 1.3165, 1.3210
M5,26/07/23,12:59:37,     9,  6539,   426,  994.9, 300,24.5,29.0, 0.0,  0, 0.0000,     0,22.8,27.4,44.4, 25,    25,    20, 1.3175, 1.3080
M5,26/07/23,12:59:38,     9,  6540,   428,  994.9, 300,24.5,29.0, 0.0,  0, 0.0000,     0,22.8,27.4,44.4, 25,    26,    21, 1.3207, 1.2942
M5,26/07/23,12:59:39,     9,  6541,   429,  994.9, 300,24.5,29.0, 0.0,  0, 0.0000,     0,22.8,27.4,44.4, 25,    27,    22, 1.3217, 1.3068
M5,26/07/23,12:59:40,     9,  6542,   429,  994.9, 300,24.5,29.0, 0.0,  0, 0.0000,     0,22.8,27.5,44.4, 25,    28,    23, 1.3159, 1.3218
M5,26/07/23,12:59:41,     9,  6543,   431,  994.9, 300,24.6,29.0, 0.0,  0, 0.0000,     0,22.8,27.5,44.4, 25,    29,    24, 1.3224, 1.3096
M5,26/07/23,12:59:42,     9,  6544,   432,  994.9, 300,24.6,29.0, 0.0,  0, 0.0000,     0,22.8,27.5,44.4, 25,    30,    25, 1.3255, 1.2969
M5,26/07/23,12:59:43,     9,  6545,   433,  994.9, 300,24.7,29.0, 0.0,  0, 0.0000,     0,22.8,27.5,44.4, 25,    32,    26, 1.3364, 1.2786
M5,26/07/23,12:59:44,     9,  6546,   434,  994.9, 300,24.7,29.0, 0.0,  0, 0.0000,     0,22.8,27.5,44.4, 25,    33,    27, 1.3421, 1.2661
M5,26/07/23,12:59:45,     9,  6547,   435,  994.9, 300,24.7,29.0, 0.0,  0, 0.0000,     0,22.8,27.5,44.4, 25,    34,    28, 1.3438, 1.2701
M5,26/07/23,12:59:46,     9,  6548,   436,  994.9, 300,24.8,29.0, 0.0,  0, 0.0000,     0,22.8,27.5,44.4, 25,    35,    29, 1.3421, 1.2936
M5,26/07/23,12:59:47,     9,  6549,   437,  994.9, 300,24.8,29.0, 0.0,  0, 0.0000,     0,22.8,27.5,44.4, 25,    36,    30, 1.3373, 1.3136
M5,26/07/23,12:59:48,     9,  6550,   438,  994.9, 300,24.9,29.0, 0.0,  0, 0.0000,     0,22.8,27.5,44.4, 25,    37,    31, 1.3368, 1.3260
M5,26/07/23,12:59:49,     9,  6551,   440,  994.9, 300,24.9,29.0, 0.0,  0, 0.0000,     0,22.8,27.5,44.4, 25,    38,    32, 1.3373, 1.3221
M5,26/07/23,12:59:50,     9,  6552,   441,  994.9, 300,25.0,29.0, 0.0,  0, 0.0000,     0,22.8,27.5,44.4, 25,    39,    33, 1.3382, 1.3263
M5,26/07/23,12:59:51,     9,  6553,   442,  994.9, 300,25.0,29.0, 0.0,  0, 0.0000,     0,22.8,27.5,44.4, 25,    40,    34, 1.3378, 1.3255
M5,26/07/23,12:59:52,     9,  6554,   443,  994.9, 300,25.1,28.9, 0.0,  0, 0.0000,     0,22.8,27.5,44.4, 25,    42,    35, 1.3396, 1.3245
M5,26/07/23,12:59:53,     9,  6555,   444,  994.9, 300,25.1,28.9, 0.0,  0, 0.0000,     0,22.8,27.5,44.4, 25,    43,    36, 1.3402, 1.3210
M5,26/07/23,12:59:54,     9,  6556,   445,  994.9, 300,25.1,28.9, 0.0,  0, 0.0000,     0,22.8,27.5,44.5, 25,    44,    37, 1.3396, 1.3222
M5,26/07/23,12:59:55,     9,  6557,   446,  994.9, 300,25.1,28.9, 0.0,  0, 0.0000,     0,22.8,27.5,44.5, 25,    45,    38, 1.3410, 1.3228
M5,26/07/23,12:59:56,     9,  6558,   448,  994.9, 300,25.1,28.9, 0.0,  0, 0.0000,     0,22.8,27.5,44.5, 25,    46,    39, 1.3413, 1.3209
M5,26/07/23,12:59:57,     9,  6559,   449,  994.9, 300,25.2,28.9, 0.0,  0, 0.0000,     0,22.8,27.5,44.5, 25,    47,    40, 1.3436, 1.3197
M5,26/07/23,12:59:58,     9,  6560,   450,  994.9, 300,25.2,28.9, 0.0,  0, 0.0000,     0,22.8,27.5,44.5, 25,    48,    41, 1.3431, 1.3212
M5,26/07/23,12:59:59,     9,  6561,   451,  994.9, 300,25.3,28.9, 0.0,  0, 0.0000,     0,22.8,27.5,44.4, 25,    49,    42, 1.3441, 1.3222
M5,26/07/23,13:00:00,     9,  6562,   452,  994.9, 300,25.3,28.9, 0.0,  0, 0.0000,     0,22.8,27.5,44.4, 25,    51,    43, 1.3443, 1.3210
R5,26/07/23,13:00:00,     9,  6562,   452,  994.9, 300,25.3,28.9, 0.0,  0, 0.0000,     0,22.8,27.5,44.4, 25,    51,    43, 1.3443, 1.3210
End
Zero
