Tag(M3),Date,Time,Plot_No,Rec_No,CO2,Pressure,Flow,H2O,Tsen,O2,Error,Aux_V,PAR,Tsoil,Tair,Msoil
Start
M5,04/07/23,16:50:48,    16,  7790,   450, 1001.6, 300,23.8,26.3, 0.0,  0, 0.0000,     0,22.1,23.2,10.4, 20,     5,     1, 0.0000, 0.0000
M5,04/07/23,16:50:49,    16,  7791,   454, 1001.6, 300,23.8,26.3, 0.0,  0, 0.0000,     0,22.1,23.3,10.4, 20,     9,     2, 0.0000, 0.0000
M5,04/07/23,16:50:50,    16,  7792,   457, 1001.6, 300,23.8,26.3, 0.0,  0, 0.0000,     0,22.1,23.3,10.4, 20,    12,     3, 0.0000, 0.0000
M5,04/07/23,16:50:51,    16,  7793,   459, 1001.6, 300,23.7,26.3, 0.0,  0, 0.0000,     0,22.1,23.3,10.8, 20,    14,     4, 0.0000, 0.0000
M5,04/07/23,16:50:52,    16,  7794,   460, 1001.6, 300,23.7,26.3, 0.0,  0, 0.0000,     0,22.1,23.3,10.8, 20,    15,     5, 0.0000, 0.0000
M5,04/07/23,16:50:53,    16,  7795,   461, 1001.6, 300,23.7,26.3, 0.0,  0, 0.0000,     0,22.1,23.3,10.8, 20,    16,     6, 0.0000, 0.0000
M5,04/07/23,16:50:54,    16,  7796,   462, 1001.6, 300,23.7,26.3, 0.0,  0, 0.0000,     0,22.1,23.3,10.8, 20,    17,     7, 0.0000, 0.0000
M5,04/07/23,16:50:55,    16,  7797,   463, 1001.6, 300,23.7,26.3, 0.0,  0, 0.0000,     0,22.1,23.3,10.8, 20,    18,     8, 0.0000, 0.0000
M5,04/07/23,16:50:56,    16,  7798,   464, 1001.6, 300,23.7,26.3, 0.0,  0, 0.0000,     0,22.1,23.3,10.8, 20,    19,     9, 0.0000, 0.0000
M5,04/07/23,16:50:57,    16,  7799,   465, 1001.6, 300,23.7,26.3, 0.0,  0, 0.0000,     0,22.1,23.3,10.8, 25,    20,    10, 0.0000, 0.0000
M5,04/07/23,16:50:58,    16,  7800,   466, 1001.6, 300,23.7,26.3, 0.0,  0, 0.0000,     0,22.1,23.3,10.8, 25,    21,    11, 0.0000, 0.0000
M5,04/07/23,16:50:59,    16,  7801,   467, 1001.6, 300,23.7,26.3, 0.0,  0, 0.0000,     0,22.1,23.3,10.8, 25,    22,    12, 0.0000, 0.0000
M5,04/07/23,16:51:00,    16,  7802,   468, 1001.6, 300,23.7,26.3, 0.0,  0, 0.0000,     0,22.1,23.3,10.8, 25,    23,    13, 1.0272, 1.0815
M5,04/07/23,16:51:01,    16,  7803,   468, 1001.6, 300,23.7,26.3, 0.0,  0, 0.0000,     0,22.1,23.3,10.8, 25,    24,    14, 1.0195, 1.0603
M5,04/07/23,16:51:02,    16,  7804,   469, 1001.6, 300,23.7,26.3, 0.0,  0, 0.0000,     0,22.1,23.4,10.8, 25,    25,    15, 1.0439, 0.9854
M5,04/07/23,16:51:03,    16,  7805,   470, 1001.6, 300,23.7,26.3, 0.0,  0, 0.0000,     0,22.1,23.4,10.8, 25,    26,    16, 1.0700, 0.9508
M5,04/07/23,16:51:04,    16,  7806,   471, 1001.6, 300,23.7,26.3, 0.0,  0, 0.0000,     0,22.1,23.4,10.8, 25,    27,    17, 1.0944, 0.9459
M5,04/07/23,16:51:05,    16,  7807,   472, 1001.6, 300,23.7,26.3, 0.0,  0, 0.0000,     0,22.1,23.4,10.8, 25,    28,    18, 1.0988, 0.9886
M5,04/07/23,16:51:06,    16,  7808,   473, 1001.6, 300,23.7,26.3, 0.0,  0, 0.0000,     0,22.1,23.4,10.8, 25,    28,    19, 1.0741, 1.0931
M5,04/07/23,16:51:07,    16,  7809,   473, 1001.6, 300,23.7,26.3, 0.0,  0, 0.0000,     0,22.1,23.4,10.8, 25,    28,    20, 1.0292, 1.2101
M5,04/07/23,16:51:08,    16,  7810,   474, 1001.6, 300,23.7,26.3, 0.0,  0, 0.0000,     0,22.1,23.4,10.8, 25,    29,    21, 0.9953, 1.2557
M5,04/07/23,16:51:09,    16,  7811,   475, 1001.6, 300,23.7,26.3, 0.0,  0, 0.0000,     0,22.1,23.4,10.8, 25,    30,    22, 0.9830, 1.2254
M5,04/07/23,16:51:10,    16,  7812,   476, 1001.6, 300,23.7,26.3, 0.0,  0, 0.0000,     0,22.1,23.4,10.8, 25,    31,    23, 0.9868, 1.1511
M5,04/07/23,16:51:11,    16,  7813,   477, 1001.6, 300,23.8,26.3, 0.0,  0, 0.0000,     0,22.1,23.4,10.8, 25,    32,    24, 0.9954, 1.0861
M5,04/07/23,16:51:12,    16,  7814,   478, 1001.6, 300,23.8,26.3, 0.0,  0, 0.0000,     0,22.1,23.4,10.8, 25,    34,    25, 1.0098, 1.0194
M5,04/07/23,16:51:13,    16,  7815,   479, 1001.6, 300,23.8,26.3, 0.0,  0, 0.0000,     0,22.1,23.4,10.8, 25,    34,    26, 1.0198, 0.9848
M5,04/07/23,16:51:14,    16,  7816,   480, 1001.6, 300,23.8,26.3, 0.0,  0, 0.0000,     0,22.1,23.4,10.8, 25,    35,    27, 1.0234, 0.9811
M5,04/07/23,16:51:15,    16,  7817,   480, 1001.6, 300,23.8,26.3, 0.0,  0, 0.0000,     0,22.1,23.4,10.8, 25,    36,    28, 1.0192, 1.0026
M5,04/07/23,16:51:16,    16,  7818,   481, 1001.6, 300,23.8,26.3, 0.0,  0, 0.0000,     0,22.1,23.4,10.8, 25,    36,    29, 1.0171, 1.0165
M5,04/07/23,16:51:17,    16,  7819,   482, 1001.6, 300,23.8,26.3, 0.0,  0, 0.0000,     0,22.1,23.4,10.8, 25,    37,    30, 1.0121, 1.0328
M5,04/07/23,16:51:18,    16,  7820,   483, 1001.6, 300,23.8,26.3, 0.0,  0, 0.0000,     0,22.1,23.4,10.8, 25,    38,    31, 1.0059, 1.0507
M5,04/07/23,16:51:19,    16,  7821,   483, 1001.6, 300,23.8,26.3, 0.0,  0, 0.0000,     0,22.1,23.4,10.8, 25,    39,    32, 0.9989, 1.0666
M5,04/07/23,16:51:20,    16,  7822,   484, 1001.6, 300,23.8,26.3, 0.0,  0, 0.0000,     0,22.1,23.4,10.8, 25,    39,    33, 0.9917, 1.0804
M5,04/07/23,16:51:21,    16,  7823,   485, 1001.6, 300,23.8,26.3, 0.0,  0, 0.0000,     0,22.1,23.4,10.8, 25,    40,    34, 0.9846, 1.0918
M5,04/07/23,16:51:22,    16,  7824,   486, 1001.6, 300,23.8,26.3, 0.0,  0, 0.0000,     0,22.1,23.4,10.8, 25,    41,    35, 0.9791, 1.0948
M5,04/07/23,16:51:23,    16,  7825,   486, 1001.6, 300,23.8,26.3, 0.0,  0, 0.0000,     0,22.1,23.4,10.8, 25,    41,    36, 0.9739, 1.0983
M5,04/07/23,16:51:24,    16,  7826,   487, 1001.6, 300,23.8,26.3, 0.0,  0, 0.0000,     0,22.1,23.4,10.8, 25,    42,    37, 0.9713, 1.0904
M5,04/07/23,16:51:25,    16,  7827,   488, 1001.6, 300,23.9,26.3, 0.0,  0, 0.0000,     0,22.1,23.4,10.8, 25,    43,    38, 0.9699, 1.0813
M5,04/07/23,16:51:26,    16,  7828,   489, 1001.6, 301,23.9,26.3, 0.0,  0, 0.0000,     0,22.1,23.4,10.8, 25,    44,    39, 0.9674, 1.0755
M5,04/07/23,16:51:27,    16,  7829,   489, 1001.6, 300,23.9,26.3, 0.0,  0, 0.0000,     0,22.1,23.4,10.8, 25,    45,    40, 0.9651, 1.0730
M5,04/07/23,16:51:28,    16,  7830,   490, 1001.6, 300,23.9,26.3, 0.0,  0, 0.0000,     0,22.1,23.4,10.8, 25,    45,    41, 0.9607, 1.0755
M5,04/07/23,16:51:29,    16,  7831,   491, 1001.6, 300,23.9,26.3, 0.0,  0, 0.0000,     0,22.1,23.4,10.8, 25,    46,    42, 0.9563, 1.0774
M5,04/07/23,16:51:30,    16,  7832,   491, 1001.6, 300,23.9,26.3, 0.0,  0, 0.0000,     0,22.1,23.4,10.8, 25,    47,    43, 0.9519, 1.0789
M5,04/07/23,16:51:31,    16,  7833,   492, 1001.6, 300,23.9,26.3, 0.0,  0, 0.0000,     0,22.1,23.4,10.8, 25,    47,    44, 0.9466, 1.0834
M5,04/07/23,16:51:32,    16,  7834,   493, 1001.6, 300,23.9,26.3, 0.0,  0, 0.0000,     0,22.1,23.4,10.8, 25,    48,    45, 0.9430, 1.0840
M5,04/07/23,16:51:33,    16,  7835,   494, 1001.6, 300,23.9,26.3, 0.0,  0, 0.0000,     0,22.1,23.4,10.8, 25,    49,    46, 0.9399, 1.0804
M5,04/07/23,16:51:34,    16,  7836,   495, 1001.6, 300,23.9,26.3, 0.0,  0, 0.0000,     0,22.1,23.4,10.8, 25,    50,    47, 0.9377, 1.0745
M5,04/07/23,16:51:35,    16,  7837,   495, 1001.6, 300,23.9,26.3, 0.0,  0, 0.0000,     0,22.1,23.4,10.8, 25,    51,    48, 0.9361, 1.0668
R5,04/07/23,16:51:35,    16,  7837,   495, 1001.6, 300,23.9,26.3, 0.0,  0, 0.0000,     0,22.1,23.4,10.8, 25,    51,    48, 0.9361, 1.0668
End
Start
M5,04/07/23,16:52:28,    16,  7890,   450, 1001.6, 300,23.9,26.3, 0.0,  0, 0.0000,     0,21.9,23.1,10.3, 20,     3,     1, 0.0000, 0.0000
M5,04/07/23,16:52:29,    16,  7891,   452, 1001.6, 300,23.9,26.3, 0.0,  0, 0.0000,     0,21.9,23.1,10.3, 20,     6,     2, 0.0000, 0.0000
M5,04/07/23,16:52:30,    16,  7892,   454, 1001.6, 300,23.9,26.3, 0.0,  0, 0.0000,     0,21.9,23.1,10.3, 20,     8,     3, 0.0000, 0.0000
M5,04/07/23,16:52:31,    16,  7893,   455, 1001.6, 300,23.9,26.3, 0.0,  0, 0.0000,     0,21.9,23.1,10.3, 20,     9,     4, 0.0000, 0.0000
M5,04/07/23,16:52:32,    16,  7894,   457, 1001.6, 300,23.9,26.3, 0.0,  0, 0.0000,     0,21.9,23.1,10.6, 20,    10,     5, 0.0000, 0.0000
M5,04/07/23,16:52:33,    16,  7895,   458, 1001.6, 300,23.9,26.3, 0.0,  0, 0.0000,     0,21.9,23.1,10.6, 20,    12,     6, 0.0000, 0.0000
M5,04/07/23,16:52:35,    16,  7896,   459, 1001.6, 300,23.9,26.3, 0.0,  0, 0.0000,     0,21.9,23.1,10.6, 20,    13,     7, 0.0000, 0.0000
M5,04/07/23,16:52:36,    16,  7897,   460, 1001.6, 300,23.9,26.3, 0.0,  0, 0.0000,     0,21.9,23.1,10.6, 20,    14,     8, 0.0000, 0.0000
M5,04/07/23,16:52:37,    16,  7898,   461, 1001.6, 300,23.8,26.3, 0.0,  0, 0.0000,     0,21.9,23.2,10.6, 20,    15,     9, 0.0000, 0.0000
M5,04/07/23,16:52:38,    16,  7899,   462, 1001.6, 300,23.8,26.3, 0.0,  0, 0.0000,     0,21.9,23.2,10.8, 25,    16,    10, 0.0000, 0.0000
M5,04/07/23,16:52:39,    16,  7900,   463, 1001.7, 300,23.8,26.3, 0.0,  0, 0.0000,     0,21.9,23.2,10.8, 25,    17,    11, 0.0000, 0.0000
M5,04/07/23,16:52:40,    16,  7901,   464, 1001.7, 301,23.9,26.3, 0.0,  0, 0.0000,     0,21.9,23.2,10.8, 25,    18,    12, 0.0000, 0.0000
M5,04/07/23,16:52:41,    16,  7902,   465, 1001.7, 300,23.9,26.3, 0.0,  0, 0.0000,     0,21.9,23.2,10.8, 25,    18,    13, 0.9506, 1.1138
M5,04/07/23,16:52:42,    16,  7903,   465, 1001.7, 299,23.9,26.3, 0.0,  0, 0.0000,     0,21.9,23.2,10.8, 25,    19,    14, 0.9459, 1.0124
M5,04/07/23,16:52:43,    16,  7904,   466, 1001.7, 300,23.9,26.3, 0.0,  0, 0.0000,     0,21.9,23.2,10.8, 25,    20,    15, 0.8962, 1.0818
M5,04/07/23,16:52:44,    16,  7905,   467, 1001.7, 300,23.9,26.3, 0.0,  0, 0.0000,     0,21.9,23.2,10.8, 25,    20,    16, 0.8680, 1.0591
M5,04/07/23,16:52:45,    16,  7906,   468, 1001.7, 300,23.9,26.3, 0.0,  0, 0.0000,     0,21.9,23.2,10.8, 25,    21,    17, 0.8677, 0.9798
M5,04/07/23,16:52:46,    16,  7907,   469, 1001.7, 300,23.9,26.3, 0.0,  0, 0.0000,     0,21.9,23.2,10.8, 25,    22,    18, 0.9035, 0.8430
M5,04/07/23,16:52:47,    16,  7908,   469, 1001.7, 300,23.9,26.3, 0.0,  0, 0.0000,     0,21.9,23.2,10.8, 25,    23,    19, 0.9169, 0.8290
M5,04/07/23,16:52:48,    16,  7909,   470, 1001.7, 299,23.9,26.3, 0.0,  0, 0.0000,     0,21.9,23.2,10.8, 25,    24,    20, 0.9187, 0.8512
M5,04/07/23,16:52:49,    16,  7910,   471, 1001.6, 300,23.9,26.3, 0.0,  0, 0.0000,     0,21.9,23.3,10.8, 25,    25,    21, 0.9326, 0.8348
M5,04/07/23,16:52:50,    16,  7911,   472, 1001.6, 300,23.9,26.3, 0.0,  0, 0.0000,     0,21.9,23.3,10.8, 25,    26,    22, 0.9493, 0.8106
M5,04/07/23,16:52:51,    16,  7912,   473, 1001.6, 300,23.9,26.3, 0.0,  0, 0.0000,     0,21.9,23.3,10.8, 25,    27,    23, 0.9623, 0.8090
M5,04/07/23,16:52:52,    16,  7913,   474, 1001.6, 300,23.9,26.3, 0.0,  0, 0.0000,     0,21.9,23.3,10.8, 25,    27,    24, 0.9663, 0.8326
M5,04/07/23,16:52:53,    16,  7914,   475, 1001.6, 300,23.9,26.3, 0.0,  0, 0.0000,     0,21.9,23.3,10.8, 25,    28,    25, 0.9699, 0.8507
M5,04/07/23,16:52:54,    16,  7915,   475, 1001.6, 300,23.9,26.3, 0.0,  0, 0.0000,     0,21.9,23.3,10.8, 25,    29,    26, 0.9701, 0.8787
M5,04/07/23,16:52:55,    16,  7916,   476, 1001.6, 299,23.9,26.3, 0.0,  0, 0.0000,     0,21.9,23.3,10.8, 25,    30,    27, 0.9738, 0.8843
M5,04/07/23,16:52:56,    16,  7917,   477, 1001.6, 300,24.0,26.3, 0.0,  0, 0.0000,     0,21.9,23.3,10.8, 25,    31,    28, 0.9777, 0.8908
M5,04/07/23,16:52:57,    16,  7918,   478, 1001.6, 300,24.0,26.3, 0.0,  0, 0.0000,     0,21.9,23.3,10.8, 25,    31,    29, 0.9748, 0.9158
M5,04/07/23,16:52:58,    16,  7919,   478, 1001.6, 300,24.0,26.3, 0.0,  0, 0.0000,     0,21.9,23.3,10.8, 25,    32,    30, 0.9704, 0.9398
M5,04/07/23,16:52:59,    16,  7920,   479, 1001.6, 300,24.0,26.3, 0.0,  0, 0.0000,     0,21.9,23.3,10.8, 25,    33,    31, 0.9625, 0.9710
M5,04/07/23,16:53:00,    16,  7921,   479, 1001.6, 300,24.0,26.3, 0.0,  0, 0.0000,     0,21.9,23.3,10.8, 25,    33,    32, 0.9554, 0.9956
M5,04/07/23,16:53:01,    16,  7922,   480, 1001.6, 300,24.0,26.3, 0.0,  0, 0.0000,     0,21.9,23.3,10.8, 25,    34,    33, 0.9520, 1.0000
M5,04/07/23,16:53:02,    16,  7923,   482, 1001.6, 301,24.0,26.3, 0.0,  0, 0.0000,     0,21.9,23.3,10.8, 25,    35,    34, 0.9519, 0.9926
M5,04/07/23,16:53:03,    16,  7924,   482, 1001.6, 300,24.0,26.3, 0.0,  0, 0.0000,     0,21.9,23.3,10.8, 25,    36,    35, 0.9526, 0.9849
M5,04/07/23,16:53:04,    16,  7925,   483, 1001.6, 300,24.0,26.3, 0.0,  0, 0.0000,     0,21.9,23.3,10.8, 25,    37,    36, 0.9535, 0.9768
M5,04/07/23,16:53:05,    16,  7926,   484, 1001.6, 301,24.0,26.3, 0.0,  0, 0.0000,     0,21.9,23.3,10.8, 25,    38,    37, 0.9552, 0.9697
M5,04/07/23,16:53:06,    16,  7927,   485, 1001.6, 301,24.0,26.3, 0.0,  0, 0.0000,     0,21.9,23.3,10.8, 25,    39,    38, 0.9551, 0.9674
M5,04/07/23,16:53:07,    16,  7928,   485, 1001.6, 300,24.0,26.3, 0.0,  0, 0.0000,     0,21.9,23.3,10.8, 25,    39,    39, 0.9530, 0.9735
M5,04/07/23,16:53:08,    16,  7929,   486, 1001.6, 300,24.0,26.3, 0.0,  0, 0.0000,     0,21.9,23.3,10.8, 25,    40,    40, 0.9490, 0.9844
M5,04/07/23,16:53:09,    16,  7930,   487, 1001.6, 300,24.0,26.3, 0.0,  0, 0.0000,     0,21.9,23.3,10.8, 25,    40,    41, 0.9462, 0.9898
M5,04/07/23,16:53:10,    16,  7931,   488, 1001.6, 300,24.0,26.3, 0.0,  0, 0.0000,     0,21.9,23.3,10.8, 25,    41,    42, 0.9445, 0.9915
M5,04/07/23,16:53:11,    16,  7932,   488, 1001.6, 300,24.0,26.3, 0.0,  0, 0.0000,     0,21.9,23.3,10.8, 25,    42,    43, 0.9432, 0.9903
M5,04/07/23,16:53:12,    16,  7933,   489, 1001.6, 300,24.0,26.3, 0.0,  0, 0.0000,     0,21.9,23.3,10.8, 25,    43,    44, 0.9424, 0.9871
M5,04/07/23,16:53:13,    16,  7934,   490, 1001.6, 300,24.0,26.3, 0.0,  0, 0.0000,     0,21.9,23.3,10.8, 25,    44,    45, 0.9431, 0.9794
M5,04/07/23,16:53:14,    16,  7935,   491, 1001.6, 300,24.1,26.3, 0.0,  0, 0.0000,     0,21.9,23.3,10.8, 25,    45,    46, 0.9438, 0.9756
M5,04/07/23,16:53:15,    16,  7936,   492, 1001.6, 300,24.1,26.3, 0.0,  0, 0.0000,     0,21.9,23.3,10.8, 25,    45,    47, 0.9433, 0.9737
M5,04/07/23,16:53:16,    16,  7937,   492, 1001.6, 300,24.1,26.3, 0.0,  0, 0.0000,     0,21.9,23.3,10.8, 25,    46,    48, 0.9424, 0.9733
M5,04/07/23,16:53:17,    16,  7938,   493, 1001.6, 300,24.1,26.3, 0.0,  0, 0.0000,     0,21.9,23.3,10.8, 25,    47,    49, 0.9414, 0.9743
M5,04/07/23,16:53:18,    16,  7939,   494, 1001.6, 300,24.1,26.3, 0.0,  0, 0.0000,     0,21.9,23.3,10.8, 25,    48,    50, 0.9407, 0.9734
M5,04/07/23,16:53:19,    16,  7940,   495, 1001.6, 300,24.1,26.3, 0.0,  0, 0.0000,     0,21.9,23.3,10.8, 25,    49,    51, 0.9403, 0.9717
M5,04/07/23,16:53:20,    16,  7941,   496, 1001.6, 300,24.1,26.3, 0.0,  0, 0.0000,     0,21.9,23.3,10.8, 25,    49,    52, 0.9395, 0.9713
M5,04/07/23,16:53:21,    16,  7942,   496, 1001.6, 300,24.1,26.3, 0.0,  0, 0.0000,     0,21.9,23.3,10.3, 25,    50,    53, 0.9392, 0.9697
R5,04/07/23,16:53:21,    16,  7942,   496, 1001.6, 300,24.1,26.3, 0.0,  0, 0.0000,     0,21.9,23.3,10.3, 25,    50,    53, 0.9392, 0.9697
End
Start
M5,04/07/23,16:54:16,    16,  7997,   497, 1001.6, 300,24.1,26.3, 0.0,  0, 0.0000,     0,21.9,23.2,10.8, 20,     3,     1, 0.0000, 0.0000
M5,04/07/23,16:54:17,    16,  7998,   499, 1001.6, 300,24.1,26.3, 0.0,  0, 0.0000,     0,21.9,23.2,10.8, 20,     5,     2, 0.0000, 0.0000
M5,04/07/23,16:54:18,    16,  7999,   501, 1001.6, 300,24.1,26.3, 0.0,  0, 0.0000,     0,21.9,23.2,10.8, 20,     6,     3, 0.0000, 0.0000
M5,04/07/23,16:54:19,    16,  8000,   502, 1001.6, 300,24.1,26.3, 0.0,  0, 0.0000,     0,21.9,23.2,10.8, 20,     7,     4, 0.0000, 0.0000
M5,04/07/23,16:54:20,    16,  8001,   502, 1001.6, 300,24.1,26.3, 0.0,  0, 0.0000,     0,21.9,23.2,10.3, 20,     8,     5, 0.0000, 0.0000
M5,04/07/23,16:54:21,    16,  8002,   504, 1001.6, 300,24.1,26.3, 0.0,  0, 0.0000,     0,21.9,23.2,10.3, 20,     9,     6, 0.0000, 0.0000
M5,04/07/23,16:54:22,    16,  8003,   504, 1001.6, 300,24.1,26.3, 0.0,  0, 0.0000,     0,21.9,23.2,10.3, 20,    10,     7, 0.0000, 0.0000
M5,04/07/23,16:54:23,    16,  8004,   505, 1001.6, 300,24.1,26.2, 0.0,  0, 0.0000,     0,21.9,23.2,10.3, 20,    11,     8, 0.0000, 0.0000
M5,04/07/23,16:54:24,    16,  8005,   506, 1001.6, 300,24.1,26.2, 0.0,  0, 0.0000,     0,21.9,23.2,10.3, 20,    12,     9, 0.0000, 0.0000
M5,04/07/23,16:54:25,    16,  8006,   507, 1001.6, 300,24.1,26.2, 0.0,  0, 0.0000,     0,21.9,23.2,10.3, 25,    13,    10, 0.0000, 0.0000
M5,04/07/23,16:54:26,    16,  8007,   508, 1001.6, 300,24.1,26.3, 0.0,  0, 0.0000,     0,21.9,23.2,10.3, 25,    13,    11, 0.0000, 0.0000
M5,04/07/23,16:54:27,    16,  8008,   509, 1001.6, 300,24.1,26.3, 0.0,  0, 0.0000,     0,21.9,23.2,10.3, 25,    14,    12, 0.0000, 0.0000
M5,04/07/23,16:54:28,    16,  8009,   510, 1001.6, 300,24.1,26.3, 0.0,  0, 0.0000,     0,21.9,23.2,10.3, 25,    15,    13, 1.0985, 0.9418
M5,04/07/23,16:54:29,    16,  8010,   511, 1001.6, 300,24.1,26.3, 0.0,  0, 0.0000,     0,21.9,23.2,10.3, 25,    16,    14, 1.1401, 0.9610
M5,04/07/23,16:54:30,    16,  8011,   512, 1001.6, 300,24.0,26.2, 0.0,  0, 0.0000,     0,21.9,23.2,10.3, 25,    17,    15, 1.1356, 1.0598
M5,04/07/23,16:54:31,    16,  8012,   512, 1001.6, 300,24.0,26.2, 0.0,  0, 0.0000,     0,21.9,23.2,10.3, 25,    18,    16, 1.1020, 1.1742
M5,04/07/23,16:54:32,    16,  8013,   513, 1001.6, 300,24.1,26.3, 0.0,  0, 0.0000,     0,21.9,23.2,10.3, 25,    19,    17, 1.0689, 1.2394
M5,04/07/23,16:54:33,    16,  8014,   514, 1001.6, 300,24.1,26.3, 0.0,  0, 0.0000,     0,21.9,23.2,10.3, 25,    20,    18, 1.0645, 1.1856
M5,04/07/23,16:54:34,    16,  8015,   515, 1001.6, 300,24.1,26.3, 0.0,  0, 0.0000,     0,21.9,23.2,10.3, 25,    21,    19, 1.0496, 1.1840
M5,04/07/23,16:54:35,    16,  8016,   515, 1001.6, 300,24.1,26.3, 0.0,  0, 0.0000,     0,21.9,23.2,10.3, 25,    21,    20, 1.0316, 1.1918
M5,04/07/23,16:54:36,    16,  8017,   516, 1001.6, 300,24.1,26.3, 0.0,  0, 0.0000,     0,21.9,23.2,10.3, 25,    22,    21, 1.0137, 1.1969
M5,04/07/23,16:54:37,    16,  8018,   517, 1001.6, 300,24.1,26.3, 0.0,  0, 0.0000,     0,21.9,23.2,10.3, 25,    23,    22, 1.0030, 1.1754
M5,04/07/23,16:54:38,    16,  8019,   518, 1001.6, 300,24.1,26.3, 0.0,  0, 0.0000,     0,21.9,23.2,10.3, 25,    24,    23, 0.9920, 1.1649
M5,04/07/23,16:54:39,    16,  8020,   519, 1001.6, 300,24.1,26.2, 0.0,  0, 0.0000,     0,21.9,23.2,10.3, 25,    25,    24, 0.9912, 1.1248
M5,04/07/23,16:54:40,    16,  8021,   520, 1001.6, 300,24.1,26.2, 0.0,  0, 0.0000,     0,21.9,23.2,10.3, 25,    25,    25, 0.9920, 1.0920
M5,04/07/23,16:54:41,    16,  8022,   520, 1001.6, 299,24.1,26.2, 0.0,  0, 0.0000,     0,21.9,23.2,10.3, 25,    26,    26, 0.9854, 1.0918
M5,04/07/23,16:54:42,    16,  8023,   521, 1001.6, 300,24.1,26.3, 0.0,  0, 0.0000,     0,21.9,23.2,10.3, 25,    27,    27, 0.9791, 1.0946
M5,04/07/23,16:54:43,    16,  8024,   522, 1001.6, 300,24.1,26.3, 0.0,  0, 0.0000,     0,21.9,23.2,10.3, 25,    28,    28, 0.9749, 1.0857
M5,04/07/23,16:54:44,    16,  8025,   523, 1001.6, 300,24.1,26.3, 0.0,  0, 0.0000,     0,21.9,23.2,10.3, 25,    28,    29, 0.9699, 1.0816
M5,04/07/23,16:54:45,    16,  8026,   523, 1001.6, 300,24.1,26.3, 0.0,  0, 0.0000,     0,21.9,23.2,10.3, 25,    29,    30, 0.9617, 1.0889
M5,04/07/23,16:54:46,    16,  8027,   524, 1001.6, 300,24.1,26.3, 0.0,  0, 0.0000,     0,21.9,23.2,10.3, 25,    29,    31, 0.9527, 1.1022
M5,04/07/23,16:54:47,    16,  8028,   524, 1001.6, 300,24.1,26.3, 0.0,  0, 0.0000,     0,21.9,23.2,10.3, 25,    30,    32, 0.9438, 1.1080
M5,04/07/23,16:54:48,    16,  8029,   525, 1001.6, 300,24.1,26.3, 0.0,  0, 0.0000,     0,21.9,23.2,10.3, 25,    31,    33, 0.9400, 1.0948
M5,04/07/23,16:54:49,    16,  8030,   526, 1001.6, 300,24.1,26.2, 0.0,  0, 0.0000,     0,21.9,23.2,10.3, 25,    32,    34, 0.9393, 1.0704
M5,04/07/23,16:54:50,    16,  8031,   527, 1001.6, 300,24.1,26.2, 0.0,  0, 0.0000,     0,21.9,23.2,10.3, 25,    33,    35, 0.9385, 1.0540
M5,04/07/23,16:54:51,    16,  8032,   528, 1001.6, 300,24.1,26.3, 0.0,  0, 0.0000,     0,21.9,23.3,10.3, 25,    34,    36, 0.9377, 1.0432
M5,04/07/23,16:54:52,    16,  8033,   529, 1001.6, 300,24.1,26.3, 0.0,  0, 0.0000,     0,21.9,23.3,10.3, 25,    34,    37, 0.9359, 1.0352
M5,04/07/23,16:54:53,    16,  8034,   529, 1001.6, 300,24.1,26.3, 0.0,  0, 0.0000,     0,21.9,23.3,10.3, 25,    35,    38, 0.9337, 1.0296
M5,04/07/23,16:54:54,    16,  8035,   530, 1001.6, 300,24.1,26.3, 0.0,  0, 0.0000,     0,21.9,23.2,10.3, 25,    36,    39, 0.9314, 1.0255
M5,04/07/23,16:54:55,    16,  8036,   531, 1001.6, 300,24.1,26.2, 0.0,  0, 0.0000,     0,21.9,23.2,10.3, 25,    36,    40, 0.9291, 1.0226
M5,04/07/23,16:54:56,    16,  8037,   532, 1001.6, 300,24.1,26.2, 0.0,  0, 0.0000,     0,21.9,23.2,10.3, 25,    37,    41, 0.9278, 1.0160
M5,04/07/23,16:54:57,    16,  8038,   532, 1001.6, 300,24.1,26.2, 0.0,  0, 0.0000,     0,21.9,23.2,10.3, 25,    38,    42, 0.9263, 1.0111
M5,04/07/23,16:54:58,    16,  8039,   533, 1001.6, 300,24.2,26.3, 0.0,  0, 0.0000,     0,21.9,23.2,10.3, 25,    39,    43, 0.9264, 1.0044
M5,04/07/23,16:54:59,    16,  8040,   534, 1001.6, 300,24.2,26.3, 0.0,  0, 0.0000,     0,21.9,23.2,10.3, 25,    40,    44, 0.9263, 0.9960
M5,04/07/23,16:55:00,    16,  8041,   535, 1001.6, 300,24.1,26.2, 0.0,  0, 0.0000,     0,21.9,23.2,10.3, 25,    41,    45, 0.9253, 0.9894
M5,04/07/23,16:55:01,    16,  8042,   535, 1001.6, 300,24.1,26.2, 0.0,  0, 0.0000,     0,21.9,23.2,10.3, 25,    41,    46, 0.9237, 0.9883
M5,04/07/23,16:55:02,    16,  8043,   536, 1001.6, 300,24.2,26.3, 0.0,  0, 0.0000,     0,21.9,23.2,10.3, 25,    42,    47, 0.9242, 0.9819
M5,04/07/23,16:55:03,    16,  8044,   537, 1001.6, 300,24.2,26.3, 0.0,  0, 0.0000,     0,21.9,23.2,10.3, 25,    43,    48, 0.9239, 0.9771
M5,04/07/23,16:55:04,    16,  8045,   538, 1001.6, 300,24.2,26.3, 0.0,  0, 0.0000,     0,21.9,23.2,10.3, 25,    44,    49, 0.9242, 0.9708
M5,04/07/23,16:55:05,    16,  8046,   539, 1001.6, 300,24.2,26.2, 0.0,  0, 0.0000,     0,21.9,23.3,10.3, 25,    44,    50, 0.9240, 0.9663
M5,04/07/23,16:55:06,    16,  8047,   539, 1001.6, 300,24.2,26.2, 0.0,  0, 0.0000,     0,21.9,23.3,10.3, 25,    45,    51, 0.9237, 0.9633
M5,04/07/23,16:55:07,    16,  8048,   540, 1001.6, 300,24.2,26.2, 0.0,  0, 0.0000,     0,21.9,23.3,10.3, 25,    46,    52, 0.9241, 0.9591
M5,04/07/23,16:55:08,    16,  8049,   541, 1001.6, 300,24.2,26.2, 0.0,  0, 0.0000,     0,21.9,23.3,10.3, 25,    47,    53, 0.9240, 0.9559
M5,04/07/23,16:55:09,    16,  8050,   542, 1001.6, 300,24.2,26.2, 0.0,  0, 0.0000,     0,21.9,23.3,10.3, 25,    48,    54, 0.9240, 0.9541
M5,04/07/23,16:55:10,    16,  8051,   543, 1001.6, 300,24.2,26.2, 0.0,  0, 0.0000,     0,21.9,23.2,10.3, 25,    48,    55, 0.9236, 0.9529
M5,04/07/23,16:55:11,    16,  8052,   543, 1001.6, 300,24.2,26.2, 0.0,  0, 0.0000,     0,21.9,23.2,10.3, 25,    49,    56, 0.9224, 0.9545
M5,04/07/23,16:55:12,    16,  8053,   544, 1001.6, 300,24.2,26.2, 0.0,  0, 0.0000,     0,21.9,23.3,10.3, 25,    50,    57, 0.9219, 0.9542
M5,04/07/23,16:55:13,    16,  8054,   545, 1001.6, 300,24.2,26.2, 0.0,  0, 0.0000,     0,21.9,23.3,10.8, 25,    50,    58, 0.9212, 0.9542
R5,04/07/23,16:55:13,    16,  8054,   545, 1001.6, 300,24.2,26.2, 0.0,  0, 0.0000,     0,21.9,23.3,10.8, 25,    50,    58, 0.9212, 0.9542
End
Start
M5,04/07/23,16:58:48,    17,  8267,   441, 1001.6, 300,23.1,26.1, 0.0,  0, 0.0000,     0,21.7,23.1,16.6, 20,     2,     1, 0.0000, 0.0000
M5,04/07/23,16:58:49,    17,  8268,   443, 1001.6, 300,23.1,26.1, 0.0,  0, 0.0000,     0,21.7,23.1,16.6, 20,     4,     2, 0.0000, 0.0000
M5,04/07/23,16:58:50,    17,  8269,   445, 1001.6, 300,23.1,26.1, 0.0,  0, 0.0000,     0,21.7,23.1,16.6, 20,     6,     3, 0.0000, 0.0000
M5,04/07/23,16:58:51,    17,  8270,   447, 1001.6, 300,23.1,26.1, 0.0,  0, 0.0000,     0,21.7,23.1,16.6, 20,     8,     4, 0.0000, 0.0000
M5,04/07/23,16:58:52,    17,  8271,   450, 1001.6, 300,23.0,26.1, 0.0,  0, 0.0000,     0,21.7,23.1,16.6, 20,    11,     5, 0.0000, 0.0000
M5,04/07/23,16:58:53,    17,  8272,   452, 1001.6, 300,23.0,26.1, 0.0,  0, 0.0000,     0,21.7,23.1,16.6, 20,    13,     6, 0.0000, 0.0000
M5,04/07/23,16:58:54,    17,  8273,   455, 1001.6, 300,23.0,26.1, 0.0,  0, 0.0000,     0,21.7,23.1,16.6, 20,    16,     7, 0.0000, 0.0000
M5,04/07/23,16:58:55,    17,  8274,   457, 1001.6, 300,23.0,26.1, 0.0,  0, 0.0000,     0,21.7,23.1,16.6, 20,    18,     8, 0.0000, 0.0000
M5,04/07/23,16:58:56,    17,  8275,   460, 1001.6, 300,23.0,26.1, 0.0,  0, 0.0000,     0,21.7,23.1,16.6, 20,    21,     9, 0.0000, 0.0000
M5,04/07/23,16:58:57,    17,  8276,   462, 1001.6, 300,23.0,26.1, 0.0,  0, 0.0000,     0,21.7,23.2,16.6, 25,    23,    10, 0.0000, 0.0000
M5,04/07/23,16:58:58,    17,  8277,   464, 1001.6, 300,23.0,26.1, 0.0,  0, 0.0000,     0,21.7,23.2,16.6, 25,    25,    11, 0.0000, 0.0000
M5,04/07/23,16:58:59,    17,  8278,   467, 1001.6, 300,23.1,26.1, 0.0,  0, 0.0000,     0,21.7,23.2,17.0, 25,    28,    12, 0.0000, 0.0000
M5,04/07/23,16:59:00,    17,  8279,   469, 1001.6, 300,23.1,26.1, 0.0,  0, 0.0000,     0,21.7,23.2,17.0, 25,    30,    13, 2.5724, 2.5661
M5,04/07/23,16:59:01,    17,  8280,   471, 1001.6, 300,23.1,26.1, 0.0,  0, 0.0000,     0,21.7,23.2,17.0, 25,    32,    14, 2.5926, 2.5346
M5,04/07/23,16:59:02,    17,  8281,   473, 1001.6, 300,23.1,26.1, 0.0,  0, 0.0000,     0,21.7,23.2,17.0, 25,    34,    15, 2.6016, 2.5416
M5,04/07/23,16:59:03,    17,  8282,   475, 1001.6, 300,23.1,26.1, 0.0,  0, 0.0000,     0,21.7,23.2,17.0, 25,    36,    16, 2.5857, 2.6033
M5,04/07/23,16:59:04,    17,  8283,   477, 1001.6, 300,23.1,26.1, 0.0,  0, 0.0000,     0,21.7,23.2,17.0, 25,    38,    17, 2.5682, 2.6452
M5,04/07/23,16:59:05,    17,  8284,   479, 1001.6, 300,23.1,26.1, 0.0,  0, 0.0000,     0,21.7,23.2,17.0, 25,    40,    18, 2.5496, 2.6621
M5,04/07/23,16:59:06,    17,  8285,   481, 1001.6, 300,23.1,26.1, 0.0,  0, 0.0000,     0,21.7,23.2,17.0, 25,    42,    19, 2.5368, 2.6670
M5,04/07/23,16:59:07,    17,  8286,   484, 1001.6, 300,23.1,26.1, 0.0,  0, 0.0000,     0,21.7,23.2,17.0, 25,    44,    20, 2.5236, 2.6601
M5,04/07/23,16:59:08,    17,  8287,   486, 1001.6, 300,23.2,26.1, 0.0,  0, 0.0000,     0,21.7,23.2,17.0, 25,    46,    21, 2.5163, 2.6523
M5,04/07/23,16:59:09,    17,  8288,   487, 1001.6, 300,23.2,26.1, 0.0,  0, 0.0000,     0,21.7,23.2,17.0, 25,    48,    22, 2.4939, 2.6790
M5,04/07/23,16:59:10,    17,  8289,   489, 1001.6, 300,23.2,26.1, 0.0,  0, 0.0000,     0,21.7,23.2,17.0, 25,    50,    23, 2.4747, 2.6954
R5,04/07/23,16:59:10,    17,  8289,   489, 1001.6, 300,23.2,26.1, 0.0,  0, 0.0000,     0,21.7,23.2,17.0, 25,    50,    23, 2.4747, 2.6954
End
Start
M5,04/07/23,17:00:01,    17,  8340,   471, 1001.6, 300,22.4,26.0, 0.0,  0, 0.0000,     0,21.7,22.9,17.0, 20,     2,     1, 0.0000, 0.0000
M5,04/07/23,17:00:02,    17,  8341,   473, 1001.6, 300,22.4,26.0, 0.0,  0, 0.0000,     0,21.7,22.9,17.0, 20,     4,     2, 0.0000, 0.0000
M5,04/07/23,17:00:03,    17,  8342,   475, 1001.6, 300,22.4,26.0, 0.0,  0, 0.0000,     0,21.5,22.9,17.0, 20,     6,     3, 0.0000, 0.0000
M5,04/07/23,17:00:04,    17,  8343,   477, 1001.6, 300,22.4,26.0, 0.0,  0, 0.0000,     0,21.5,22.9,17.0, 20,     8,     4, 0.0000, 0.0000
M5,04/07/23,17:00:05,    17,  8344,   480, 1001.6, 300,22.4,26.0, 0.0,  0, 0.0000,     0,21.5,22.9,17.0, 20,    11,     5, 0.0000, 0.0000
M5,04/07/23,17:00:06,    17,  8345,   482, 1001.6, 300,22.3,26.0, 0.0,  0, 0.0000,     0,21.5,22.9,17.0, 20,    13,     6, 0.0000, 0.0000
M5,04/07/23,17:00:07,    17,  8346,   484, 1001.6, 300,22.3,26.0, 0.0,  0, 0.0000,     0,21.5,22.9,17.0, 20,    15,     7, 0.0000, 0.0000
M5,04/07/23,17:00:08,    17,  8347,   487, 1001.6, 300,22.4,26.0, 0.0,  0, 0.0000,     0,21.5,22.9,17.0, 20,    18,     8, 0.0000, 0.0000
M5,04/07/23,17:00:09,    17,  8348,   489, 1001.6, 300,22.4,26.0, 0.0,  0, 0.0000,     0,21.5,22.9,17.0, 20,    20,     9, 0.0000, 0.0000
M5,04/07/23,17:00:10,    17,  8349,   491, 1001.6, 300,22.4,26.0, 0.0,  0, 0.0000,     0,21.5,22.9,17.0, 25,    22,    10, 0.0000, 0.0000
M5,04/07/23,17:00:11,    17,  8350,   493, 1001.6, 300,22.4,26.0, 0.0,  0, 0.0000,     0,21.5,22.9,17.0, 25,    24,    11, 0.0000, 0.0000
M5,04/07/23,17:00:12,    17,  8351,   495, 1001.6, 300,22.4,26.0, 0.0,  0, 0.0000,     0,21.5,22.9,17.0, 25,    26,    12, 0.0000, 0.0000
M5,04/07/23,17:00:13,    17,  8352,   497, 1001.6, 300,22.5,26.0, 0.0,  0, 0.0000,     0,21.5,22.9,17.0, 25,    28,    13, 2.3221, 2.7680
M5,04/07/23,17:00:14,    17,  8353,   499, 1001.6, 300,22.5,26.0, 0.0,  0, 0.0000,     0,21.7,22.9,16.9, 25,    30,    14, 2.2409, 2.6368
M5,04/07/23,17:00:15,    17,  8354,   501, 1001.6, 300,22.5,26.0, 0.0,  0, 0.0000,     0,21.7,23.0,16.9, 25,    32,    15, 2.2244, 2.4667
M5,04/07/23,17:00:16,    17,  8355,   503, 1001.6, 300,22.5,26.0, 0.0,  0, 0.0000,     0,21.7,23.0,16.9, 25,    34,    16, 2.2223, 2.3541
M5,04/07/23,17:00:17,    17,  8356,   505, 1001.6, 300,22.6,26.0, 0.0,  0, 0.0000,     0,21.7,23.0,16.9, 25,    36,    17, 2.2311, 2.2926
M5,04/07/23,17:00:18,    17,  8357,   506, 1001.6, 300,22.6,26.0, 0.0,  0, 0.0000,     0,21.7,23.0,16.9, 25,    37,    18, 2.2079, 2.3257
M5,04/07/23,17:00:19,    17,  8358,   508, 1001.6, 300,22.6,26.0, 0.0,  0, 0.0000,     0,21.5,23.0,17.0, 25,    39,    19, 2.2050, 2.3075
M5,04/07/23,17:00:20,    17,  8359,   510, 1001.6, 300,22.6,26.0, 0.0,  0, 0.0000,     0,21.5,23.0,17.0, 25,    41,    20, 2.1947, 2.2993
M5,04/07/23,17:00:21,    17,  8360,   512, 1001.6, 300,22.6,26.0, 0.0,  0, 0.0000,     0,21.5,23.0,17.0, 25,    43,    21, 2.1892, 2.2806
M5,04/07/23,17:00:22,    17,  8361,   513, 1001.6, 300,22.7,26.0, 0.0,  0, 0.0000,     0,21.5,23.0,17.0, 25,    44,    22, 2.1855, 2.2757
M5,04/07/23,17:00:23,    17,  8362,   515, 1001.6, 300,22.7,26.0, 0.0,  0, 0.0000,     0,21.5,23.0,17.0, 25,    46,    23, 2.1723, 2.2891
M5,04/07/23,17:00:24,    17,  8363,   517, 1001.6, 300,22.8,26.0, 0.0,  0, 0.0000,     0,21.5,23.0,16.9, 25,    48,    24, 2.1596, 2.3103
M5,04/07/23,17:00:25,    17,  8364,   518, 1001.6, 300,22.8,26.0, 0.0,  0, 0.0000,     0,21.5,23.0,16.9, 25,    49,    25, 2.1427, 2.3258
M5,04/07/23,17:00:26,    17,  8365,   520, 1001.6, 300,22.8,26.0, 0.0,  0, 0.0000,     0,21.5,23.0,16.9, 25,    51,    26, 2.1287, 2.3378
R5,04/07/23,17:00:26,    17,  8365,   520, 1001.6, 300,22.8,26.0, 0.0,  0, 0.0000,     0,21.5,23.0,16.9, 25,    51,    26, 2.1287, 2.3378
End
Start
M5,04/07/23,17:01:16,    17,  8414,   462, 1001.6, 300,22.3,26.0, 0.0,  0, 0.0000,     0,21.5,22.7,16.9, 20,    -1,     1, 0.0000, 0.0000
M5,04/07/23,17:01:17,    17,  8415,   463, 1001.6, 300,22.3,26.0, 0.0,  0, 0.0000,     0,21.5,22.7,16.9, 20,    -0,     2, 0.0000, 0.0000
M5,04/07/23,17:01:18,    17,  8416,   464, 1001.6, 300,22.3,26.0, 0.0,  0, 0.0000,     0,21.5,22.7,16.9, 20,     1,     3, 0.0000, 0.0000
M5,04/07/23,17:01:19,    17,  8417,   465, 1001.6, 300,22.3,26.0, 0.0,  0, 0.0000,     0,21.5,22.7,16.9, 20,     2,     4, 0.0000, 0.0000
M5,04/07/23,17:01:20,    17,  8418,   466, 1001.6, 300,22.3,26.0, 0.0,  0, 0.0000,     0,21.5,22.7,16.9, 20,     3,     5, 0.0000, 0.0000
M5,04/07/23,17:01:21,    17,  8419,   467, 1001.6, 300,22.3,26.0, 0.0,  0, 0.0000,     0,21.5,22.7,16.9, 20,     4,     6, 0.0000, 0.0000
M5,04/07/23,17:01:22,    17,  8420,   469, 1001.6, 300,22.3,26.0, 0.0,  0, 0.0000,     0,21.5,22.7,16.9, 20,     6,     7, 0.0000, 0.0000
M5,04/07/23,17:01:23,    17,  8421,   470, 1001.6, 300,22.3,25.9, 0.0,  0, 0.0000,     0,21.5,22.7,16.9, 20,     7,     8, 0.0000, 0.0000
M5,04/07/23,17:01:24,    17,  8422,   472, 1001.6, 300,22.3,25.9, 0.0,  0, 0.0000,     0,21.5,22.7,16.9, 20,     9,     9, 0.0000, 0.0000
M5,04/07/23,17:01:25,    17,  8423,   473, 1001.6, 300,22.3,25.9, 0.0,  0, 0.0000,     0,21.5,22.7,16.9, 25,    10,    10, 0.0000, 0.0000
M5,04/07/23,17:01:26,    17,  8424,   474, 1001.6, 300,22.3,25.9, 0.0,  0, 0.0000,     0,21.5,22.8,16.9, 25,    11,    11, 0.0000, 0.0000
M5,04/07/23,17:01:27,    17,  8425,   476, 1001.6, 300,22.4,26.0, 0.0,  0, 0.0000,     0,21.5,22.8,16.9, 25,    13,    12, 0.0000, 0.0000
M5,04/07/23,17:01:28,    17,  8426,   477, 1001.6, 300,22.4,26.0, 0.0,  0, 0.0000,     0,21.5,22.8,16.9, 25,    14,    13, 1.6873, 1.5327
M5,04/07/23,17:01:29,    17,  8427,   478, 1001.6, 300,22.4,26.0, 0.0,  0, 0.0000,     0,21.5,22.8,16.9, 25,    15,    14, 1.6515, 1.7058
M5,04/07/23,17:01:30,    17,  8428,   480, 1001.6, 300,22.4,26.0, 0.0,  0, 0.0000,     0,21.5,22.8,16.9, 25,    17,    15, 1.6644, 1.6419
M5,04/07/23,17:01:31,    17,  8429,   481, 1001.6, 300,22.4,26.0, 0.0,  0, 0.0000,     0,21.5,22.8,16.9, 25,    19,    16, 1.6868, 1.5945
M5,04/07/23,17:01:32,    17,  8430,   483, 1001.6, 300,22.5,25.9, 0.0,  0, 0.0000,     0,21.5,22.8,16.9, 25,    20,    17, 1.7115, 1.5782
M5,04/07/23,17:01:33,    17,  8431,   484, 1001.6, 300,22.5,25.9, 0.0,  0, 0.0000,     0,21.5,22.8,16.9, 25,    21,    18, 1.7024, 1.6477
M5,04/07/23,17:01:34,    17,  8432,   485, 1001.6, 300,22.5,25.9, 0.0,  0, 0.0000,     0,21.5,22.8,16.9, 25,    22,    19, 1.6860, 1.7168
M5,04/07/23,17:01:35,    17,  8433,   487, 1001.6, 300,22.5,25.9, 0.0,  0, 0.0000,     0,21.5,22.8,16.9, 25,    24,    20, 1.6732, 1.7393
M5,04/07/23,17:01:36,    17,  8434,   488, 1001.6, 300,22.6,25.9, 0.0,  0, 0.0000,     0,21.5,22.8,16.9, 25,    25,    21, 1.6677, 1.7454
M5,04/07/23,17:01:37,    17,  8435,   490, 1001.6, 300,22.6,25.9, 0.0,  0, 0.0000,     0,21.5,22.8,16.9, 25,    27,    22, 1.6748, 1.6992
M5,04/07/23,17:01:38,    17,  8436,   491, 1001.6, 300,22.6,25.9, 0.0,  0, 0.0000,     0,21.5,22.8,16.9, 25,    29,    23, 1.6841, 1.6611
M5,04/07/23,17:01:39,    17,  8437,   493, 1001.6, 300,22.6,25.9, 0.0,  0, 0.0000,     0,21.5,22.8,16.9, 25,    30,    24, 1.6911, 1.6501
M5,04/07/23,17:01:40,    17,  8438,   494, 1001.6, 300,22.6,25.9, 0.0,  0, 0.0000,     0,21.5,22.8,16.9, 25,    31,    25, 1.6979, 1.6348
M5,04/07/23,17:01:41,    17,  8439,   496, 1001.6, 299,22.7,25.9, 0.0,  0, 0.0000,     0,21.5,22.8,16.9, 25,    33,    26, 1.7080, 1.6234
M5,04/07/23,17:01:42,    17,  8440,   497, 1001.6, 300,22.7,25.9, 0.0,  0, 0.0000,     0,21.5,22.8,16.9, 25,    34,    27, 1.7102, 1.6304
M5,04/07/23,17:01:43,    17,  8441,   499, 1001.6, 300,22.7,25.9, 0.0,  0, 0.0000,     0,21.5,22.8,16.9, 25,    36,    28, 1.7116, 1.6418
M5,04/07/23,17:01:44,    17,  8442,   500, 1001.6, 300,22.7,25.9, 0.0,  0, 0.0000,     0,21.5,22.8,16.9, 25,    37,    29, 1.7083, 1.6633
M5,04/07/23,17:01:45,    17,  8443,   501, 1001.6, 300,22.7,25.9, 0.0,  0, 0.0000,     0,21.5,22.8,16.9, 25,    38,    30, 1.7051, 1.6795
M5,04/07/23,17:01:46,    17,  8444,   503, 1001.6, 300,22.8,25.9, 0.0,  0, 0.0000,     0,21.5,22.8,16.9, 25,    40,    31, 1.7014, 1.7017
M5,04/07/23,17:01:47,    17,  8445,   504, 1001.6, 300,22.8,25.9, 0.0,  0, 0.0000,     0,21.5,22.8,16.9, 25,    41,    32, 1.6943, 1.7235
M5,04/07/23,17:01:48,    17,  8446,   505, 1001.6, 300,22.8,25.9, 0.0,  0, 0.0000,     0,21.5,22.9,16.9, 25,    42,    33, 1.6919, 1.7310
M5,04/07/23,17:01:49,    17,  8447,   507, 1001.6, 300,22.8,25.9, 0.0,  0, 0.0000,     0,21.5,22.9,16.9, 25,    44,    34, 1.6886, 1.7342
M5,04/07/23,17:01:50,    17,  8448,   508, 1001.6, 300,22.9,25.9, 0.0,  0, 0.0000,     0,21.5,22.9,16.9, 25,    45,    35, 1.6853, 1.7426
M5,04/07/23,17:01:51,    17,  8449,   509, 1001.6, 300,22.9,25.9, 0.0,  0, 0.0000,     0,21.5,22.9,16.9, 25,    46,    36, 1.6798, 1.7515
M5,04/07/23,17:01:52,    17,  8450,   510, 1001.6, 300,22.9,25.9, 0.0,  0, 0.0000,     0,21.5,22.9,16.9, 25,    47,    37, 1.6731, 1.7672
M5,04/07/23,17:01:53,    17,  8451,   512, 1001.6, 300,22.9,25.9, 0.0,  0, 0.0000,     0,21.5,22.9,16.9, 25,    49,    38, 1.6669, 1.7747
M5,04/07/23,17:01:54,    17,  8452,   513, 1001.6, 300,22.9,25.9, 0.0,  0, 0.0000,     0,21.5,22.9,16.9, 25,    50,    39, 1.6619, 1.7769
R5,04/07/23,17:01:54,    17,  8452,   513, 1001.6, 300,22.9,25.9, 0.0,  0, 0.0000,     0,21.5,22.9,16.9, 25,    50,    39, 1.6619, 1.7769
End
Zero
Start
M5,04/07/23,17:06:03,    18,  8700,   440, 1001.7, 300,21.7,25.6, 0.0,  0, 0.0000,     0,21.1,21.9, 8.9, 20,     2,     1, 0.0000, 0.0000
M5,04/07/23,17:06:04,    18,  8701,   442, 1001.7, 300,21.6,25.6, 0.0,  0, 0.0000,     0,21.1,21.9, 8.9, 20,     4,     2, 0.0000, 0.0000
M5,04/07/23,17:06:05,    18,  8702,   444, 1001.7, 300,21.6,25.6, 0.0,  0, 0.0000,     0,21.1,21.9, 8.9, 20,     6,     3, 0.0000, 0.0000
M5,04/07/23,17:06:06,    18,  8703,   446, 1001.7, 300,21.6,25.6, 0.0,  0, 0.0000,     0,21.1,21.9, 8.9, 20,     8,     4, 0.0000, 0.0000
M5,04/07/23,17:06:07,    18,  8704,   447, 1001.7, 300,21.6,25.6, 0.0,  0, 0.0000,     0,21.1,21.9, 8.9, 20,     9,     5, 0.0000, 0.0000
M5,04/07/23,17:06:08,    18,  8705,   448, 1001.7, 300,21.6,25.6, 0.0,  0, 0.0000,     0, 0.0,21.9, 0.0, 20,    10,     6, 0.0000, 0.0000
M5,04/07/23,17:06:09,    18,  8706,   449, 1001.7, 300,21.6,25.6, 0.0,  0, 0.0000,     0, 0.0,21.9, 0.0, 20,    11,     7, 0.0000, 0.0000
M5,04/07/23,17:06:10,    18,  8707,   450, 1001.7, 300,21.6,25.6, 0.0,  0, 0.0000,     0, 0.0,22.0, 0.0, 20,    12,     8, 0.0000, 0.0000
M5,04/07/23,17:06:11,    18,  8708,   451, 1001.7, 300,21.6,25.6, 0.0,  0, 0.0000,     0, 0.0,22.0, 0.0, 20,    13,     9, 0.0000, 0.0000
M5,04/07/23,17:06:12,    18,  8709,   452, 1001.7, 300,21.6,25.6, 0.0,  0, 0.0000,     0, 0.0,22.0, 0.0, 25,    14,    10, 0.0000, 0.0000
M5,04/07/23,17:06:13,    18,  8710,   453, 1001.7, 300,21.6,25.6, 0.0,  0, 0.0000,     0,21.1,22.0, 8.9, 25,    15,    11, 0.0000, 0.0000
M5,04/07/23,17:06:14,    18,  8711,   454, 1001.7, 300,21.6,25.6, 0.0,  0, 0.0000,     0,21.1,22.0, 8.9, 25,    16,    12, 0.0000, 0.0000
M5,04/07/23,17:06:15,    18,  8712,   455, 1001.7, 300,21.6,25.6, 0.0,  0, 0.0000,     0,21.1,22.0, 8.9, 25,    17,    13, 1.0393, 1.0377
M5,04/07/23,17:06:16,    18,  8713,   456, 1001.7, 300,21.7,25.6, 0.0,  0, 0.0000,     0,21.1,22.0, 8.9, 25,    18,    14, 1.0253, 1.0787
M5,04/07/23,17:06:17,    18,  8714,   457, 1001.7, 300,21.7,25.6, 0.0,  0, 0.0000,     0,21.1,22.0, 8.9, 25,    19,    15, 1.0378, 1.0187
M5,04/07/23,17:06:18,    18,  8715,   458, 1001.7, 300,21.7,25.6, 0.0,  0, 0.0000,     0,21.1,22.0, 8.9, 25,    20,    16, 1.0572, 0.9866
M5,04/07/23,17:06:19,    18,  8716,   459, 1001.7, 300,21.7,25.6, 0.0,  0, 0.0000,     0,21.1,22.0, 8.9, 25,    21,    17, 1.0725, 0.9739
M5,04/07/23,17:06:20,    18,  8717,   460, 1001.7, 300,21.7,25.6, 0.0,  0, 0.0000,     0,21.1,22.0, 8.9, 25,    22,    18, 1.0872, 0.9760
M5,04/07/23,17:06:21,    18,  8718,   461, 1001.7, 300,21.7,25.6, 0.0,  0, 0.0000,     0,21.1,22.1, 8.9, 25,    23,    19, 1.0975, 0.9824
M5,04/07/23,17:06:22,    18,  8719,   462, 1001.7, 300,21.7,25.6, 0.0,  0, 0.0000,     0,21.1,22.1, 8.9, 25,    24,    20, 1.1148, 0.9670
M5,04/07/23,17:06:23,    18,  8720,   463, 1001.7, 300,21.8,25.6, 0.0,  0, 0.0000,     0,21.1,22.1, 8.9, 25,    25,    21, 1.1280, 0.9796
M5,04/07/23,17:06:24,    18,  8721,   464, 1001.7, 300,21.8,25.6, 0.0,  0, 0.0000,     0,21.1,22.1, 8.9, 25,    26,    22, 1.1289, 1.0144
M5,04/07/23,17:06:25,    18,  8722,   465, 1001.7, 300,21.8,25.6, 0.0,  0, 0.0000,     0,21.1,22.1, 8.9, 25,    27,    23, 1.1321, 1.0380
M5,04/07/23,17:06:26,    18,  8723,   466, 1001.7, 300,21.8,25.6, 0.0,  0, 0.0000,     0,21.1,22.1, 8.9, 25,    28,    24, 1.1290, 1.0677
M5,04/07/23,17:06:27,    18,  8724,   467, 1001.7, 300,21.9,25.6, 0.0,  0, 0.0000,     0,21.1,22.1, 8.9, 25,    29,    25, 1.1296, 1.0853
M5,04/07/23,17:06:28,    18,  8725,   468, 1001.7, 300,21.9,25.6, 0.0,  0, 0.0000,     0,21.1,22.1, 8.9, 25,    30,    26, 1.1293, 1.0931
M5,04/07/23,17:06:29,    18,  8726,   469, 1001.7, 300,21.9,25.6, 0.0,  0, 0.0000,     0,21.1,22.1, 8.9, 25,    31,    27, 1.1314, 1.0983
M5,04/07/23,17:06:30,    18,  8727,   470, 1001.7, 300,21.9,25.6, 0.0,  0, 0.0000,     0,21.1,22.1, 8.9, 25,    32,    28, 1.1292, 1.1097
M5,04/07/23,17:06:31,    18,  8728,   471, 1001.7, 300,21.9,25.6, 0.0,  0, 0.0000,     0,21.1,22.1, 8.9, 25,    33,    29, 1.1282, 1.1147
M5,04/07/23,17:06:32,    18,  8729,   472, 1001.7, 300,21.9,25.6, 0.0,  0, 0.0000,     0,21.1,22.1, 8.9, 25,    34,    30, 1.1281, 1.1169
M5,04/07/23,17:06:33,    18,  8730,   473, 1001.7, 300,21.9,25.6, 0.0,  0, 0.0000,     0,21.1,22.1, 8.9, 25,    35,    31, 1.1260, 1.1241
M5,04/07/23,17:06:34,    18,  8731,   474, 1001.7, 300,22.0,25.6, 0.0,  0, 0.0000,     0,21.1,22.1, 8.9, 25,    36,    32, 1.1262, 1.1279
M5,04/07/23,17:06:35,    18,  8732,   474, 1001.7, 300,22.0,25.6, 0.0,  0, 0.0000,     0,21.1,22.1, 8.9, 25,    37,    33, 1.1219, 1.1403
M5,04/07/23,17:06:36,    18,  8733,   475, 1001.7, 300,22.0,25.6, 0.0,  0, 0.0000,     0,21.1,22.1, 8.9, 25,    37,    34, 1.1188, 1.1533
M5,04/07/23,17:06:37,    18,  8734,   476, 1001.7, 300,22.0,25.6, 0.0,  0, 0.0000,     0,21.1,22.1, 8.9, 25,    38,    35, 1.1155, 1.1577
M5,04/07/23,17:06:38,    18,  8735,   477, 1001.7, 300,22.0,25.6, 0.0,  0, 0.0000,     0,21.1,22.2, 8.9, 25,    39,    36, 1.1119, 1.1628
M5,04/07/23,17:06:39,    18,  8736,   478, 1001.7, 300,22.1,25.6, 0.0,  0, 0.0000,     0,21.1,22.2, 8.9, 25,    40,    37, 1.1085, 1.1689
M5,04/07/23,17:06:40,    18,  8737,   479, 1001.7, 300,22.1,25.6, 0.0,  0, 0.0000,     0,21.1,22.2, 8.9, 25,    41,    38, 1.1057, 1.1692
M5,04/07/23,17:06:42,    18,  8738,   480, 1001.7, 300,22.1,25.6, 0.0,  0, 0.0000,     0,21.1,22.2, 8.9, 25,    42,    39, 1.1047, 1.1668
M5,04/07/23,17:06:43,    18,  8739,   481, 1001.7, 300,22.1,25.6, 0.0,  0, 0.0000,     0,21.1,22.2, 8.9, 25,    43,    40, 1.1036, 1.1615
M5,04/07/23,17:06:44,    18,  8740,   482, 1001.7, 300,22.1,25.6, 0.0,  0, 0.0000,     0,21.1,22.2, 8.9, 25,    44,    41, 1.1042, 1.1533
M5,04/07/23,17:06:45,    18,  8741,   483, 1001.7, 300,22.1,25.6, 0.0,  0, 0.0000,     0,21.1,22.2, 8.9, 25,    46,    42, 1.1058, 1.1408
M5,04/07/23,17:06:46,    18,  8742,   485, 1001.7, 300,22.1,25.6, 0.0,  0, 0.0000,     0,21.1,22.2, 8.9, 25,    47,    43, 1.1074, 1.1296
M5,04/07/23,17:06:47,    18,  8743,   486, 1001.7, 300,22.2,25.6, 0.0,  0, 0.0000,     0,21.1,22.2, 8.9, 25,    48,    44, 1.1098, 1.1204
M5,04/07/23,17:06:48,    18,  8744,   487, 1001.7, 300,22.2,25.6, 0.0,  0, 0.0000,     0,21.1,22.2, 8.9, 25,    49,    45, 1.1116, 1.1116
M5,04/07/23,17:06:49,    18,  8745,   488, 1001.7, 300,22.2,25.6, 0.0,  0, 0.0000,     0,21.1,22.2, 8.9, 25,    50,    46, 1.1139, 1.1044
M5,04/07/23,17:06:50,    18,  8746,   488, 1001.7, 300,22.2,25.6, 0.0,  0, 0.0000,     0,21.1,22.2, 8.9, 25,    51,    47, 1.1149, 1.1005
R5,04/07/23,17:06:50,    18,  8746,   488, 1001.7, 300,22.2,25.6, 0.0,  0, 0.0000,     0,21.1,22.2, 8.9, 25,    51,    47, 1.1149, 1.1005
End
Start
M5,04/07/23,17:07:35,    18,  8791,   435, 1001.7, 300,21.8,25.6, 0.0,  0, 0.0000,     0,21.1,21.9, 8.6, 20,     1,     1, 0.0000, 0.0000
M5,04/07/23,17:07:36,    18,  8792,   436, 1001.7, 299,21.8,25.6, 0.0,  0, 0.0000,     0,21.1,21.9, 8.6, 20,     3,     2, 0.0000, 0.0000
M5,04/07/23,17:07:37,    18,  8793,   437, 1001.7, 300,21.7,25.6, 0.0,  0, 0.0000,     0,21.1,21.9, 8.6, 20,     4,     3, 0.0000, 0.0000
M5,04/07/23,17:07:38,    18,  8794,   438, 1001.7, 300,21.7,25.6, 0.0,  0, 0.0000,     0,21.1,21.9, 8.6, 20,     5,     4, 0.0000, 0.0000
M5,04/07/23,17:07:39,    18,  8795,   439, 1001.7, 300,21.7,25.5, 0.0,  0, 0.0000,     0,21.1,22.0, 9.1, 20,     6,     5, 0.0000, 0.0000
M5,04/07/23,17:07:40,    18,  8796,   440, 1001.7, 300,21.7,25.5, 0.0,  0, 0.0000,     0,21.1,22.0, 9.1, 20,     7,     6, 0.0000, 0.0000
M5,04/07/23,17:07:41,    18,  8797,   441, 1001.7, 300,21.7,25.5, 0.0,  0, 0.0000,     0,21.1,22.0, 9.1, 20,     7,     7, 0.0000, 0.0000
M5,04/07/23,17:07:42,    18,  8798,   442, 1001.7, 300,21.7,25.5, 0.0,  0, 0.0000,     0,21.1,22.0, 9.1, 20,     8,     8, 0.0000, 0.0000
M5,04/07/23,17:07:43,    18,  8799,   442, 1001.7, 300,21.7,25.5, 0.0,  0, 0.0000,     0,21.1,22.0, 9.1, 20,     8,     9, 0.0000, 0.0000
M5,04/07/23,17:07:44,    18,  8800,   443, 1001.7, 300,21.7,25.5, 0.0,  0, 0.0000,     0,21.1,22.0, 9.1, 25,     9,    10, 0.0000, 0.0000
M5,04/07/23,17:07:45,    18,  8801,   444, 1001.7, 300,21.7,25.5, 0.0,  0, 0.0000,     0,21.1,22.0, 9.1, 25,    10,    11, 0.0000, 0.0000
M5,04/07/23,17:07:46,    18,  8802,   445, 1001.7, 300,21.7,25.5, 0.0,  0, 0.0000,     0,21.1,22.0, 9.1, 25,    11,    12, 0.0000, 0.0000
M5,04/07/23,17:07:47,    18,  8803,   445, 1001.7, 300,21.7,25.5, 0.0,  0, 0.0000,     0,21.1,22.0, 9.1, 25,    12,    13, 0.8791, 1.1637
M5,04/07/23,17:07:48,    18,  8804,   446, 1001.7, 300,21.7,25.5, 0.0,  0, 0.0000,     0,21.1,22.0, 9.1, 25,    12,    14, 0.8786, 0.9862
M5,04/07/23,17:07:49,    18,  8805,   447, 1001.7, 300,21.7,25.5, 0.0,  0, 0.0000,     0,21.1,22.0, 9.1, 25,    13,    15, 0.8899, 0.9055
M5,04/07/23,17:07:50,    18,  8806,   448, 1001.7, 299,21.7,25.5, 0.0,  0, 0.0000,     0,21.1,22.0, 8.6, 25,    14,    16, 0.8802, 0.9193
M5,04/07/23,17:07:51,    18,  8807,   449, 1001.7, 300,21.7,25.5, 0.0,  0, 0.0000,     0,21.1,22.0, 8.6, 25,    15,    17, 0.9005, 0.8588
M5,04/07/23,17:07:52,    18,  8808,   449, 1001.7, 300,21.7,25.5, 0.0,  0, 0.0000,     0,21.1,22.1, 8.6, 25,    16,    18, 0.9126, 0.8408
M5,04/07/23,17:07:53,    18,  8809,   450, 1001.7, 300,21.8,25.5, 0.0,  0, 0.0000,     0,21.1,22.1, 8.6, 25,    17,    19, 0.9333, 0.8134
M5,04/07/23,17:07:54,    18,  8810,   451, 1001.7, 300,21.8,25.5, 0.0,  0, 0.0000,     0,21.1,22.1, 8.6, 25,    17,    20, 0.9360, 0.8417
M5,04/07/23,17:07:55,    18,  8811,   452, 1001.7, 300,21.8,25.5, 0.0,  0, 0.0000,     0,21.1,22.1, 8.6, 25,    18,    21, 0.9384, 0.8606
M5,04/07/23,17:07:56,    18,  8812,   453, 1001.7, 300,21.8,25.5, 0.0,  0, 0.0000,     0,21.1,22.1, 8.6, 25,    19,    22, 0.9421, 0.8756
M5,04/07/23,17:07:57,    18,  8813,   454, 1001.7, 300,21.8,25.5, 0.0,  0, 0.0000,     0,21.1,22.1, 8.6, 25,    20,    23, 0.9439, 0.8854
M5,04/07/23,17:07:58,    18,  8814,   454, 1001.7, 300,21.9,25.5, 0.0,  0, 0.0000,     0,21.1,22.1, 8.6, 25,    21,    24, 0.9428, 0.9101
M5,04/07/23,17:07:59,    18,  8815,   455, 1001.7, 300,21.9,25.5, 0.0,  0, 0.0000,     0,21.1,22.1, 8.6, 25,    21,    25, 0.9409, 0.9214
M5,04/07/23,17:08:00,    18,  8816,   456, 1001.7, 300,21.9,25.5, 0.0,  0, 0.0000,     0,21.1,22.1, 8.6, 25,    22,    26, 0.9445, 0.9163
M5,04/07/23,17:08:01,    18,  8817,   457, 1001.7, 300,21.9,25.5, 0.0,  0, 0.0000,     0,21.1,22.1, 9.1, 25,    24,    27, 0.9500, 0.9023
M5,04/07/23,17:08:02,    18,  8818,   458, 1001.7, 300,21.9,25.5, 0.0,  0, 0.0000,     0,21.1,22.1, 9.1, 25,    25,    28, 0.9583, 0.8873
M5,04/07/23,17:08:03,    18,  8819,   459, 1001.7, 300,21.9,25.5, 0.0,  0, 0.0000,     0,21.1,22.1, 9.1, 25,    25,    29, 0.9636, 0.8812
M5,04/07/23,17:08:04,    18,  8820,   459, 1001.7, 300,21.9,25.5, 0.0,  0, 0.0000,     0,21.1,22.1, 9.1, 25,    26,    30, 0.9616, 0.9007
M5,04/07/23,17:08:05,    18,  8821,   460, 1001.7, 300,22.0,25.5, 0.0,  0, 0.0000,     0,21.1,22.1, 9.1, 25,    27,    31, 0.9616, 0.9157
M5,04/07/23,17:08:06,    18,  8822,   461, 1001.7, 300,22.0,25.5, 0.0,  0, 0.0000,     0,21.1,22.1, 9.1, 25,    28,    32, 0.9626, 0.9182
M5,04/07/23,17:08:07,    18,  8823,   462, 1001.7, 300,22.0,25.5, 0.0,  0, 0.0000,     0,21.1,22.2, 9.1, 25,    29,    33, 0.9659, 0.9149
M5,04/07/23,17:08:08,    18,  8824,   463, 1001.7, 300,22.0,25.5, 0.0,  0, 0.0000,     0,21.1,22.2, 9.1, 25,    30,    34, 0.9681, 0.9137
M5,04/07/23,17:08:09,    18,  8825,   464, 1001.7, 300,22.0,25.5, 0.0,  0, 0.0000,     0,21.1,22.1, 9.1, 25,    30,    35, 0.9690, 0.9210
M5,04/07/23,17:08:10,    18,  8826,   465, 1001.7, 300,22.0,25.5, 0.0,  0, 0.0000,     0,21.1,22.1, 9.1, 25,    31,    36, 0.9675, 0.9317
M5,04/07/23,17:08:11,    18,  8827,   465, 1001.7, 300,22.0,25.5, 0.0,  0, 0.0000,     0,21.1,22.1, 9.1, 25,    32,    37, 0.9649, 0.9445
M5,04/07/23,17:08:12,    18,  8828,   466, 1001.7, 300,22.1,25.5, 0.0,  0, 0.0000,     0,21.1,22.1, 9.1, 25,    32,    38, 0.9636, 0.9542
M5,04/07/23,17:08:13,    18,  8829,   467, 1001.7, 300,22.1,25.5, 0.0,  0, 0.0000,     0,21.1,22.1, 9.1, 25,    33,    39, 0.9607, 0.9645
M5,04/07/23,17:08:14,    18,  8830,   468, 1001.7, 300,22.1,25.5, 0.0,  0, 0.0000,     0,21.1,22.1, 9.1, 25,    34,    40, 0.9591, 0.9719
M5,04/07/23,17:08:15,    18,  8831,   468, 1001.7, 300,22.1,25.5, 0.0,  0, 0.0000,     0,21.1,22.1, 9.1, 25,    35,    41, 0.9572, 0.9759
M5,04/07/23,17:08:16,    18,  8832,   469, 1001.7, 300,22.2,25.5, 0.0,  0, 0.0000,     0,21.1,22.1, 9.1, 25,    36,    42, 0.9564, 0.9785
M5,04/07/23,17:08:17,    18,  8833,   470, 1001.7, 300,22.2,25.5, 0.0,  0, 0.0000,     0,21.1,22.1, 9.1, 25,    36,    43, 0.9543, 0.9826
M5,04/07/23,17:08:18,    18,  8834,   471, 1001.7, 300,22.2,25.5, 0.0,  0, 0.0000,     0,21.1,22.1, 9.1, 25,    37,    44, 0.9517, 0.9878
M5,04/07/23,17:08:19,    18,  8835,   472, 1001.7, 300,22.2,25.5, 0.0,  0, 0.0000,     0,21.1,22.1, 9.1, 25,    38,    45, 0.9500, 0.9910
M5,04/07/23,17:08:20,    18,  8836,   473, 1001.7, 300,22.2,25.5, 0.0,  0, 0.0000,     0,21.1,22.1, 9.1, 25,    39,    46, 0.9491, 0.9889
M5,04/07/23,17:08:21,    18,  8837,   474, 1001.7, 300,22.2,25.5, 0.0,  0, 0.0000,     0,21.1,22.1, 9.1, 25,    40,    47, 0.9494, 0.9832
M5,04/07/23,17:08:22,    18,  8838,   475, 1001.7, 300,22.2,25.5, 0.0,  0, 0.0000,     0,21.1,22.1, 9.1, 25,    41,    48, 0.9505, 0.9752
M5,04/07/23,17:08:23,    18,  8839,   475, 1001.7, 300,22.2,25.5, 0.0,  0, 0.0000,     0,21.1,22.1, 9.1, 25,    42,    49, 0.9523, 0.9691
M5,04/07/23,17:08:24,    18,  8840,   476, 1001.7, 300,22.2,25.5, 0.0,  0, 0.0000,     0,21.1,22.1, 9.1, 25,    42,    50, 0.9522, 0.9669
M5,04/07/23,17:08:25,    18,  8841,   477, 1001.7, 300,22.3,25.5, 0.0,  0, 0.0000,     0,21.1,22.1, 9.1, 25,    43,    51, 0.9515, 0.9699
M5,04/07/23,17:08:26,    18,  8842,   477, 1001.7, 299,22.3,25.5, 0.0,  0, 0.0000,     0,21.1,22.1, 9.1, 25,    44,    52, 0.9499, 0.9735
M5,04/07/23,17:08:27,    18,  8843,   478, 1001.7, 300,22.3,25.5, 0.0,  0, 0.0000,     0,21.1,22.1, 9.1, 25,    44,    53, 0.9480, 0.9777
M5,04/07/23,17:08:28,    18,  8844,   479, 1001.7, 300,22.3,25.5, 0.0,  0, 0.0000,     0,21.1,22.1, 9.1, 25,    45,    54, 0.9464, 0.9802
M5,04/07/23,17:08:29,    18,  8845,   480, 1001.7, 300,22.3,25.5, 0.0,  0, 0.0000,     0,21.1,22.1, 9.1, 25,    46,    55, 0.9446, 0.9834
M5,04/07/23,17:08:30,    18,  8846,   480, 1001.7, 300,22.3,25.5, 0.0,  0, 0.0000,     0,21.1,22.1, 9.1, 25,    47,    56, 0.9431, 0.9876
M5,04/07/23,17:08:31,    18,  8847,   481, 1001.7, 300,22.3,25.5, 0.0,  0, 0.0000,     0,21.1,22.1, 9.1, 25,    47,    57, 0.9408, 0.9914
M5,04/07/23,17:08:32,    18,  8848,   482, 1001.7, 300,22.4,25.5, 0.0,  0, 0.0000,     0,21.1,22.1, 9.1, 25,    48,    58, 0.9398, 0.9921
M5,04/07/23,17:08:33,    18,  8849,   483, 1001.7, 300,22.4,25.5, 0.0,  0, 0.0000,     0,21.1,22.1, 8.9, 25,    49,    59, 0.9387, 0.9914
M5,04/07/23,17:08:34,    18,  8850,   483, 1001.7, 300,22.4,25.5, 0.0,  0, 0.0000,     0,21.1,22.1, 8.9, 25,    50,    60, 0.9374, 0.9917
R5,04/07/23,17:08:34,    18,  8850,   483, 1001.7, 300,22.4,25.5, 0.0,  0, 0.0000,     0,21.1,22.1, 8.9, 25,    50,    60, 0.9374, 0.9917
End
Start
M5,04/07/23,17:09:24,    18,  8900,   420, 1001.7, 300,21.4,25.4, 0.0,  0, 0.0000,     0,21.1,21.7, 9.1, 20,     2,     1, 0.0000, 0.0000
M5,04/07/23,17:09:25,    18,  8901,   421, 1001.7, 300,21.3,25.4, 0.0,  0, 0.0000,     0,21.1,21.8, 9.1, 20,     3,     2, 0.0000, 0.0000
M5,04/07/23,17:09:26,    18,  8902,   422, 1001.7, 300,21.3,25.4, 0.0,  0, 0.0000,     0,21.1,21.8, 9.1, 20,     4,     3, 0.0000, 0.0000
M5,04/07/23,17:09:27,    18,  8903,   423, 1001.7, 300,21.3,25.4, 0.0,  0, 0.0000,     0,21.1,21.8, 9.1, 20,     5,     4, 0.0000, 0.0000
M5,04/07/23,17:09:28,    18,  8904,   423, 1001.7, 300,21.3,25.4, 0.0,  0, 0.0000,     0,21.1,21.8, 9.1, 20,     5,     5, 0.0000, 0.0000
M5,04/07/23,17:09:29,    18,  8905,   424, 1001.7, 300,21.3,25.4, 0.0,  0, 0.0000,     0,21.1,21.8, 9.1, 20,     6,     6, 0.0000, 0.0000
M5,04/07/23,17:09:30,    18,  8906,   425, 1001.7, 300,21.3,25.4, 0.0,  0, 0.0000,     0,21.1,21.8, 9.1, 20,     7,     7, 0.0000, 0.0000
M5,04/07/23,17:09:32,    18,  8907,   425, 1001.7, 300,21.3,25.4, 0.0,  0, 0.0000,     0,21.1,21.8, 9.1, 20,     7,     8, 0.0000, 0.0000
M5,04/07/23,17:09:33,    18,  8908,   426, 1001.7, 300,21.3,25.4, 0.0,  0, 0.0000,     0,21.1,21.8, 9.1, 20,     8,     9, 0.0000, 0.0000
M5,04/07/23,17:09:34,    18,  8909,   427, 1001.7, 300,21.3,25.4, 0.0,  0, 0.0000,     0,21.1,21.8, 9.1, 25,     9,    10, 0.0000, 0.0000
M5,04/07/23,17:09:35,    18,  8910,   428, 1001.7, 300,21.3,25.4, 0.0,  0, 0.0000,     0,21.1,21.9, 9.1, 25,    10,    11, 0.0000, 0.0000
M5,04/07/23,17:09:36,    18,  8911,   429, 1001.7, 300,21.3,25.4, 0.0,  0, 0.0000,     0,21.1,21.9, 9.1, 25,    11,    12, 0.0000, 0.0000
M5,04/07/23,17:09:37,    18,  8912,   430, 1001.7, 300,21.3,25.4, 0.0,  0, 0.0000,     0,21.1,21.9, 9.1, 25,    12,    13, 1.1319, 1.1307
M5,04/07/23,17:09:38,    18,  8913,   431, 1001.7, 300,21.3,25.4, 0.0,  0, 0.0000,     0,21.1,21.9, 8.9, 25,    13,    14, 1.0974, 1.2035
M5,04/07/23,17:09:39,    18,  8914,   431, 1001.7, 300,21.3,25.4, 0.0,  0, 0.0000,     0,21.1,21.9, 8.9, 25,    13,    15, 1.0373, 1.2711
M5,04/07/23,17:09:40,    18,  8915,   432, 1001.7, 300,21.4,25.4, 0.0,  0, 0.0000,     0,21.1,21.9, 8.9, 25,    14,    16, 0.9698, 1.3312
M5,04/07/23,17:09:41,    18,  8916,   432, 1001.7, 300,21.4,25.4, 0.0,  0, 0.0000,     0,21.1,21.9, 8.9, 25,    14,    17, 0.9218, 1.2964
M5,04/07/23,17:09:42,    18,  8917,   433, 1001.7, 300,21.4,25.4, 0.0,  0, 0.0000,     0,21.1,21.9, 8.9, 25,    15,    18, 0.9144, 1.1745
M5,04/07/23,17:09:43,    18,  8918,   434, 1001.7, 300,21.4,25.4, 0.0,  0, 0.0000,     0,21.1,21.9, 9.1, 25,    16,    19, 0.9222, 1.0605
M5,04/07/23,17:09:44,    18,  8919,   435, 1001.7, 300,21.4,25.4, 0.0,  0, 0.0000,     0,21.1,21.9, 9.1, 25,    17,    20, 0.9276, 0.9989
M5,04/07/23,17:09:45,    18,  8920,   436, 1001.7, 300,21.5,25.4, 0.0,  0, 0.0000,     0,21.1,21.9, 9.1, 25,    18,    21, 0.9328, 0.9697
M5,04/07/23,17:09:46,    18,  8921,   437, 1001.7, 300,21.5,25.4, 0.0,  0, 0.0000,     0,21.1,21.9, 9.1, 25,    19,    22, 0.9287, 0.9695
M5,04/07/23,17:09:47,    18,  8922,   438, 1001.7, 300,21.5,25.4, 0.0,  0, 0.0000,     0,21.1,21.9, 9.1, 25,    20,    23, 0.9389, 0.9313
M5,04/07/23,17:09:48,    18,  8923,   439, 1001.7, 300,21.5,25.4, 0.0,  0, 0.0000,     0,21.1,22.0, 8.9, 25,    21,    24, 0.9543, 0.8827
M5,04/07/23,17:09:49,    18,  8924,   440, 1001.7, 300,21.5,25.4, 0.0,  0, 0.0000,     0,21.1,22.0, 8.9, 25,    22,    25, 0.9704, 0.8529
M5,04/07/23,17:09:50,    18,  8925,   441, 1001.7, 300,21.5,25.4, 0.0,  0, 0.0000,     0,21.1,22.0, 8.9, 25,    23,    26, 0.9762, 0.8574
M5,04/07/23,17:09:51,    18,  8926,   441, 1001.7, 300,21.5,25.4, 0.0,  0, 0.0000,     0,21.1,22.0, 8.9, 25,    23,    27, 0.9731, 0.8894
M5,04/07/23,17:09:52,    18,  8927,   442, 1001.7, 300,21.6,25.4, 0.0,  0, 0.0000,     0,21.1,22.0, 8.9, 25,    24,    28, 0.9663, 0.9335
M5,04/07/23,17:09:53,    18,  8928,   442, 1001.7, 300,21.6,25.4, 0.0,  0, 0.0000,     0,21.1,22.0, 8.9, 25,    24,    29, 0.9599, 0.9590
M5,04/07/23,17:09:54,    18,  8929,   443, 1001.7, 300,21.6,25.4, 0.0,  0, 0.0000,     0,21.1,22.0, 8.9, 25,    25,    30, 0.9584, 0.9663
M5,04/07/23,17:09:55,    18,  8930,   444, 1001.7, 300,21.6,25.4, 0.0,  0, 0.0000,     0,21.1,22.0, 8.9, 25,    26,    31, 0.9565, 0.9694
M5,04/07/23,17:09:56,    18,  8931,   445, 1001.7, 300,21.7,25.4, 0.0,  0, 0.0000,     0,21.1,22.0, 8.9, 25,    27,    32, 0.9559, 0.9714
M5,04/07/23,17:09:57,    18,  8932,   446, 1001.7, 300,21.7,25.4, 0.0,  0, 0.0000,     0,21.1,22.0, 8.9, 25,    28,    33, 0.9568, 0.9642
M5,04/07/23,17:09:58,    18,  8933,   447, 1001.7, 300,21.7,25.4, 0.0,  0, 0.0000,     0,21.1,22.0, 8.9, 25,    29,    34, 0.9585, 0.9602
M5,04/07/23,17:09:59,    18,  8934,   448, 1001.7, 300,21.7,25.4, 0.0,  0, 0.0000,     0,21.1,22.0, 8.9, 25,    30,    35, 0.9590, 0.9566
M5,04/07/23,17:10:00,    18,  8935,   449, 1001.7, 300,21.7,25.4, 0.0,  0, 0.0000,     0,21.1,22.0, 8.9, 25,    31,    36, 0.9594, 0.9540
M5,04/07/23,17:10:01,    18,  8936,   449, 1001.7, 300,21.8,25.4, 0.0,  0, 0.0000,     0,21.1,22.0, 8.9, 25,    32,    37, 0.9605, 0.9530
M5,04/07/23,17:10:02,    18,  8937,   450, 1001.7, 300,21.8,25.4, 0.0,  0, 0.0000,     0,21.1,22.0, 8.9, 25,    32,    38, 0.9607, 0.9518
M5,04/07/23,17:10:03,    18,  8938,   451, 1001.7, 300,21.8,25.4, 0.0,  0, 0.0000,     0,21.1,22.0, 8.9, 25,    33,    39, 0.9589, 0.9601
M5,04/07/23,17:10:04,    18,  8939,   452, 1001.7, 300,21.8,25.4, 0.0,  0, 0.0000,     0,20.9,22.0, 8.9, 25,    34,    40, 0.9570, 0.9653
M5,04/07/23,17:10:05,    18,  8940,   452, 1001.7, 300,21.8,25.4, 0.0,  0, 0.0000,     0,20.9,22.0, 8.9, 25,    34,    41, 0.9546, 0.9751
M5,04/07/23,17:10:06,    18,  8941,   453, 1001.7, 300,21.8,25.4, 0.0,  0, 0.0000,     0,20.9,22.0, 8.9, 25,    35,    42, 0.9521, 0.9808
M5,04/07/23,17:10:07,    18,  8942,   454, 1001.7, 300,21.8,25.4, 0.0,  0, 0.0000,     0,20.9,22.0, 8.9, 25,    36,    43, 0.9509, 0.9805
M5,04/07/23,17:10:08,    18,  8943,   455, 1001.7, 300,21.9,25.4, 0.0,  0, 0.0000,     0,20.9,22.1, 8.9, 25,    37,    44, 0.9497, 0.9832
M5,04/07/23,17:10:09,    18,  8944,   455, 1001.7, 300,21.9,25.4, 0.0,  0, 0.0000,     0,20.9,22.1, 8.9, 25,    37,    45, 0.9465, 0.9901
M5,04/07/23,17:10:10,    18,  8945,   456, 1001.7, 300,21.9,25.4, 0.0,  0, 0.0000,     0,20.9,22.1, 8.9, 25,    38,    46, 0.9437, 0.9978
M5,04/07/23,17:10:11,    18,  8946,   457, 1001.7, 300,21.9,25.4, 0.0,  0, 0.0000,     0,20.9,22.1, 8.9, 25,    39,    47, 0.9401, 1.0045
M5,04/07/23,17:10:12,    18,  8947,   457, 1001.7, 300,22.0,25.4, 0.0,  0, 0.0000,     0,20.9,22.1, 8.9, 25,    39,    48, 0.9376, 1.0087
M5,04/07/23,17:10:13,    18,  8948,   459, 1001.7, 300,22.0,25.4, 0.0,  0, 0.0000,     0,20.9,22.1, 8.9, 25,    41,    49, 0.9365, 1.0048
M5,04/07/23,17:10:14,    18,  8949,   460, 1001.7, 300,22.0,25.4, 0.0,  0, 0.0000,     0,20.9,22.1, 8.9, 25,    42,    50, 0.9357, 1.0004
M5,04/07/23,17:10:15,    18,  8950,   461, 1001.7, 300,22.0,25.4, 0.0,  0, 0.0000,     0,20.9,22.1, 8.9, 25,    43,    51, 0.9359, 0.9937
M5,04/07/23,17:10:16,    18,  8951,   461, 1001.7, 300,22.0,25.4, 0.0,  0, 0.0000,     0,20.9,22.1, 8.9, 25,    43,    52, 0.9360, 0.9872
M5,04/07/23,17:10:17,    18,  8952,   462, 1001.7, 300,22.0,25.4, 0.0,  0, 0.0000,     0,20.9,22.1, 8.9, 25,    44,    53, 0.9367, 0.9816
M5,04/07/23,17:10:18,    18,  8953,   463, 1001.7, 300,22.0,25.4, 0.0,  0, 0.0000,     0,20.9,22.1, 8.9, 25,    45,    54, 0.9370, 0.9759
M5,04/07/23,17:10:19,    18,  8954,   464, 1001.7, 300,22.1,25.4, 0.0,  0, 0.0000,     0,20.9,22.0, 8.9, 25,    46,    55, 0.9371, 0.9729
M5,04/07/23,17:10:20,    18,  8955,   464, 1001.7, 300,22.1,25.4, 0.0,  0, 0.0000,     0,21.1,22.0, 8.9, 25,    46,    56, 0.9364, 0.9714
M5,04/07/23,17:10:21,    18,  8956,   465, 1001.7, 300,22.1,25.4, 0.0,  0, 0.0000,     0,21.1,22.0, 8.9, 25,    47,    57, 0.9360, 0.9718
M5,04/07/23,17:10:22,    18,  8957,   466, 1001.7, 300,22.1,25.4, 0.0,  0, 0.0000,     0,21.1,22.0, 8.9, 25,    48,    58, 0.9352, 0.9710
M5,04/07/23,17:10:23,    18,  8958,   467, 1001.7, 300,22.1,25.4, 0.0,  0, 0.0000,     0,21.1,22.0, 8.9, 25,    49,    59, 0.9341, 0.9713
M5,04/07/23,17:10:24,    18,  8959,   467, 1001.7, 300,22.1,25.4, 0.0,  0, 0.0000,     0,21.1,22.0, 8.9, 25,    49,    60, 0.9332, 0.9727
R5,04/07/23,17:10:24,    18,  8959,   467, 1001.7, 300,22.1,25.4, 0.0,  0, 0.0000,     0,21.1,22.0, 8.9, 25,    49,    60, 0.9332, 0.9727
End
