Tag(M3),Date,Time,Plot_No,Rec_No,CO2,Pressure,Flow,H2O,Tsen,O2,Error,Aux_V,PAR,Tsoil,Tair,Msoil
Start
M5,25/07/23,15:28:18,     8,  3413,   410,  998.9, 300,22.3,26.9, 0.0,  0, 0.0000,     0,22.6,24.1,15.9, 20,     0,     1, 0.0000, 0.0000
M5,25/07/23,15:28:19,     8,  3414,   411,  998.9, 300,22.3,26.9, 0.0,  0, 0.0000,     0,22.4,24.2,16.2, 20,     1,     2, 0.0000, 0.0000
M5,25/07/23,15:28:20,     8,  3415,   411,  998.9, 300,22.3,26.9, 0.0,  0, 0.0000,     0,22.4,24.2,16.2, 20,     1,     3, 0.0000, 0.0000
M5,25/07/23,15:28:21,     8,  3416,   411,  998.9, 300,22.3,26.9, 0.0,  0, 0.0000,     0,22.4,24.2,16.2, 20,     2,     4, 0.0000, 0.0000
M5,25/07/23,15:28:22,     8,  3417,   412,  998.9, 300,22.3,26.9, 0.0,  0, 0.0000,     0,22.4,24.2,16.2, 20,     2,     5, 0.0000, 0.0000
M5,25/07/23,15:28:23,     8,  3418,   413,  998.9, 300,22.3,26.8, 0.0,  0, 0.0000,     0,22.4,24.2,16.2, 20,     3,     6, 0.0000, 0.0000
M5,25/07/23,15:28:24,     8,  3419,   413,  998.9, 300,22.3,26.8, 0.0,  0, 0.0000,     0,22.4,24.2,16.2, 20,     3,     7, 0.0000, 0.0000
M5,25/07/23,15:28:25,     8,  3420,   414,  998.9, 300,22.3,26.8, 0.0,  0, 0.0000,     0,22.4,24.3,16.2, 20,     4,     8, 0.0000, 0.0000
M5,25/07/23,15:28:26,     8,  3421,   414,  998.9, 300,22.3,26.8, 0.0,  0, 0.0000,     0,22.4,24.3,16.2, 20,     4,     9, 0.0000, 0.0000
M5,25/07/23,15:28:27,     8,  3422,   414,  998.9, 300,22.4,26.8, 0.0,  0, 0.0000,     0,22.4,24.3,16.2, 25,     5,    10, 0.0000, 0.0000
M5,25/07/23,15:28:28,     8,  3423,   415,  998.9, 300,22.4,26.8, 0.0,  0, 0.0000,     0,22.4,24.3,16.2, 25,     5,    11, 0.0000, 0.0000
M5,25/07/23,15:28:29,     8,  3424,   415,  998.9, 300,22.4,26.8, 0.0,  0, 0.0000,     0,22.4,24.3,16.2, 25,     5,    12, 0.0000, 0.0000
M5,25/07/23,15:28:30,     8,  3425,   416,  998.9, 300,22.5,26.9, 0.0, 21, 0.0000,     0,22.4,24.3,16.4, 25,     6,    13, 0.4543, 0.3105
M5,25/07/23,15:28:31,     8,  3426,   416,  998.9, 300,22.5,26.9, 0.0,  0, 0.0000,     0,22.4,24.3,16.4, 25,     6,    14, 0.4124, 0.4665
M5,25/07/23,15:28:32,     8,  3427,   416,  998.9, 300,22.5,26.8, 0.0,  0, 0.0000,     0,22.4,24.4,16.4, 25,     6,    15, 0.3730, 0.5262
M5,25/07/23,15:28:33,     8,  3428,   416,  998.9, 300,22.5,26.8, 0.0,  0, 0.0000,     0,22.4,24.4,16.4, 25,     6,    16, 0.3382, 0.5289
M5,25/07/23,15:28:34,     8,  3429,   417,  998.9, 300,22.6,26.8, 0.0,  0, 0.0000,     0,22.4,24.4,16.4, 25,     7,    17, 0.3489, 0.4362
M5,25/07/23,15:28:35,     8,  3430,   418,  998.9, 300,22.6,26.8, 0.0, 21, 0.0000,     0,22.4,24.4,16.2, 25,     8,    18, 0.4052, 0.2480
M5,25/07/23,15:28:36,     8,  3431,   419,  998.9, 300,22.7,26.8, 0.0, 21, 0.0000,     0,22.4,24.4,16.2, 25,     9,    19, 0.4769, 0.1082
M5,25/07/23,15:28:37,     8,  3432,   419,  998.9, 300,22.7,26.8, 0.0, 21, 0.0000,     0,22.4,24.4,16.2, 25,     9,    20, 0.5366, 0.0495
M5,25/07/23,15:28:38,     8,  3433,   420,  998.9, 300,22.7,26.8, 0.0, 21, 0.0000,     0,22.4,24.4,16.2, 25,    10,    21, 0.5948, 0.0174
M5,25/07/23,15:28:39,     8,  3434,   421,  998.9, 300,22.7,26.8, 0.0, 21, 0.0000,     0,22.4,24.4,16.2, 25,    11,    22, 0.6316, 0.0694
M5,25/07/23,15:28:40,     8,  3435,   421,  998.9, 300,22.7,26.8, 0.0, 21, 0.0000,     0,22.4,24.4,16.2, 25,    11,    23, 0.6408, 0.1808
M5,25/07/23,15:28:41,     8,  3436,   421,  998.9, 300,22.8,26.8, 0.0, 21, 0.0000,     0,22.4,24.4,16.1, 25,    11,    24, 0.6430, 0.2927
M5,25/07/23,15:28:42,     8,  3437,   422,  998.9, 300,22.8,26.8, 0.0, 21, 0.0000,     0,22.4,24.4,16.1, 25,    12,    25, 0.6410, 0.3744
M5,25/07/23,15:28:43,     8,  3438,   422,  998.9, 300,22.8,26.8, 0.0, 21, 0.0000,     0,22.4,24.4,16.1, 25,    12,    26, 0.6400, 0.4380
M5,25/07/23,15:28:44,     8,  3439,   423,  998.9, 300,22.8,26.8, 0.0,  0, 0.0000,     0,22.4,24.4,16.1, 25,    13,    27, 0.6371, 0.4852
M5,25/07/23,15:28:45,     8,  3440,   423,  998.9, 300,22.8,26.8, 0.0,  0, 0.0000,     0,22.4,24.4,16.1, 25,    13,    28, 0.6350, 0.5184
M5,25/07/23,15:28:46,     8,  3441,   424,  998.9, 300,22.9,26.8, 0.0,  0, 0.0000,     0,22.4,24.4,16.1, 25,    14,    29, 0.6345, 0.5467
M5,25/07/23,15:28:47,     8,  3442,   424,  998.9, 300,22.9,26.8, 0.0,  0, 0.0000,     0,22.4,24.4,16.1, 25,    14,    30, 0.6270, 0.5843
M5,25/07/23,15:28:48,     8,  3443,   424,  998.9, 300,23.0,26.8, 0.0,  0, 0.0000,     0,22.4,24.5,16.1, 25,    15,    31, 0.6221, 0.6109
M5,25/07/23,15:28:49,     8,  3444,   425,  998.9, 300,23.0,26.8, 0.0,  0, 0.0000,     0,22.4,24.5,16.1, 25,    15,    32, 0.6168, 0.6282
M5,25/07/23,15:28:50,     8,  3445,   425,  998.9, 300,23.0,26.8, 0.0,  0, 0.0000,     0,22.4,24.5,16.1, 25,    16,    33, 0.6130, 0.6399
M5,25/07/23,15:28:51,     8,  3446,   426,  998.9, 300,23.0,26.8, 0.0,  0, 0.0000,     0,22.4,24.5,16.1, 25,    16,    34, 0.6110, 0.6404
M5,25/07/23,15:28:52,     8,  3447,   427,  998.9, 300,23.0,26.8, 0.0,  0, 0.0000,     0,22.4,24.5,16.1, 25,    17,    35, 0.6092, 0.6403
M5,25/07/23,15:28:53,     8,  3448,   427,  998.9, 300,23.0,26.8, 0.0,  0, 0.0000,     0,22.4,24.5,16.1, 25,    17,    36, 0.6053, 0.6512
M5,25/07/23,15:28:54,     8,  3449,   427,  998.9, 300,23.0,26.8, 0.0,  0, 0.0000,     0,22.4,24.5,16.1, 25,    17,    37, 0.5999, 0.6619
M5,25/07/23,15:28:55,     8,  3450,   428,  998.9, 300,23.1,26.8, 0.0,  0, 0.0000,     0,22.4,24.5,16.1, 25,    18,    38, 0.5964, 0.6687
M5,25/07/23,15:28:56,     8,  3451,   428,  998.9, 300,23.1,26.8, 0.0,  0, 0.0000,     0,22.4,24.5,16.1, 25,    18,    39, 0.5926, 0.6710
M5,25/07/23,15:28:57,     8,  3452,   429,  998.9, 300,23.1,26.8, 0.0,  0, 0.0000,     0,22.4,24.5,16.1, 25,    19,    40, 0.5902, 0.6715
M5,25/07/23,15:28:58,     8,  3453,   429,  998.9, 300,23.1,26.8, 0.0,  0, 0.0000,     0,22.4,24.5,16.1, 25,    19,    41, 0.5876, 0.6696
M5,25/07/23,15:28:59,     8,  3454,   430,  998.9, 300,23.2,26.8, 0.0,  0, 0.0000,     0,22.4,24.5,16.1, 25,    20,    42, 0.5861, 0.6671
M5,25/07/23,15:29:00,     8,  3455,   430,  998.9, 300,23.2,26.8, 0.0,  0, 0.0000,     0,22.4,24.5,16.1, 25,    20,    43, 0.5861, 0.6561
M5,25/07/23,15:29:01,     8,  3456,   431,  998.9, 300,23.2,26.8, 0.0,  0, 0.0000,     0,22.4,24.5,16.1, 25,    21,    44, 0.5871, 0.6435
M5,25/07/23,15:29:02,     8,  3457,   431,  998.9, 300,23.2,26.8, 0.0,  0, 0.0000,     0,22.4,24.5,16.1, 25,    21,    45, 0.5876, 0.6369
M5,25/07/23,15:29:03,     8,  3458,   432,  998.9, 300,23.2,26.8, 0.0,  0, 0.0000,     0,22.4,24.5,16.1, 25,    22,    46, 0.5875, 0.6307
M5,25/07/23,15:29:04,     8,  3459,   433,  998.9, 300,23.2,26.8, 0.0,  0, 0.0000,     0,22.4,24.5,16.1, 25,    23,    47, 0.5888, 0.6231
M5,25/07/23,15:29:05,     8,  3460,   433,  998.9, 300,23.2,26.8, 0.0,  0, 0.0000,     0,22.4,24.5,16.1, 25,    23,    48, 0.5897, 0.6152
M5,25/07/23,15:29:06,     8,  3461,   433,  998.9, 300,23.3,26.8, 0.0,  0, 0.0000,     0,22.4,24.5,16.1, 25,    24,    49, 0.5900, 0.6116
M5,25/07/23,15:29:07,     8,  3462,   434,  998.9, 300,23.3,26.8, 0.0,  0, 0.0000,     0,22.4,24.5,16.1, 25,    24,    50, 0.5900, 0.6083
M5,25/07/23,15:29:08,     8,  3463,   434,  998.9, 300,23.3,26.8, 0.0,  0, 0.0000,     0,22.4,24.5,16.1, 25,    24,    51, 0.5886, 0.6102
M5,25/07/23,15:29:09,     8,  3464,   434,  998.9, 300,23.3,26.8, 0.0,  0, 0.0000,     0,22.4,24.5,16.1, 25,    25,    52, 0.5874, 0.6141
M5,25/07/23,15:29:10,     8,  3465,   435,  998.9, 300,23.3,26.8, 0.0,  0, 0.0000,     0,22.4,24.5,16.1, 25,    25,    53, 0.5859, 0.6163
M5,25/07/23,15:29:11,     8,  3466,   435,  998.9, 300,23.3,26.8, 0.0,  0, 0.0000,     0,22.4,24.5,16.1, 25,    26,    54, 0.5849, 0.6180
M5,25/07/23,15:29:12,     8,  3467,   436,  998.9, 300,23.3,26.8, 0.0,  0, 0.0000,     0,22.4,24.5,16.1, 25,    26,    55, 0.5832, 0.6205
M5,25/07/23,15:29:13,     8,  3468,   436,  998.9, 300,23.3,26.8, 0.0,  0, 0.0000,     0,22.4,24.5,16.1, 25,    26,    56, 0.5817, 0.6220
M5,25/07/23,15:29:14,     8,  3469,   437,  998.9, 300,23.3,26.8, 0.0,  0, 0.0000,     0,22.4,24.5,16.1, 25,    27,    57, 0.5809, 0.6208
M5,25/07/23,15:29:15,     8,  3470,   437,  998.9, 300,23.3,26.8, 0.0,  0, 0.0000,     0,22.4,24.5,16.1, 25,    27,    58, 0.5797, 0.6211
M5,25/07/23,15:29:16,     8,  3471,   438,  998.9, 300,23.4,26.8, 0.0,  0, 0.0000,     0,22.4,24.5,16.1, 25,    28,    59, 0.5790, 0.6211
M5,25/07/23,15:29:17,     8,  3472,   438,  998.9, 300,23.4,26.8, 0.0,  0, 0.0000,     0,22.4,24.5,16.1, 25,    28,    60, 0.5786, 0.6187
R5,25/07/23,15:29:17,     8,  3472,   438,  998.9, 300,23.4,26.8, 0.0,  0, 0.0000,     0,22.4,24.5,16.1, 25,    28,    60, 0.5786, 0.6187
End
Start
M5,25/07/23,15:30:04,     8,  3519,   419,  998.9, 300,22.3,26.7, 0.0,  0, 0.0000,     0,22.4,23.9,16.4, 20,     1,     1, 0.0000, 0.0000
M5,25/07/23,15:30:05,     8,  3520,   419,  998.9, 300,22.3,26.7, 0.0,  0, 0.0000,     0,22.4,23.9,16.4, 20,     1,     2, 0.0000, 0.0000
M5,25/07/23,15:30:06,     8,  3521,   420,  998.9, 300,22.3,26.7, 0.0,  0, 0.0000,     0,22.4,23.9,16.2, 20,     1,     3, 0.0000, 0.0000
M5,25/07/23,15:30:08,     8,  3522,   420,  998.9, 300,22.3,26.7, 0.0,  0, 0.0000,     0,22.4,24.0,16.2, 20,     2,     4, 0.0000, 0.0000
M5,25/07/23,15:30:09,     8,  3523,   421,  998.9, 300,22.3,26.7, 0.0,  0, 0.0000,     0,22.4,24.0,16.2, 20,     3,     5, 0.0000, 0.0000
M5,25/07/23,15:30:10,     8,  3524,   421,  998.9, 300,22.3,26.7, 0.0,  0, 0.0000,     0,22.4,24.0,16.2, 20,     3,     6, 0.0000, 0.0000
M5,25/07/23,15:30:11,     8,  3525,   422,  998.9, 300,22.3,26.7, 0.0,  0, 0.0000,     0,22.4,24.0,16.2, 20,     4,     7, 0.0000, 0.0000
M5,25/07/23,15:30:12,     8,  3526,   423,  998.9, 300,22.4,26.7, 0.0,  0, 0.0000,     0,22.4,24.0,16.2, 20,     4,     8, 0.0000, 0.0000
M5,25/07/23,15:30:13,     8,  3527,   423,  998.9, 300,22.4,26.7, 0.0,  0, 0.0000,     0,22.4,24.1,16.2, 20,     5,     9, 0.0000, 0.0000
M5,25/07/23,15:30:14,     8,  3528,   424,  998.9, 300,22.4,26.7, 0.0,  0, 0.0000,     0,22.4,24.1,16.2, 25,     5,    10, 0.0000, 0.0000
M5,25/07/23,15:30:15,     8,  3529,   424,  998.9, 300,22.4,26.7, 0.0,  0, 0.0000,     0,22.4,24.1,16.2, 25,     6,    11, 0.0000, 0.0000
M5,25/07/23,15:30:16,     8,  3530,   424,  998.9, 300,22.4,26.6, 0.0,  0, 0.0000,     0,22.4,24.1,16.2, 25,     6,    12, 0.0000, 0.0000
M5,25/07/23,15:30:17,     8,  3531,   425,  998.9, 300,22.4,26.6, 0.0,  0, 0.0000,     0,22.4,24.1,16.2, 25,     7,    13, 0.5220, 0.3775
M5,25/07/23,15:30:18,     8,  3532,   426,  998.9, 300,22.4,26.6, 0.0, 21, 0.0000,     0,22.4,24.2,16.2, 25,     7,    14, 0.5792, 0.3590
M5,25/07/23,15:30:19,     8,  3533,   426,  998.9, 300,22.5,26.6, 0.0, 21, 0.0000,     0,22.4,24.2,16.2, 25,     8,    15, 0.6285, 0.3872
M5,25/07/23,15:30:20,     8,  3534,   427,  998.9, 300,22.5,26.6, 0.0,  0, 0.0000,     0,22.4,24.2,16.2, 25,     9,    16, 0.6385, 0.4727
M5,25/07/23,15:30:21,     8,  3535,   427,  998.9, 300,22.5,26.6, 0.0,  0, 0.0000,     0,22.4,24.2,16.2, 25,     9,    17, 0.6256, 0.5848
M5,25/07/23,15:30:22,     8,  3536,   428,  998.9, 300,22.5,26.6, 0.0,  0, 0.0000,     0,22.4,24.2,16.2, 25,     9,    18, 0.6144, 0.6254
M5,25/07/23,15:30:23,     8,  3537,   428,  998.9, 300,22.6,26.6, 0.0,  0, 0.0000,     0,22.4,24.2,16.2, 25,    10,    19, 0.5993, 0.6707
M5,25/07/23,15:30:24,     8,  3538,   428,  998.9, 300,22.6,26.6, 0.0,  0, 0.0000,     0,22.4,24.2,16.2, 25,    10,    20, 0.5798, 0.7000
M5,25/07/23,15:30:25,     8,  3539,   428,  998.9, 300,22.6,26.6, 0.0,  0, 0.0000,     0,22.4,24.2,16.2, 25,    10,    21, 0.5537, 0.7380
M5,25/07/23,15:30:26,     8,  3540,   428,  998.9, 300,22.6,26.6, 0.0,  0, 0.0000,     0,22.4,24.3,16.2, 25,    10,    22, 0.5257, 0.7777
M5,25/07/23,15:30:27,     8,  3541,   429,  998.9, 300,22.6,26.6, 0.0,  0, 0.0000,     0,22.4,24.3,16.2, 25,    11,    23, 0.5027, 0.7808
M5,25/07/23,15:30:28,     8,  3542,   429,  998.9, 300,22.7,26.6, 0.0,  0, 0.0000,     0,22.4,24.3,16.2, 25,    11,    24, 0.4871, 0.7692
M5,25/07/23,15:30:29,     8,  3543,   429,  998.9, 300,22.7,26.6, 0.0,  0, 0.0000,     0,22.4,24.3,16.2, 25,    11,    25, 0.4729, 0.7474
M5,25/07/23,15:30:30,     8,  3544,   430,  998.9, 300,22.7,26.6, 0.0,  0, 0.0000,     0,22.4,24.3,16.2, 25,    12,    26, 0.4630, 0.7239
M5,25/07/23,15:30:31,     8,  3545,   430,  998.9, 300,22.7,26.6, 0.0,  0, 0.0000,     0,22.4,24.3,16.2, 25,    12,    27, 0.4604, 0.6765
M5,25/07/23,15:30:32,     8,  3546,   431,  998.9, 300,22.8,26.6, 0.0,  0, 0.0000,     0,22.4,24.3,16.2, 25,    13,    28, 0.4624, 0.6339
M5,25/07/23,15:30:33,     8,  3547,   431,  998.9, 300,22.8,26.6, 0.0,  0, 0.0000,     0,22.4,24.3,16.2, 25,    13,    29, 0.4641, 0.5939
M5,25/07/23,15:30:34,     8,  3548,   432,  998.9, 300,22.8,26.6, 0.0,  0, 0.0000,     0,22.4,24.3,16.2, 25,    14,    30, 0.4670, 0.5592
M5,25/07/23,15:30:35,     8,  3549,   432,  998.9, 300,22.8,26.6, 0.0,  0, 0.0000,     0,22.4,24.3,16.2, 25,    14,    31, 0.4669, 0.5461
M5,25/07/23,15:30:36,     8,  3550,   432,  998.9, 300,22.8,26.6, 0.0,  0, 0.0000,     0,22.4,24.3,16.2, 25,    14,    32, 0.4631, 0.5441
M5,25/07/23,15:30:37,     8,  3551,   433,  998.9, 300,22.9,26.6, 0.0,  0, 0.0000,     0,22.4,24.3,16.2, 25,    15,    33, 0.4626, 0.5366
M5,25/07/23,15:30:38,     8,  3552,   433,  998.9, 300,22.9,26.6, 0.0,  0, 0.0000,     0,22.4,24.3,16.2, 25,    15,    34, 0.4606, 0.5305
M5,25/07/23,15:30:39,     8,  3553,   433,  998.9, 300,22.9,26.6, 0.0,  0, 0.0000,     0,22.4,24.3,16.2, 25,    15,    35, 0.4576, 0.5323
M5,25/07/23,15:30:40,     8,  3554,   434,  998.9, 300,22.9,26.6, 0.0,  0, 0.0000,     0,22.4,24.3,16.2, 25,    16,    36, 0.4556, 0.5270
M5,25/07/23,15:30:41,     8,  3555,   434,  998.9, 300,22.9,26.6, 0.0,  0, 0.0000,     0,22.4,24.3,16.2, 25,    16,    37, 0.4550, 0.5179
M5,25/07/23,15:30:42,     8,  3556,   434,  998.9, 300,23.0,26.6, 0.0,  0, 0.0000,     0,22.4,24.3,16.2, 25,    16,    38, 0.4537, 0.5172
M5,25/07/23,15:30:43,     8,  3557,   435,  998.9, 300,23.0,26.6, 0.0,  0, 0.0000,     0,22.4,24.3,16.2, 25,    17,    39, 0.4515, 0.5156
M5,25/07/23,15:30:44,     8,  3558,   435,  998.9, 300,23.0,26.6, 0.0,  0, 0.0000,     0,22.4,24.3,16.2, 25,    17,    40, 0.4508, 0.5105
M5,25/07/23,15:30:45,     8,  3559,   436,  998.9, 300,23.0,26.6, 0.0,  0, 0.0000,     0,22.4,24.3,16.2, 25,    17,    41, 0.4496, 0.5062
M5,25/07/23,15:30:46,     8,  3560,   436,  998.9, 300,23.1,26.6, 0.0,  0, 0.0000,     0,22.4,24.3,16.2, 25,    18,    42, 0.4486, 0.5060
M5,25/07/23,15:30:47,     8,  3561,   436,  998.9, 300,23.1,26.6, 0.0,  0, 0.0000,     0,22.4,24.3,16.2, 25,    18,    43, 0.4467, 0.5049
M5,25/07/23,15:30:48,     8,  3562,   436,  998.9, 300,23.1,26.6, 0.0,  0, 0.0000,     0,22.4,24.3,16.2, 25,    18,    44, 0.4448, 0.5040
M5,25/07/23,15:30:49,     8,  3563,   437,  998.9, 300,23.1,26.6, 0.0,  0, 0.0000,     0,22.4,24.3,16.2, 25,    19,    45, 0.4453, 0.4974
M5,25/07/23,15:30:50,     8,  3564,   438,  998.9, 300,23.1,26.6, 0.0,  0, 0.0000,     0,22.4,24.4,16.2, 25,    20,    46, 0.4467, 0.4859
M5,25/07/23,15:30:51,     8,  3565,   438,  998.9, 300,23.1,26.6, 0.0,  0, 0.0000,     0,22.4,24.4,16.2, 25,    20,    47, 0.4494, 0.4717
M5,25/07/23,15:30:52,     8,  3566,   439,  998.9, 300,23.1,26.6, 0.0,  0, 0.0000,     0,22.4,24.4,16.2, 25,    21,    48, 0.4529, 0.4558
M5,25/07/23,15:30:53,     8,  3567,   440,  998.9, 300,23.1,26.5, 0.0,  0, 0.0000,     0,22.4,24.4,16.2, 25,    22,    49, 0.4574, 0.4397
M5,25/07/23,15:30:54,     8,  3568,   440,  998.9, 300,23.1,26.5, 0.0,  0, 0.0000,     0,22.4,24.4,16.2, 25,    22,    50, 0.4615, 0.4255
M5,25/07/23,15:30:55,     8,  3569,   441,  998.9, 300,23.2,26.5, 0.0,  0, 0.0000,     0,22.4,24.4,16.2, 25,    22,    51, 0.4653, 0.4162
M5,25/07/23,15:30:56,     8,  3570,   441,  998.9, 300,23.2,26.5, 0.0,  0, 0.0000,     0,22.4,24.4,16.2, 25,    23,    52, 0.4679, 0.4100
M5,25/07/23,15:30:57,     8,  3571,   441,  998.9, 300,23.2,26.5, 0.0,  0, 0.0000,     0,22.4,24.4,16.2, 25,    23,    53, 0.4699, 0.4065
M5,25/07/23,15:30:58,     8,  3572,   441,  998.9, 300,23.2,26.5, 0.0,  0, 0.0000,     0,22.4,24.4,16.2, 25,    23,    54, 0.4713, 0.4076
M5,25/07/23,15:30:59,     8,  3573,   442,  998.9, 300,23.2,26.5, 0.0,  0, 0.0000,     0,22.4,24.4,16.2, 25,    24,    55, 0.4719, 0.4096
M5,25/07/23,15:31:00,     8,  3574,   442,  998.9, 300,23.3,26.5, 0.0,  0, 0.0000,     0,22.4,24.4,16.2, 25,    24,    56, 0.4733, 0.4110
M5,25/07/23,15:31:01,     8,  3575,   443,  998.9, 300,23.3,26.5, 0.0,  0, 0.0000,     0,22.4,24.4,16.2, 25,    25,    57, 0.4754, 0.4075
M5,25/07/23,15:31:02,     8,  3576,   444,  998.9, 300,23.2,26.5, 0.0,  0, 0.0000,     0,22.4,24.4,16.2, 25,    25,    58, 0.4774, 0.4041
M5,25/07/23,15:31:03,     8,  3577,   444,  998.9, 300,23.2,26.5, 0.0,  0, 0.0000,     0,22.4,24.4,16.2, 25,    26,    59, 0.4800, 0.3993
M5,25/07/23,15:31:04,     8,  3578,   445,  998.9, 300,23.2,26.5, 0.0,  0, 0.0000,     0,22.4,24.4,16.2, 25,    27,    60, 0.4825, 0.3952
R5,25/07/23,15:31:04,     8,  3578,   445,  998.9, 300,23.2,26.5, 0.0,  0, 0.0000,     0,22.4,24.4,16.2, 25,    27,    60, 0.4825, 0.3952
End
Start
M5,25/07/23,15:31:51,     8,  3625,   415,  998.9, 300,22.4,26.4, 0.0,  0, 0.0000,     0,22.1,23.8,16.6, 20,     2,     1, 0.0000, 0.0000
M5,25/07/23,15:31:52,     8,  3626,   416,  998.9, 300,22.4,26.4, 0.0,  0, 0.0000,     0,22.1,23.8,16.6, 20,     2,     2, 0.0000, 0.0000
M5,25/07/23,15:31:53,     8,  3627,   416,  998.9, 300,22.4,26.4, 0.0,  0, 0.0000,     0,22.1,23.8,16.6, 20,     3,     3, 0.0000, 0.0000
M5,25/07/23,15:31:54,     8,  3628,   417,  998.9, 300,22.4,26.4, 0.0,  0, 0.0000,     0,22.1,23.8,16.6, 20,     4,     4, 0.0000, 0.0000
M5,25/07/23,15:31:55,     8,  3629,   417,  998.9, 300,22.4,26.4, 0.0,  0, 0.0000,     0,22.1,23.9,16.6, 20,     4,     5, 0.0000, 0.0000
M5,25/07/23,15:31:56,     8,  3630,   418,  998.9, 300,22.4,26.4, 0.0,  0, 0.0000,     0,22.1,23.9,16.6, 20,     5,     6, 0.0000, 0.0000
M5,25/07/23,15:31:57,     8,  3631,   418,  998.9, 300,22.4,26.4, 0.0,  0, 0.0000,     0,22.1,23.9,16.6, 20,     5,     7, 0.0000, 0.0000
M5,25/07/23,15:31:58,     8,  3632,   419,  998.9, 300,22.4,26.4, 0.0,  0, 0.0000,     0,22.1,24.0,16.6, 20,     5,     8, 0.0000, 0.0000
M5,25/07/23,15:31:59,     8,  3633,   419,  998.9, 300,22.4,26.4, 0.0,  0, 0.0000,     0,22.1,24.0,16.3, 20,     6,     9, 0.0000, 0.0000
M5,25/07/23,15:32:00,     8,  3634,   419,  998.9, 300,22.4,26.4, 0.0,  0, 0.0000,     0,22.1,24.0,16.3, 25,     6,    10, 0.0000, 0.0000
M5,25/07/23,15:32:01,     8,  3635,   420,  998.9, 300,22.4,26.4, 0.0,  0, 0.0000,     0,22.1,24.0,16.3, 25,     7,    11, 0.0000, 0.0000
M5,25/07/23,15:32:02,     8,  3636,   421,  998.9, 300,22.4,26.4, 0.0,  0, 0.0000,     0,22.1,24.0,16.3, 25,     7,    12, 0.0000, 0.0000
M5,25/07/23,15:32:03,     8,  3637,   421,  998.9, 300,22.4,26.4, 0.0, 21, 0.0000,     0,22.1,24.1,16.3, 25,     8,    13, 0.7805, 0.4833
M5,25/07/23,15:32:04,     8,  3638,   422,  998.9, 300,22.5,26.4, 0.0,  0, 0.0000,     0,22.1,24.1,16.4, 25,     8,    14, 0.7627, 0.7040
M5,25/07/23,15:32:05,     8,  3639,   422,  998.9, 300,22.5,26.4, 0.0,  0, 0.0000,     0,22.1,24.1,16.4, 25,     9,    15, 0.7025, 0.8563
M5,25/07/23,15:32:06,     8,  3640,   423,  998.9, 300,22.5,26.4, 0.0,  0, 0.0000,     0,22.1,24.1,16.4, 25,     9,    16, 0.6506, 0.9009
M5,25/07/23,15:32:07,     8,  3641,   423,  998.9, 300,22.5,26.4, 0.0,  0, 0.0000,     0,22.1,24.1,16.4, 25,     9,    17, 0.5938, 0.9450
M5,25/07/23,15:32:08,     8,  3642,   423,  998.9, 300,22.5,26.4, 0.0,  0, 0.0000,     0,22.1,24.1,16.4, 25,    10,    18, 0.5647, 0.8851
M5,25/07/23,15:32:09,     8,  3643,   424,  998.9, 300,22.5,26.4, 0.0,  0, 0.0000,     0,22.1,24.1,16.4, 25,    10,    19, 0.5424, 0.8412
M5,25/07/23,15:32:10,     8,  3644,   424,  998.9, 300,22.5,26.4, 0.0,  0, 0.0000,     0,22.1,24.2,16.4, 25,    11,    20, 0.5306, 0.7768
M5,25/07/23,15:32:11,     8,  3645,   424,  998.9, 300,22.6,26.3, 0.0,  0, 0.0000,     0,22.1,24.2,16.4, 25,    11,    21, 0.5201, 0.7395
M5,25/07/23,15:32:12,     8,  3646,   425,  998.9, 300,22.6,26.3, 0.0,  0, 0.0000,     0,22.1,24.2,16.4, 25,    11,    22, 0.5145, 0.6933
M5,25/07/23,15:32:13,     8,  3647,   425,  998.9, 300,22.6,26.3, 0.0,  0, 0.0000,     0,22.1,24.2,16.4, 25,    12,    23, 0.5074, 0.6668
M5,25/07/23,15:32:14,     8,  3648,   426,  998.9, 300,22.7,26.4, 0.0,  0, 0.0000,     0,22.1,24.2,16.4, 25,    12,    24, 0.5078, 0.6383
M5,25/07/23,15:32:15,     8,  3649,   426,  998.9, 300,22.7,26.4, 0.0,  0, 0.0000,     0,22.1,24.2,16.4, 25,    13,    25, 0.5074, 0.6071
M5,25/07/23,15:32:16,     8,  3650,   427,  998.9, 300,22.7,26.4, 0.0,  0, 0.0000,     0,22.1,24.2,16.4, 25,    13,    26, 0.5065, 0.5933
M5,25/07/23,15:32:17,     8,  3651,   427,  998.9, 300,22.7,26.4, 0.0,  0, 0.0000,     0,22.1,24.2,16.4, 25,    14,    27, 0.5059, 0.5748
M5,25/07/23,15:32:18,     8,  3652,   428,  998.9, 300,22.8,26.4, 0.0,  0, 0.0000,     0,22.1,24.2,16.4, 25,    14,    28, 0.5077, 0.5576
M5,25/07/23,15:32:19,     8,  3653,   428,  998.9, 300,22.8,26.4, 0.0,  0, 0.0000,     0,22.1,24.2,16.4, 25,    15,    29, 0.5093, 0.5407
M5,25/07/23,15:32:20,     8,  3654,   428,  998.9, 300,22.8,26.4, 0.0,  0, 0.0000,     0,22.1,24.2,16.4, 25,    15,    30, 0.5089, 0.5342
M5,25/07/23,15:32:21,     8,  3655,   429,  998.9, 300,22.8,26.3, 0.0,  0, 0.0000,     0,22.1,24.3,16.4, 25,    15,    31, 0.5081, 0.5346
M5,25/07/23,15:32:22,     8,  3656,   429,  998.9, 300,22.8,26.3, 0.0,  0, 0.0000,     0,22.1,24.3,16.4, 25,    16,    32, 0.5055, 0.5372
M5,25/07/23,15:32:23,     8,  3657,   429,  998.9, 300,22.8,26.3, 0.0,  0, 0.0000,     0,22.1,24.3,16.4, 25,    16,    33, 0.5051, 0.5356
M5,25/07/23,15:32:24,     8,  3658,   430,  998.9, 300,22.8,26.3, 0.0,  0, 0.0000,     0,22.1,24.3,16.4, 25,    16,    34, 0.5031, 0.5363
M5,25/07/23,15:32:25,     8,  3659,   430,  998.9, 300,22.9,26.3, 0.0,  0, 0.0000,     0,22.1,24.3,16.4, 25,    17,    35, 0.5015, 0.5398
M5,25/07/23,15:32:26,     8,  3660,   431,  998.9, 300,22.9,26.3, 0.0,  0, 0.0000,     0,22.1,24.3,16.4, 25,    17,    36, 0.4992, 0.5410
M5,25/07/23,15:32:27,     8,  3661,   431,  998.9, 300,22.9,26.3, 0.0,  0, 0.0000,     0,22.1,24.3,16.4, 25,    18,    37, 0.4989, 0.5392
M5,25/07/23,15:32:28,     8,  3662,   431,  998.9, 300,22.9,26.3, 0.0,  0, 0.0000,     0,22.1,24.3,16.4, 25,    18,    38, 0.4970, 0.5386
M5,25/07/23,15:32:29,     8,  3663,   432,  998.9, 300,22.9,26.3, 0.0,  0, 0.0000,     0,22.1,24.3,16.4, 25,    18,    39, 0.4948, 0.5397
M5,25/07/23,15:32:30,     8,  3664,   432,  998.9, 300,23.0,26.3, 0.0,  0, 0.0000,     0,22.1,24.3,16.4, 25,    19,    40, 0.4940, 0.5378
M5,25/07/23,15:32:31,     8,  3665,   433,  998.9, 300,23.0,26.3, 0.0,  0, 0.0000,     0,22.1,24.3,16.3, 25,    19,    41, 0.4934, 0.5332
M5,25/07/23,15:32:32,     8,  3666,   433,  998.9, 300,23.0,26.3, 0.0,  0, 0.0000,     0,22.1,24.3,16.3, 25,    20,    42, 0.4943, 0.5280
M5,25/07/23,15:32:33,     8,  3667,   434,  998.9, 300,23.0,26.3, 0.0,  0, 0.0000,     0,22.1,24.3,16.3, 25,    20,    43, 0.4948, 0.5212
M5,25/07/23,15:32:34,     8,  3668,   434,  998.9, 300,23.1,26.3, 0.0,  0, 0.0000,     0,22.1,24.3,16.3, 25,    21,    44, 0.4953, 0.5178
M5,25/07/23,15:32:35,     8,  3669,   434,  998.9, 300,23.1,26.3, 0.0,  0, 0.0000,     0,22.1,24.3,16.3, 25,    21,    45, 0.4948, 0.5160
M5,25/07/23,15:32:36,     8,  3670,   435,  998.9, 300,23.1,26.3, 0.0,  0, 0.0000,     0,22.1,24.3,16.3, 25,    21,    46, 0.4947, 0.5128
M5,25/07/23,15:32:37,     8,  3671,   435,  998.9, 300,23.1,26.3, 0.0,  0, 0.0000,     0,22.1,24.3,16.3, 25,    22,    47, 0.4956, 0.5092
M5,25/07/23,15:32:38,     8,  3672,   436,  998.9, 300,23.1,26.3, 0.0,  0, 0.0000,     0,22.1,24.3,16.3, 25,    22,    48, 0.4962, 0.5045
M5,25/07/23,15:32:39,     8,  3673,   436,  998.9, 300,23.1,26.3, 0.0,  0, 0.0000,     0,22.1,24.3,16.3, 25,    23,    49, 0.4958, 0.5049
M5,25/07/23,15:32:40,     8,  3674,   436,  998.9, 300,23.1,26.3, 0.0,  0, 0.0000,     0,22.1,24.3,16.3, 25,    23,    50, 0.4950, 0.5061
M5,25/07/23,15:32:41,     8,  3675,   437,  998.9, 300,23.2,26.3, 0.0,  0, 0.0000,     0,22.1,24.3,16.3, 25,    23,    51, 0.4943, 0.5083
M5,25/07/23,15:32:42,     8,  3676,   437,  998.9, 300,23.2,26.3, 0.0,  0, 0.0000,     0,22.1,24.3,16.3, 25,    24,    52, 0.4936, 0.5084
M5,25/07/23,15:32:43,     8,  3677,   437,  998.9, 300,23.2,26.3, 0.0,  0, 0.0000,     0,22.1,24.3,16.3, 25,    24,    53, 0.4927, 0.5094
M5,25/07/23,15:32:44,     8,  3678,   438,  998.9, 300,23.2,26.3, 0.0,  0, 0.0000,     0,22.1,24.3,16.3, 25,    25,    54, 0.4926, 0.5091
M5,25/07/23,15:32:45,     8,  3679,   439,  998.9, 300,23.2,26.3, 0.0,  0, 0.0000,     0,22.1,24.3,16.3, 25,    25,    55, 0.4929, 0.5055
M5,25/07/23,15:32:46,     8,  3680,   439,  998.9, 300,23.2,26.3, 0.0,  0, 0.0000,     0,22.1,24.3,16.3, 25,    25,    56, 0.4928, 0.5043
M5,25/07/23,15:32:47,     8,  3681,   439,  998.9, 300,23.2,26.3, 0.0,  0, 0.0000,     0,22.1,24.3,16.3, 25,    26,    57, 0.4929, 0.5021
M5,25/07/23,15:32:48,     8,  3682,   440,  998.9, 300,23.2,26.3, 0.0,  0, 0.0000,     0,22.1,24.3,16.3, 25,    26,    58, 0.4932, 0.5016
M5,25/07/23,15:32:49,     8,  3683,   440,  998.9, 300,23.2,26.3, 0.0,  0, 0.0000,     0,22.1,24.3,16.3, 25,    27,    59, 0.4933, 0.5000
M5,25/07/23,15:32:50,     8,  3684,   441,  998.9, 300,23.2,26.3, 0.0,  0, 0.0000,     0,22.1,24.3,16.3, 25,    27,    60, 0.4937, 0.4979
R5,25/07/23,15:32:50,     8,  3684,   441,  998.9, 300,23.2,26.3, 0.0,  0, 0.0000,     0,22.1,24.3,16.3, 25,    27,    60, 0.4937, 0.4979
End
Start
M5,25/07/23,15:35:28,     9,  3841,   410,  998.8, 300,22.3,25.9, 0.0,  0, 0.0000,     0,21.9,23.2,37.7, 20,     1,     1, 0.0000, 0.0000
M5,25/07/23,15:35:29,     9,  3842,   411,  998.8, 300,22.3,25.9, 0.0,  0, 0.0000,     0,21.9,23.2,37.7, 20,     2,     2, 0.0000, 0.0000
M5,25/07/23,15:35:30,     9,  3843,   412,  998.8, 300,22.3,25.9, 0.0,  0, 0.0000,     0,21.9,23.2,37.7, 20,     3,     3, 0.0000, 0.0000
M5,25/07/23,15:35:31,     9,  3844,   413,  998.8, 300,22.3,25.9, 0.0,  0, 0.0000,     0,21.9,23.2,37.7, 20,     4,     4, 0.0000, 0.0000
M5,25/07/23,15:35:32,     9,  3845,   414,  998.8, 300,22.3,25.9, 0.0,  0, 0.0000,     0,21.9,23.3,37.7, 20,     5,     5, 0.0000, 0.0000
M5,25/07/23,15:35:33,     9,  3846,   414,  998.8, 300,22.3,25.9, 0.0,  0, 0.0000,     0,21.9,23.3,37.7, 20,     5,     6, 0.0000, 0.0000
M5,25/07/23,15:35:34,     9,  3847,   415,  998.8, 300,22.3,25.9, 0.0,  0, 0.0000,     0,21.9,23.3,37.7, 20,     6,     7, 0.0000, 0.0000
M5,25/07/23,15:35:35,     9,  3848,   416,  998.8, 300,22.3,25.9, 0.0,  0, 0.0000,     0,21.9,23.3,37.7, 20,     7,     8, 0.0000, 0.0000
M5,25/07/23,15:35:36,     9,  3849,   416,  998.8, 300,22.3,25.9, 0.0,  0, 0.0000,     0,21.9,23.3,37.7, 20,     7,     9, 0.0000, 0.0000
M5,25/07/23,15:35:37,     9,  3850,   417,  998.8, 300,22.3,25.9, 0.0,  0, 0.0000,     0,21.9,23.3,37.7, 25,     8,    10, 0.0000, 0.0000
M5,25/07/23,15:35:38,     9,  3851,   417,  998.8, 300,22.3,25.9, 0.0,  0, 0.0000,     0,21.9,23.3,37.7, 25,     9,    11, 0.0000, 0.0000
M5,25/07/23,15:35:39,     9,  3852,   418,  998.8, 300,22.3,25.9, 0.0,  0, 0.0000,     0,21.9,23.3,37.7, 25,     9,    12, 0.0000, 0.0000
M5,25/07/23,15:35:40,     9,  3853,   418,  998.8, 300,22.3,25.9, 0.0,  0, 0.0000,     0,21.9,23.4,37.7, 25,    10,    13, 0.6995, 0.9912
M5,25/07/23,15:35:41,     9,  3854,   419,  998.8, 300,22.3,25.9, 0.0,  0, 0.0000,     0,21.9,23.4,37.7, 25,    10,    14, 0.7000, 0.8104
M5,25/07/23,15:35:42,     9,  3855,   420,  998.8, 300,22.3,25.9, 0.0,  0, 0.0000,     0,21.9,23.4,37.7, 25,    11,    15, 0.6853, 0.7888
M5,25/07/23,15:35:43,     9,  3856,   420,  998.8, 300,22.3,25.9, 0.0,  0, 0.0000,     0,21.9,23.4,37.7, 25,    11,    16, 0.6685, 0.7790
M5,25/07/23,15:35:44,     9,  3857,   421,  998.8, 300,22.4,25.9, 0.0,  0, 0.0000,     0,21.9,23.4,37.7, 25,    12,    17, 0.6568, 0.7695
M5,25/07/23,15:35:45,     9,  3858,   421,  998.8, 300,22.4,25.9, 0.0,  0, 0.0000,     0,21.9,23.4,37.7, 25,    12,    18, 0.6585, 0.7213
M5,25/07/23,15:35:46,     9,  3859,   422,  998.8, 300,22.4,25.9, 0.0,  0, 0.0000,     0,21.9,23.4,37.7, 25,    13,    19, 0.6782, 0.6501
M5,25/07/23,15:35:47,     9,  3860,   422,  998.8, 300,22.4,25.9, 0.0,  0, 0.0000,     0,21.9,23.4,37.7, 25,    14,    20, 0.6836, 0.6422
M5,25/07/23,15:35:48,     9,  3861,   423,  998.8, 300,22.4,25.9, 0.0,  0, 0.0000,     0,21.9,23.4,37.7, 25,    14,    21, 0.6905, 0.6328
M5,25/07/23,15:35:49,     9,  3862,   424,  998.8, 300,22.4,25.9, 0.0,  0, 0.0000,     0,21.9,23.4,37.7, 25,    15,    22, 0.7000, 0.6281
M5,25/07/23,15:35:50,     9,  3863,   424,  998.8, 300,22.4,25.9, 0.0,  0, 0.0000,     0,21.9,23.4,37.7, 25,    16,    23, 0.7068, 0.6239
M5,25/07/23,15:35:51,     9,  3864,   425,  998.8, 300,22.5,25.9, 0.0,  0, 0.0000,     0,21.9,23.4,37.7, 25,    16,    24, 0.7049, 0.6545
M5,25/07/23,15:35:52,     9,  3865,   425,  998.8, 300,22.5,25.9, 0.0,  0, 0.0000,     0,21.9,23.5,37.7, 25,    16,    25, 0.6913, 0.7072
M5,25/07/23,15:35:53,     9,  3866,   426,  998.8, 300,22.5,25.9, 0.0,  0, 0.0000,     0,21.9,23.5,37.7, 25,    17,    26, 0.6843, 0.7267
M5,25/07/23,15:35:54,     9,  3867,   426,  998.8, 300,22.5,25.9, 0.0,  0, 0.0000,     0,21.9,23.5,37.7, 25,    18,    27, 0.6842, 0.7168
M5,25/07/23,15:35:55,     9,  3868,   427,  998.8, 300,22.5,25.9, 0.0,  0, 0.0000,     0,21.9,23.5,37.7, 25,    18,    28, 0.6865, 0.7049
M5,25/07/23,15:35:56,     9,  3869,   428,  998.8, 300,22.5,25.9, 0.0,  0, 0.0000,     0,21.9,23.5,37.7, 25,    19,    29, 0.6863, 0.7011
M5,25/07/23,15:35:58,     9,  3870,   428,  998.8, 300,22.5,25.9, 0.0,  0, 0.0000,     0,21.9,23.5,37.7, 25,    19,    30, 0.6874, 0.6936
M5,25/07/23,15:35:59,     9,  3871,   429,  998.8, 300,22.6,25.9, 0.0,  0, 0.0000,     0,21.9,23.5,37.7, 25,    20,    31, 0.6880, 0.6935
M5,25/07/23,15:36:00,     9,  3872,   429,  998.8, 300,22.6,25.9, 0.0,  0, 0.0000,     0,21.9,23.5,37.7, 25,    21,    32, 0.6888, 0.6887
M5,25/07/23,15:36:01,     9,  3873,   430,  998.8, 300,22.6,25.9, 0.0,  0, 0.0000,     0,21.9,23.5,37.7, 25,    21,    33, 0.6911, 0.6828
M5,25/07/23,15:36:02,     9,  3874,   431,  998.8, 300,22.6,25.9, 0.0,  0, 0.0000,     0,21.9,23.5,37.7, 25,    22,    34, 0.6932, 0.6756
M5,25/07/23,15:36:03,     9,  3875,   431,  998.8, 300,22.6,25.9, 0.0,  0, 0.0000,     0,21.9,23.5,37.7, 25,    23,    35, 0.6965, 0.6693
M5,25/07/23,15:36:04,     9,  3876,   432,  998.8, 300,22.6,25.9, 0.0,  0, 0.0000,     0,21.9,23.5,37.7, 25,    23,    36, 0.6992, 0.6627
M5,25/07/23,15:36:05,     9,  3877,   433,  998.8, 300,22.6,25.9, 0.0,  0, 0.0000,     0,21.9,23.5,37.7, 25,    24,    37, 0.7005, 0.6621
M5,25/07/23,15:36:06,     9,  3878,   433,  998.8, 300,22.7,25.9, 0.0,  0, 0.0000,     0,21.9,23.5,37.7, 25,    24,    38, 0.7015, 0.6659
M5,25/07/23,15:36:07,     9,  3879,   434,  998.8, 300,22.7,25.9, 0.0,  0, 0.0000,     0,21.9,23.5,37.7, 25,    25,    39, 0.7023, 0.6667
M5,25/07/23,15:36:08,     9,  3880,   434,  998.8, 300,22.7,25.9, 0.0,  0, 0.0000,     0,21.9,23.5,37.7, 25,    25,    40, 0.7034, 0.6683
M5,25/07/23,15:36:09,     9,  3881,   435,  998.8, 300,22.7,25.9, 0.0,  0, 0.0000,     0,21.9,23.5,37.7, 25,    26,    41, 0.7033, 0.6719
M5,25/07/23,15:36:10,     9,  3882,   435,  998.8, 300,22.7,25.9, 0.0,  0, 0.0000,     0,21.9,23.5,37.7, 25,    26,    42, 0.7023, 0.6815
M5,25/07/23,15:36:11,     9,  3883,   435,  998.8, 300,22.7,25.9, 0.0,  0, 0.0000,     0,21.9,23.5,37.7, 25,    27,    43, 0.6993, 0.6937
M5,25/07/23,15:36:12,     9,  3884,   436,  998.8, 300,22.7,25.9, 0.0,  0, 0.0000,     0,21.7,23.5,37.7, 25,    27,    44, 0.6963, 0.7042
M5,25/07/23,15:36:13,     9,  3885,   437,  998.9, 300,22.8,25.9, 0.0,  0, 0.0000,     0,21.7,23.5,37.7, 25,    28,    45, 0.6944, 0.7106
M5,25/07/23,15:36:14,     9,  3886,   437,  998.9, 300,22.8,25.9, 0.0,  0, 0.0000,     0,21.7,23.5,37.7, 25,    28,    46, 0.6921, 0.7163
M5,25/07/23,15:36:15,     9,  3887,   438,  998.9, 300,22.8,25.9, 0.0,  0, 0.0000,     0,21.7,23.5,37.7, 25,    29,    47, 0.6912, 0.7191
M5,25/07/23,15:36:16,     9,  3888,   438,  998.9, 300,22.8,25.9, 0.0,  0, 0.0000,     0,21.7,23.5,37.7, 25,    30,    48, 0.6903, 0.7189
M5,25/07/23,15:36:17,     9,  3889,   439,  998.9, 300,22.8,25.9, 0.0,  0, 0.0000,     0,21.7,23.5,37.7, 25,    30,    49, 0.6894, 0.7197
M5,25/07/23,15:36:18,     9,  3890,   439,  998.9, 299,22.8,25.9, 0.0,  0, 0.0000,     0,21.7,23.5,37.7, 25,    31,    50, 0.6881, 0.7209
M5,25/07/23,15:36:19,     9,  3891,   440,  998.9, 299,22.8,25.9, 0.0,  0, 0.0000,     0,21.7,23.5,37.7, 25,    31,    51, 0.6870, 0.7228
M5,25/07/23,15:36:20,     9,  3892,   440,  998.9, 300,22.8,25.9, 0.0,  0, 0.0000,     0,21.7,23.5,37.7, 25,    31,    52, 0.6849, 0.7268
M5,25/07/23,15:36:21,     9,  3893,   441,  998.8, 300,22.8,25.9, 0.0,  0, 0.0000,     0,21.7,23.5,37.7, 25,    32,    53, 0.6828, 0.7302
M5,25/07/23,15:36:22,     9,  3894,   441,  998.8, 300,22.8,25.8, 0.0,  0, 0.0000,     0,21.7,23.5,37.7, 25,    33,    54, 0.6813, 0.7311
M5,25/07/23,15:36:23,     9,  3895,   442,  998.8, 300,22.8,25.8, 0.0,  0, 0.0000,     0,21.7,23.5,37.7, 25,    33,    55, 0.6803, 0.7300
M5,25/07/23,15:36:24,     9,  3896,   443,  998.8, 300,22.9,25.8, 0.0,  0, 0.0000,     0,21.7,23.5,37.7, 25,    34,    56, 0.6793, 0.7295
M5,25/07/23,15:36:25,     9,  3897,   443,  998.8, 300,22.9,25.8, 0.0,  0, 0.0000,     0,21.7,23.5,37.7, 25,    34,    57, 0.6781, 0.7292
M5,25/07/23,15:36:26,     9,  3898,   444,  998.8, 300,22.9,25.8, 0.0,  0, 0.0000,     0,21.7,23.5,37.7, 25,    35,    58, 0.6775, 0.7298
M5,25/07/23,15:36:27,     9,  3899,   444,  998.8, 300,22.9,25.8, 0.0,  0, 0.0000,     0,21.7,23.5,37.7, 25,    35,    59, 0.6762, 0.7300
M5,25/07/23,15:36:28,     9,  3900,   445,  998.8, 300,22.9,25.8, 0.0,  0, 0.0000,     0,21.7,23.5,37.7, 25,    36,    60, 0.6752, 0.7291
R5,25/07/23,15:36:28,     9,  3900,   445,  998.8, 300,22.9,25.8, 0.0,  0, 0.0000,     0,21.7,23.5,37.7, 25,    36,    60, 0.6752, 0.7291
End
Start
M5,25/07/23,15:37:27,     9,  3959,   408,  998.8, 300,22.2,25.7, 0.0,  0, 0.0000,     0,21.7,22.9,37.7, 20,     1,     1, 0.0000, 0.0000
M5,25/07/23,15:37:28,     9,  3960,   409,  998.8, 300,22.1,25.7, 0.0,  0, 0.0000,     0,21.7,22.9,37.7, 20,     2,     2, 0.0000, 0.0000
M5,25/07/23,15:37:29,     9,  3961,   410,  998.8, 300,22.1,25.7, 0.0,  0, 0.0000,     0,21.7,22.9,37.7, 20,     3,     3, 0.0000, 0.0000
M5,25/07/23,15:37:30,     9,  3962,   411,  998.8, 300,22.1,25.7, 0.0,  0, 0.0000,     0,21.7,22.9,37.7, 20,     4,     4, 0.0000, 0.0000
M5,25/07/23,15:37:31,     9,  3963,   412,  998.8, 300,22.1,25.7, 0.0,  0, 0.0000,     0,21.7,22.9,37.7, 20,     5,     5, 0.0000, 0.0000
M5,25/07/23,15:37:32,     9,  3964,   413,  998.8, 300,22.1,25.7, 0.0,  0, 0.0000,     0,21.7,22.9,37.7, 20,     5,     6, 0.0000, 0.0000
M5,25/07/23,15:37:33,     9,  3965,   413,  998.8, 300,22.1,25.7, 0.0,  0, 0.0000,     0,21.7,22.9,37.7, 20,     6,     7, 0.0000, 0.0000
M5,25/07/23,15:37:34,     9,  3966,   414,  998.8, 300,22.1,25.7, 0.0,  0, 0.0000,     0,21.7,22.9,37.7, 20,     7,     8, 0.0000, 0.0000
M5,25/07/23,15:37:35,     9,  3967,   415,  998.8, 300,22.1,25.7, 0.0,  0, 0.0000,     0,21.7,22.9,37.7, 20,     7,     9, 0.0000, 0.0000
M5,25/07/23,15:37:36,     9,  3968,   415,  998.8, 300,22.1,25.7, 0.0,  0, 0.0000,     0,21.7,22.9,37.7, 25,     8,    10, 0.0000, 0.0000
M5,25/07/23,15:37:37,     9,  3969,   416,  998.8, 300,22.1,25.7, 0.0,  0, 0.0000,     0,21.7,23.0,37.7, 25,     9,    11, 0.0000, 0.0000
M5,25/07/23,15:37:38,     9,  3970,   417,  998.8, 300,22.1,25.7, 0.0,  0, 0.0000,     0,21.7,23.0,37.7, 25,    10,    12, 0.0000, 0.0000
M5,25/07/23,15:37:39,     9,  3971,   417,  998.8, 300,22.1,25.7, 0.0,  0, 0.0000,     0,21.7,23.0,37.7, 25,    10,    13, 0.7219, 1.1588
M5,25/07/23,15:37:40,     9,  3972,   418,  998.8, 300,22.1,25.7, 0.0,  0, 0.0000,     0,21.7,23.0,37.7, 25,    10,    14, 0.6654, 0.9982
M5,25/07/23,15:37:41,     9,  3973,   418,  998.8, 300,22.1,25.7, 0.0,  0, 0.0000,     0,21.7,23.0,37.7, 25,    11,    15, 0.6370, 0.8796
M5,25/07/23,15:37:42,     9,  3974,   419,  998.8, 300,22.2,25.7, 0.0,  0, 0.0000,     0,21.7,23.0,37.7, 25,    11,    16, 0.6239, 0.8039
M5,25/07/23,15:37:43,     9,  3975,   419,  998.8, 300,22.2,25.7, 0.0,  0, 0.0000,     0,21.7,23.0,37.7, 25,    12,    17, 0.5978, 0.7916
M5,25/07/23,15:37:44,     9,  3976,   420,  998.8, 300,22.2,25.7, 0.0,  0, 0.0000,     0,21.7,23.0,37.7, 25,    12,    18, 0.5979, 0.7165
M5,25/07/23,15:37:45,     9,  3977,   420,  998.9, 300,22.2,25.7, 0.0,  0, 0.0000,     0,21.7,23.0,37.7, 25,    13,    19, 0.6088, 0.6499
M5,25/07/23,15:37:46,     9,  3978,   421,  998.9, 300,22.2,25.7, 0.0,  0, 0.0000,     0,21.7,23.0,37.7, 25,    14,    20, 0.6307, 0.5729
M5,25/07/23,15:37:47,     9,  3979,   422,  998.9, 300,22.2,25.7, 0.0,  0, 0.0000,     0,21.7,23.0,37.7, 25,    14,    21, 0.6504, 0.5355
M5,25/07/23,15:37:48,     9,  3980,   422,  998.9, 300,22.2,25.7, 0.0,  0, 0.0000,     0,21.7,23.0,37.7, 25,    15,    22, 0.6653, 0.5202
M5,25/07/23,15:37:49,     9,  3981,   423,  998.9, 300,22.3,25.7, 0.0,  0, 0.0000,     0,21.7,23.0,37.7, 25,    16,    23, 0.6747, 0.5358
M5,25/07/23,15:37:50,     9,  3982,   423,  998.9, 300,22.3,25.7, 0.0,  0, 0.0000,     0,21.7,23.0,37.7, 25,    16,    24, 0.6722, 0.5748
M5,25/07/23,15:37:51,     9,  3983,   424,  998.9, 300,22.3,25.7, 0.0,  0, 0.0000,     0,21.7,23.0,37.7, 25,    17,    25, 0.6735, 0.5930
M5,25/07/23,15:37:52,     9,  3984,   425,  998.9, 300,22.3,25.7, 0.0,  0, 0.0000,     0,21.7,23.0,37.7, 25,    17,    26, 0.6801, 0.5874
M5,25/07/23,15:37:53,     9,  3985,   425,  998.9, 300,22.3,25.7, 0.0,  0, 0.0000,     0,21.7,23.0,37.7, 25,    18,    27, 0.6866, 0.5838
M5,25/07/23,15:37:54,     9,  3986,   426,  998.9, 300,22.4,25.7, 0.0,  0, 0.0000,     0,21.7,23.0,37.7, 25,    19,    28, 0.6946, 0.5838
M5,25/07/23,15:37:55,     9,  3987,   426,  998.9, 300,22.4,25.7, 0.0,  0, 0.0000,     0,21.7,23.0,37.7, 25,    19,    29, 0.6977, 0.5922
M5,25/07/23,15:37:56,     9,  3988,   427,  998.9, 300,22.4,25.7, 0.0,  0, 0.0000,     0,21.7,23.0,37.7, 25,    20,    30, 0.6997, 0.6073
M5,25/07/23,15:37:57,     9,  3989,   427,  998.9, 300,22.4,25.7, 0.0,  0, 0.0000,     0,21.7,23.0,37.7, 25,    20,    31, 0.6991, 0.6235
M5,25/07/23,15:37:58,     9,  3990,   428,  998.8, 300,22.4,25.7, 0.0,  0, 0.0000,     0,21.7,23.0,37.7, 25,    21,    32, 0.6982, 0.6401
M5,25/07/23,15:37:59,     9,  3991,   428,  998.8, 300,22.4,25.7, 0.0,  0, 0.0000,     0,21.7,23.1,37.7, 25,    21,    33, 0.6959, 0.6554
M5,25/07/23,15:38:00,     9,  3992,   429,  998.8, 300,22.4,25.7, 0.0,  0, 0.0000,     0,21.7,23.1,37.7, 25,    22,    34, 0.6932, 0.6696
M5,25/07/23,15:38:01,     9,  3993,   430,  998.8, 300,22.5,25.7, 0.0,  0, 0.0000,     0,21.7,23.1,37.7, 25,    22,    35, 0.6928, 0.6772
M5,25/07/23,15:38:02,     9,  3994,   430,  998.8, 300,22.5,25.7, 0.0,  0, 0.0000,     0,21.7,23.1,37.7, 25,    23,    36, 0.6925, 0.6792
M5,25/07/23,15:38:03,     9,  3995,   431,  998.9, 300,22.5,25.7, 0.0,  0, 0.0000,     0,21.7,23.1,37.7, 25,    23,    37, 0.6919, 0.6841
M5,25/07/23,15:38:04,     9,  3996,   431,  998.9, 300,22.5,25.7, 0.0,  0, 0.0000,     0,21.7,23.1,37.7, 25,    24,    38, 0.6904, 0.6895
M5,25/07/23,15:38:05,     9,  3997,   432,  998.9, 300,22.5,25.7, 0.0,  0, 0.0000,     0,21.7,23.1,37.7, 25,    24,    39, 0.6892, 0.6959
M5,25/07/23,15:38:06,     9,  3998,   432,  998.9, 300,22.5,25.7, 0.0,  0, 0.0000,     0,21.7,23.1,37.7, 25,    25,    40, 0.6882, 0.6973
M5,25/07/23,15:38:07,     9,  3999,   433,  998.9, 300,22.5,25.7, 0.0,  0, 0.0000,     0,21.7,23.1,37.7, 25,    26,    41, 0.6880, 0.6959
M5,25/07/23,15:38:08,     9,  4000,   433,  998.9, 300,22.5,25.6, 0.0,  0, 0.0000,     0,21.7,23.1,37.7, 25,    26,    42, 0.6873, 0.6986
M5,25/07/23,15:38:09,     9,  4001,   434,  998.9, 300,22.5,25.6, 0.0,  0, 0.0000,     0,21.7,23.1,37.7, 25,    27,    43, 0.6858, 0.7016
M5,25/07/23,15:38:10,     9,  4002,   435,  998.8, 300,22.6,25.6, 0.0,  0, 0.0000,     0,21.7,23.1,37.7, 25,    27,    44, 0.6854, 0.7015
M5,25/07/23,15:38:11,     9,  4003,   435,  998.8, 300,22.6,25.6, 0.0,  0, 0.0000,     0,21.7,23.1,37.7, 25,    28,    45, 0.6836, 0.7056
M5,25/07/23,15:38:12,     9,  4004,   435,  998.8, 300,22.6,25.6, 0.0,  0, 0.0000,     0,21.7,23.1,37.7, 25,    28,    46, 0.6824, 0.7103
M5,25/07/23,15:38:13,     9,  4005,   436,  998.8, 300,22.6,25.6, 0.0,  0, 0.0000,     0,21.7,23.1,37.7, 25,    29,    47, 0.6812, 0.7108
M5,25/07/23,15:38:14,     9,  4006,   437,  998.8, 300,22.6,25.6, 0.0,  0, 0.0000,     0,21.5,23.1,37.7, 25,    30,    48, 0.6810, 0.7095
M5,25/07/23,15:38:15,     9,  4007,   438,  998.8, 300,22.6,25.6, 0.0,  0, 0.0000,     0,21.5,23.1,37.7, 25,    30,    49, 0.6817, 0.7036
M5,25/07/23,15:38:16,     9,  4008,   438,  998.8, 300,22.6,25.6, 0.0,  0, 0.0000,     0,21.5,23.1,37.7, 25,    31,    50, 0.6826, 0.6971
M5,25/07/23,15:38:17,     9,  4009,   438,  998.8, 300,22.7,25.6, 0.0,  0, 0.0000,     0,21.5,23.1,37.7, 25,    31,    51, 0.6816, 0.7005
M5,25/07/23,15:38:18,     9,  4010,   439,  998.8, 300,22.7,25.6, 0.0,  0, 0.0000,     0,21.5,23.1,37.7, 25,    31,    52, 0.6795, 0.7058
M5,25/07/23,15:38:19,     9,  4011,   439,  998.8, 300,22.7,25.6, 0.0,  0, 0.0000,     0,21.5,23.1,37.7, 25,    32,    53, 0.6778, 0.7108
M5,25/07/23,15:38:20,     9,  4012,   440,  998.8, 300,22.7,25.6, 0.0,  0, 0.0000,     0,21.5,23.1,37.7, 25,    33,    54, 0.6763, 0.7127
M5,25/07/23,15:38:21,     9,  4013,   440,  998.8, 300,22.7,25.6, 0.0,  0, 0.0000,     0,21.5,23.1,37.7, 25,    33,    55, 0.6751, 0.7149
M5,25/07/23,15:38:22,     9,  4014,   441,  998.8, 300,22.7,25.6, 0.0,  0, 0.0000,     0,21.5,23.1,37.7, 25,    34,    56, 0.6740, 0.7147
M5,25/07/23,15:38:23,     9,  4015,   441,  998.8, 300,22.7,25.6, 0.0,  0, 0.0000,     0,21.5,23.1,37.7, 25,    34,    57, 0.6730, 0.7148
M5,25/07/23,15:38:24,     9,  4016,   442,  998.8, 300,22.8,25.6, 0.0,  0, 0.0000,     0,21.5,23.1,37.7, 25,    35,    58, 0.6726, 0.7136
M5,25/07/23,15:38:25,     9,  4017,   443,  998.8, 300,22.8,25.6, 0.0,  0, 0.0000,     0,21.5,23.1,37.7, 25,    35,    59, 0.6719, 0.7126
M5,25/07/23,15:38:26,     9,  4018,   443,  998.8, 300,22.8,25.6, 0.0,  0, 0.0000,     0,21.5,23.1,37.7, 25,    36,    60, 0.6713, 0.7123
R5,25/07/23,15:38:26,     9,  4018,   443,  998.8, 300,22.8,25.6, 0.0,  0, 0.0000,     0,21.5,23.1,37.7, 25,    36,    60, 0.6713, 0.7123
End
Start
M5,25/07/23,15:41:26,    10,  4197,   408,  999.0, 300,21.8,25.3, 0.0,  0, 0.0000,     0,21.3,22.6,44.1, 20,     0,     1, 0.0000, 0.0000
M5,25/07/23,15:41:27,    10,  4198,   408,  999.0, 300,21.8,25.3, 0.0,  0, 0.0000,     0,21.3,22.6,44.2, 20,     1,     2, 0.0000, 0.0000
M5,25/07/23,15:41:28,    10,  4199,   408,  999.0, 300,21.8,25.3, 0.0,  0, 0.0000,     0,21.3,22.6,44.2, 20,     1,     3, 0.0000, 0.0000
M5,25/07/23,15:41:29,    10,  4200,   408,  999.0, 300,21.8,25.3, 0.0,  0, 0.0000,     0,21.3,22.6,44.2, 20,     1,     4, 0.0000, 0.0000
M5,25/07/23,15:41:30,    10,  4201,   408,  999.0, 300,21.8,25.3, 0.0,  0, 0.0000,     0,21.3,22.6,44.2, 20,     1,     5, 0.0000, 0.0000
M5,25/07/23,15:41:31,    10,  4202,   408,  999.1, 300,21.8,25.3, 0.0,  0, 0.0000,     0,21.3,22.6,44.2, 20,     1,     6, 0.0000, 0.0000
M5,25/07/23,15:41:32,    10,  4203,   408,  999.1, 300,21.8,25.3, 0.0,  0, 0.0000,     0,21.3,22.6,44.2, 20,     1,     7, 0.0000, 0.0000
M5,25/07/23,15:41:33,    10,  4204,   408,  999.0, 300,21.8,25.3, 0.0,  0, 0.0000,     0,21.3,22.6,44.2, 20,     1,     8, 0.0000, 0.0000
M5,25/07/23,15:41:34,    10,  4205,   409,  999.0, 300,21.8,25.3, 0.0,  0, 0.0000,     0,21.3,22.6,44.2, 20,     1,     9, 0.0000, 0.0000
M5,25/07/23,15:41:35,    10,  4206,   409,  999.0, 300,21.8,25.3, 0.0,  0, 0.0000,     0,21.3,22.6,44.2, 25,     2,    10, 0.0000, 0.0000
M5,25/07/23,15:41:36,    10,  4207,   409,  999.0, 300,21.8,25.3, 0.0,  0, 0.0000,     0,21.3,22.6,44.2, 25,     2,    11, 0.0000, 0.0000
M5,25/07/23,15:41:37,    10,  4208,   410,  999.0, 301,21.8,25.3, 0.0,  0, 0.0000,     0,21.3,22.6,44.2, 25,     2,    12, 0.0000, 0.0000
M5,25/07/23,15:41:38,    10,  4209,   410,  999.0, 300,21.8,25.3, 0.0,  0, 0.0000,     0,21.3,22.6,44.2, 25,     2,    13, 0.2735, 0.5481
M5,25/07/23,15:41:39,    10,  4210,   410,  999.0, 300,21.8,25.3, 0.0,  0, 0.0000,     0,21.3,22.6,44.2, 25,     3,    14, 0.2723, 0.3763
M5,25/07/23,15:41:40,    10,  4211,   410,  999.0, 300,21.8,25.3, 0.0,  0, 0.0000,     0,21.3,22.6,44.2, 25,     3,    15, 0.2900, 0.2895
M5,25/07/23,15:41:41,    10,  4212,   411,  999.0, 300,21.8,25.3, 0.0, 21, 0.0000,     0,21.3,22.6,44.2, 25,     4,    16, 0.3440, 0.1603
M5,25/07/23,15:41:42,    10,  4213,   412,  999.0, 300,21.9,25.3, 0.0, 21, 0.0000,     0,21.3,22.6,44.2, 25,     5,    17, 0.4501,-0.0248
M5,25/07/23,15:41:44,    10,  4214,   413,  999.1, 300,21.9,25.3, 0.0, 21, 0.0000,     0,21.3,22.7,44.7, 25,     6,    18, 0.5564,-0.1288
M5,25/07/23,15:41:45,    10,  4215,   414,  999.1, 300,21.9,25.3, 0.0, 21, 0.0000,     0,21.3,22.7,44.7, 25,     7,    19, 0.6422,-0.1317
M5,25/07/23,15:41:46,    10,  4216,   415,  999.1, 300,21.9,25.3, 0.0, 21, 0.0000,     0,21.3,22.7,44.7, 25,     8,    20, 0.6963,-0.0355
M5,25/07/23,15:41:47,    10,  4217,   415,  999.1, 300,21.9,25.3, 0.0, 21, 0.0000,     0,21.3,22.7,44.7, 25,     8,    21, 0.7142, 0.1242
M5,25/07/23,15:41:48,    10,  4218,   416,  999.0, 300,22.0,25.3, 0.0, 21, 0.0000,     0,21.3,22.7,44.7, 25,     8,    22, 0.7232, 0.2663
M5,25/07/23,15:41:49,    10,  4219,   416,  999.0, 300,22.0,25.3, 0.0, 21, 0.0000,     0,21.3,22.7,44.7, 25,     8,    23, 0.7119, 0.4149
M5,25/07/23,15:41:50,    10,  4220,   416,  999.0, 300,22.0,25.3, 0.0,  0, 0.0000,     0,21.3,22.7,44.2, 25,     9,    24, 0.6964, 0.5381
M5,25/07/23,15:41:51,    10,  4221,   417,  999.0, 300,22.0,25.3, 0.0,  0, 0.0000,     0,21.3,22.7,44.2, 25,     9,    25, 0.6823, 0.6164
M5,25/07/23,15:41:52,    10,  4222,   417,  999.0, 300,22.0,25.3, 0.0,  0, 0.0000,     0,21.3,22.7,44.2, 25,     9,    26, 0.6629, 0.6905
M5,25/07/23,15:41:53,    10,  4223,   417,  999.0, 300,22.1,25.3, 0.0,  0, 0.0000,     0,21.3,22.7,44.2, 25,    10,    27, 0.6426, 0.7554
M5,25/07/23,15:41:54,    10,  4224,   417,  999.0, 300,22.1,25.3, 0.0,  0, 0.0000,     0,21.3,22.7,44.2, 25,    10,    28, 0.6198, 0.8065
M5,25/07/23,15:41:55,    10,  4225,   417,  999.0, 300,22.1,25.3, 0.0,  0, 0.0000,     0,21.3,22.7,44.2, 25,    10,    29, 0.6003, 0.8364
M5,25/07/23,15:41:56,    10,  4226,   418,  999.0, 300,22.1,25.3, 0.0,  0, 0.0000,     0,21.3,22.7,44.2, 25,    10,    30, 0.5803, 0.8600
M5,25/07/23,15:41:57,    10,  4227,   418,  999.0, 300,22.1,25.3, 0.0,  0, 0.0000,     0,21.3,22.7,44.2, 25,    10,    31, 0.5612, 0.8780
M5,25/07/23,15:41:58,    10,  4228,   418,  999.0, 300,22.1,25.3, 0.0,  0, 0.0000,     0,21.3,22.7,44.2, 25,    11,    32, 0.5444, 0.8826
M5,25/07/23,15:41:59,    10,  4229,   418,  999.0, 300,22.1,25.3, 0.0,  0, 0.0000,     0,21.3,22.7,44.2, 25,    11,    33, 0.5278, 0.8851
M5,25/07/23,15:42:00,    10,  4230,   419,  999.0, 300,22.1,25.3, 0.0,  0, 0.0000,     0,21.3,22.7,44.2, 25,    11,    34, 0.5147, 0.8804
M5,25/07/23,15:42:01,    10,  4231,   419,  999.0, 300,22.1,25.3, 0.0,  0, 0.0000,     0,21.3,22.7,44.2, 25,    12,    35, 0.5024, 0.8689
M5,25/07/23,15:42:02,    10,  4232,   419,  999.0, 300,22.2,25.3, 0.0,  0, 0.0000,     0,21.3,22.7,44.2, 25,    12,    36, 0.4908, 0.8603
M5,25/07/23,15:42:03,    10,  4233,   419,  999.0, 300,22.2,25.3, 0.0,  0, 0.0000,     0,21.3,22.7,44.2, 25,    12,    37, 0.4787, 0.8516
M5,25/07/23,15:42:04,    10,  4234,   419,  999.1, 300,22.2,25.3, 0.0,  0, 0.0000,     0,21.3,22.7,44.2, 25,    12,    38, 0.4663, 0.8487
M5,25/07/23,15:42:05,    10,  4235,   419,  999.1, 300,22.2,25.3, 0.0,  0, 0.0000,     0,21.3,22.7,44.2, 25,    12,    39, 0.4539, 0.8433
M5,25/07/23,15:42:06,    10,  4236,   420,  999.0, 300,22.2,25.3, 0.0,  0, 0.0000,     0,21.3,22.7,44.2, 25,    12,    40, 0.4426, 0.8364
M5,25/07/23,15:42:07,    10,  4237,   420,  999.0, 300,22.2,25.3, 0.0,  0, 0.0000,     0,21.3,22.7,44.2, 25,    12,    41, 0.4304, 0.8318
M5,25/07/23,15:42:08,    10,  4238,   420,  999.0, 300,22.2,25.3, 0.0,  0, 0.0000,     0,21.3,22.7,44.2, 25,    13,    42, 0.4211, 0.8177
M5,25/07/23,15:42:09,    10,  4239,   420,  999.0, 300,22.3,25.3, 0.0,  0, 0.0000,     0,21.3,22.7,44.2, 25,    13,    43, 0.4140, 0.8016
M5,25/07/23,15:42:10,    10,  4240,   421,  999.0, 300,22.3,25.3, 0.0,  0, 0.0000,     0,21.3,22.7,44.2, 25,    13,    44, 0.4068, 0.7845
M5,25/07/23,15:42:11,    10,  4241,   421,  999.0, 300,22.3,25.3, 0.0,  0, 0.0000,     0,21.1,22.7,44.2, 25,    14,    45, 0.4016, 0.7629
M5,25/07/23,15:42:12,    10,  4242,   422,  999.0, 300,22.3,25.3, 0.0,  0, 0.0000,     0,21.1,22.7,44.2, 25,    14,    46, 0.3978, 0.7384
M5,25/07/23,15:42:13,    10,  4243,   422,  999.0, 300,22.3,25.3, 0.0,  0, 0.0000,     0,21.1,22.7,44.2, 25,    15,    47, 0.3956, 0.7126
M5,25/07/23,15:42:14,    10,  4244,   423,  999.0, 300,22.3,25.3, 0.0,  0, 0.0000,     0,21.1,22.7,44.2, 25,    15,    48, 0.3949, 0.6832
M5,25/07/23,15:42:15,    10,  4245,   423,  999.1, 300,22.3,25.3, 0.0,  0, 0.0000,     0,21.1,22.7,44.2, 25,    16,    49, 0.3956, 0.6522
M5,25/07/23,15:42:16,    10,  4246,   424,  999.1, 300,22.4,25.3, 0.0,  0, 0.0000,     0,21.1,22.7,44.2, 25,    17,    50, 0.3981, 0.6211
M5,25/07/23,15:42:17,    10,  4247,   425,  999.1, 300,22.4,25.3, 0.0,  0, 0.0000,     0,21.1,22.7,44.2, 25,    17,    51, 0.4009, 0.5895
M5,25/07/23,15:42:18,    10,  4248,   425,  999.1, 300,22.5,25.3, 0.0,  0, 0.0000,     0,21.1,22.7,44.2, 25,    18,    52, 0.4054, 0.5593
M5,25/07/23,15:42:19,    10,  4249,   426,  999.1, 300,22.5,25.3, 0.0,  0, 0.0000,     0,21.1,22.7,44.2, 25,    18,    53, 0.4084, 0.5338
M5,25/07/23,15:42:20,    10,  4250,   426,  999.1, 300,22.5,25.3, 0.0,  0, 0.0000,     0,21.1,22.7,44.2, 25,    19,    54, 0.4121, 0.5113
M5,25/07/23,15:42:21,    10,  4251,   427,  999.1, 300,22.5,25.3, 0.0,  0, 0.0000,     0,21.1,22.7,44.2, 25,    19,    55, 0.4153, 0.4904
M5,25/07/23,15:42:22,    10,  4252,   427,  999.1, 300,22.5,25.3, 0.0,  0, 0.0000,     0,21.1,22.7,44.1, 25,    20,    56, 0.4181, 0.4733
M5,25/07/23,15:42:23,    10,  4253,   427,  999.1, 300,22.5,25.3, 0.0,  0, 0.0000,     0,21.1,22.7,44.1, 25,    20,    57, 0.4207, 0.4599
M5,25/07/23,15:42:24,    10,  4254,   427,  999.1, 300,22.5,25.3, 0.0,  0, 0.0000,     0,21.1,22.7,44.1, 25,    20,    58, 0.4222, 0.4504
M5,25/07/23,15:42:25,    10,  4255,   428,  999.1, 300,22.6,25.3, 0.0,  0, 0.0000,     0,21.1,22.7,44.1, 25,    20,    59, 0.4240, 0.4434
M5,25/07/23,15:42:26,    10,  4256,   428,  999.1, 300,22.6,25.3, 0.0,  0, 0.0000,     0,21.1,22.7,44.1, 25,    21,    60, 0.4255, 0.4358
R5,25/07/23,15:42:26,    10,  4256,   428,  999.1, 300,22.6,25.3, 0.0,  0, 0.0000,     0,21.1,22.7,44.1, 25,    21,    60, 0.4255, 0.4358
End
Start
M5,25/07/23,15:43:13,    10,  4303,   410,  999.0, 300,22.1,25.2, 0.0,  0, 0.0000,     0,21.1,22.3,44.1, 20,     1,     1, 0.0000, 0.0000
M5,25/07/23,15:43:14,    10,  4304,   410,  999.0, 300,22.1,25.2, 0.0,  0, 0.0000,     0,21.1,22.3,44.1, 20,     1,     2, 0.0000, 0.0000
M5,25/07/23,15:43:15,    10,  4305,   411,  999.0, 300,22.1,25.2, 0.0,  0, 0.0000,     0,21.1,22.3,44.1, 20,     2,     3, 0.0000, 0.0000
M5,25/07/23,15:43:16,    10,  4306,   411,  999.0, 300,22.1,25.2, 0.0,  0, 0.0000,     0,21.1,22.3,44.1, 20,     2,     4, 0.0000, 0.0000
M5,25/07/23,15:43:17,    10,  4307,   411,  999.0, 300,22.1,25.2, 0.0,  0, 0.0000,     0,21.1,22.3,44.1, 20,     2,     5, 0.0000, 0.0000
M5,25/07/23,15:43:18,    10,  4308,   411,  999.0, 300,22.1,25.2, 0.0,  0, 0.0000,     0,21.1,22.3,44.1, 20,     2,     6, 0.0000, 0.0000
M5,25/07/23,15:43:19,    10,  4309,   411,  999.0, 300,22.1,25.2, 0.0,  0, 0.0000,     0,21.1,22.3,44.1, 20,     2,     7, 0.0000, 0.0000
M5,25/07/23,15:43:20,    10,  4310,   411,  999.1, 300,22.1,25.2, 0.0,  0, 0.0000,     0,21.1,22.3,44.1, 20,     2,     8, 0.0000, 0.0000
M5,25/07/23,15:43:21,    10,  4311,   412,  999.1, 300,22.1,25.2, 0.0,  0, 0.0000,     0,21.1,22.4,44.1, 20,     2,     9, 0.0000, 0.0000
M5,25/07/23,15:43:22,    10,  4312,   412,  999.1, 300,22.1,25.2, 0.0,  0, 0.0000,     0,21.1,22.4,44.1, 25,     3,    10, 0.0000, 0.0000
M5,25/07/23,15:43:23,    10,  4313,   412,  999.1, 300,22.1,25.2, 0.0,  0, 0.0000,     0,21.1,22.4,44.1, 25,     3,    11, 0.0000, 0.0000
M5,25/07/23,15:43:24,    10,  4314,   412,  999.1, 300,22.1,25.2, 0.0,  0, 0.0000,     0,21.1,22.4,44.1, 25,     3,    12, 0.0000, 0.0000
M5,25/07/23,15:43:25,    10,  4315,   412,  999.1, 300,22.1,25.2, 0.0,  0, 0.0000,     0,21.1,22.4,44.1, 25,     3,    13, 0.1875, 0.1788
M5,25/07/23,15:43:26,    10,  4316,   413,  999.1, 300,22.1,25.2, 0.0, 21, 0.0000,     0,21.1,22.4,44.1, 25,     3,    14, 0.2262, 0.1113
M5,25/07/23,15:43:27,    10,  4317,   413,  999.1, 300,22.1,25.2, 0.0, 21, 0.0000,     0,21.1,22.4,44.1, 25,     4,    15, 0.2587, 0.1013
M5,25/07/23,15:43:28,    10,  4318,   413,  999.1, 299,22.1,25.2, 0.0,  0, 0.0000,     0,21.1,22.4,44.1, 25,     4,    16, 0.2428, 0.2116
M5,25/07/23,15:43:29,    10,  4319,   413,  999.1, 300,22.1,25.2, 0.0,  0, 0.0000,     0,21.1,22.4,44.1, 25,     4,    17, 0.2170, 0.2926
M5,25/07/23,15:43:30,    10,  4320,   413,  999.1, 300,22.1,25.2, 0.0,  0, 0.0000,     0,21.1,22.4,44.1, 25,     4,    18, 0.1921, 0.3290
M5,25/07/23,15:43:31,    10,  4321,   413,  999.1, 300,22.1,25.2, 0.0,  0, 0.0000,     0,21.1,22.4,44.1, 25,     4,    19, 0.1793, 0.3166
M5,25/07/23,15:43:32,    10,  4322,   413,  999.1, 300,22.1,25.2, 0.0,  0, 0.0000,     0,21.1,22.4,44.1, 25,     4,    20, 0.1663, 0.3159
M5,25/07/23,15:43:33,    10,  4323,   413,  999.1, 300,22.1,25.2, 0.0,  0, 0.0000,     0,21.1,22.4,44.1, 25,     4,    21, 0.1661, 0.2720
M5,25/07/23,15:43:34,    10,  4324,   413,  999.1, 300,22.2,25.2, 0.0,  0, 0.0000,     0,21.1,22.4,44.1, 25,     4,    22, 0.1611, 0.2598
M5,25/07/23,15:43:35,    10,  4325,   414,  999.1, 300,22.2,25.2, 0.0,  0, 0.0000,     0,21.1,22.4,44.1, 25,     4,    23, 0.1583, 0.2420
M5,25/07/23,15:43:36,    10,  4326,   414,  999.1, 300,22.2,25.2, 0.0,  0, 0.0000,     0,21.1,22.4,44.1, 25,     5,    24, 0.1584, 0.2252
M5,25/07/23,15:43:37,    10,  4327,   414,  999.1, 300,22.2,25.2, 0.0,  0, 0.0000,     0,21.1,22.4,44.1, 25,     5,    25, 0.1626, 0.1959
M5,25/07/23,15:43:38,    10,  4328,   414,  999.1, 300,22.2,25.2, 0.0,  0, 0.0000,     0,21.1,22.5,44.1, 25,     5,    26, 0.1710, 0.1663
M5,25/07/23,15:43:39,    10,  4329,   414,  999.1, 300,22.2,25.2, 0.0,  0, 0.0000,     0,21.1,22.5,44.1, 25,     5,    27, 0.1730, 0.1597
M5,25/07/23,15:43:40,    10,  4330,   414,  999.1, 300,22.2,25.2, 0.0,  0, 0.0000,     0,21.1,22.5,44.1, 25,     5,    28, 0.1715, 0.1662
M5,25/07/23,15:43:41,    10,  4331,   415,  999.1, 300,22.2,25.2, 0.0,  0, 0.0000,     0,21.1,22.5,44.1, 25,     5,    29, 0.1708, 0.1690
M5,25/07/23,15:43:42,    10,  4332,   415,  999.1, 300,22.2,25.2, 0.0,  0, 0.0000,     0,21.1,22.5,44.1, 25,     6,    30, 0.1754, 0.1531
M5,25/07/23,15:43:43,    10,  4333,   416,  999.1, 300,22.3,25.2, 0.0, 21, 0.0000,     0,21.1,22.5,44.1, 25,     7,    31, 0.1961, 0.0920
M5,25/07/23,15:43:44,    10,  4334,   418,  999.1, 300,22.3,25.2, 0.0, 21, 0.0000,     0,21.1,22.5,44.1, 25,     9,    32, 0.2273, 0.0018
M5,25/07/23,15:43:45,    10,  4335,   419,  999.1, 300,22.3,25.2, 0.0, 21, 0.0000,     0,21.1,22.5,44.1, 25,    10,    33, 0.2685,-0.1033
M5,25/07/23,15:43:46,    10,  4336,   421,  999.1, 300,22.3,25.2, 0.0, 21, 0.0000,     0,21.1,22.5,44.1, 25,    12,    34, 0.3154,-0.2100
M5,25/07/23,15:43:47,    10,  4337,   422,  999.1, 300,22.3,25.2, 0.0, 21, 0.0000,     0,21.1,22.5,44.1, 25,    13,    35, 0.3610,-0.2929
M5,25/07/23,15:43:48,    10,  4338,   423,  999.1, 300,22.3,25.2, 0.0, 21, 0.0000,     0,21.1,22.5,44.1, 25,    14,    36, 0.4010,-0.3392
M5,25/07/23,15:43:49,    10,  4339,   424,  999.1, 300,22.3,25.2, 0.0, 21, 0.0000,     0,21.1,22.5,44.1, 25,    15,    37, 0.4366,-0.3650
M5,25/07/23,15:43:50,    10,  4340,   424,  999.1, 300,22.3,25.2, 0.0, 21, 0.0000,     0,21.1,22.5,44.1, 25,    15,    38, 0.4661,-0.3640
M5,25/07/23,15:43:51,    10,  4341,   424,  999.1, 300,22.3,25.2, 0.0, 21, 0.0000,     0,21.1,22.5,44.1, 25,    15,    39, 0.4894,-0.3421
M5,25/07/23,15:43:52,    10,  4342,   425,  999.1, 300,22.4,25.2, 0.0, 21, 0.0000,     0,21.1,22.5,44.1, 25,    15,    40, 0.5071,-0.3017
M5,25/07/23,15:43:53,    10,  4343,   425,  999.1, 300,22.4,25.2, 0.0, 21, 0.0000,     0,21.1,22.5,44.1, 25,    16,    41, 0.5195,-0.2506
M5,25/07/23,15:43:54,    10,  4344,   425,  999.1, 300,22.4,25.2, 0.0, 21, 0.0000,     0,21.1,22.5,44.1, 25,    16,    42, 0.5280,-0.1930
M5,25/07/23,15:43:55,    10,  4345,   425,  999.1, 300,22.4,25.1, 0.0, 21, 0.0000,     0,21.1,22.5,44.1, 25,    16,    43, 0.5347,-0.1358
M5,25/07/23,15:43:56,    10,  4346,   426,  999.1, 300,22.4,25.1, 0.0, 21, 0.0000,     0,21.1,22.5,44.1, 25,    16,    44, 0.5394,-0.0802
M5,25/07/23,15:43:57,    10,  4347,   426,  999.1, 300,22.4,25.1, 0.0, 21, 0.0000,     0,21.1,22.5,44.1, 25,    17,    45, 0.5437,-0.0297
M5,25/07/23,15:43:58,    10,  4348,   426,  999.1, 300,22.4,25.1, 0.0, 21, 0.0000,     0,21.1,22.5,44.1, 25,    17,    46, 0.5457, 0.0218
M5,25/07/23,15:43:59,    10,  4349,   426,  999.1, 300,22.4,25.1, 0.0, 21, 0.0000,     0,21.1,22.5,44.1, 25,    17,    47, 0.5452, 0.0760
M5,25/07/23,15:44:00,    10,  4350,   426,  999.1, 300,22.4,25.1, 0.0, 21, 0.0000,     0,21.1,22.5,44.1, 25,    17,    48, 0.5434, 0.1281
M5,25/07/23,15:44:01,    10,  4351,   426,  999.1, 300,22.5,25.1, 0.0, 21, 0.0000,     0,21.1,22.5,44.1, 25,    17,    49, 0.5405, 0.1809
M5,25/07/23,15:44:02,    10,  4352,   427,  999.1, 300,22.5,25.1, 0.0, 21, 0.0000,     0,21.1,22.5,44.1, 25,    17,    50, 0.5362, 0.2295
M5,25/07/23,15:44:03,    10,  4353,   427,  999.1, 299,22.5,25.1, 0.0, 21, 0.0000,     0,21.1,22.5,44.4, 25,    17,    51, 0.5308, 0.2770
M5,25/07/23,15:44:04,    10,  4354,   427,  999.1, 300,22.5,25.1, 0.0, 21, 0.0000,     0,21.1,22.5,44.4, 25,    18,    52, 0.5256, 0.3183
M5,25/07/23,15:44:05,    10,  4355,   427,  999.1, 300,22.5,25.1, 0.0, 21, 0.0000,     0,21.1,22.5,44.4, 25,    18,    53, 0.5207, 0.3541
M5,25/07/23,15:44:06,    10,  4356,   427,  999.1, 300,22.5,25.1, 0.0,  0, 0.0000,     0,21.1,22.5,44.4, 25,    18,    54, 0.5159, 0.3878
M5,25/07/23,15:44:07,    10,  4357,   428,  999.1, 300,22.5,25.1, 0.0,  0, 0.0000,     0,21.1,22.5,44.4, 25,    19,    55, 0.5109, 0.4164
M5,25/07/23,15:44:08,    10,  4358,   428,  999.1, 300,22.5,25.1, 0.0,  0, 0.0000,     0,21.1,22.5,44.3, 25,    19,    56, 0.5057, 0.4430
M5,25/07/23,15:44:09,    10,  4359,   428,  999.1, 300,22.5,25.1, 0.0,  0, 0.0000,     0,21.1,22.5,44.3, 25,    19,    57, 0.5008, 0.4657
M5,25/07/23,15:44:10,    10,  4360,   428,  999.1, 300,22.5,25.1, 0.0,  0, 0.0000,     0,21.1,22.5,44.3, 25,    19,    58, 0.4952, 0.4890
M5,25/07/23,15:44:11,    10,  4361,   428,  999.1, 300,22.5,25.1, 0.0,  0, 0.0000,     0,21.1,22.5,44.3, 25,    19,    59, 0.4898, 0.5106
M5,25/07/23,15:44:12,    10,  4362,   429,  999.1, 300,22.5,25.1, 0.0,  0, 0.0000,     0,21.1,22.5,44.3, 25,    20,    60, 0.4857, 0.5236
R5,25/07/23,15:44:12,    10,  4362,   429,  999.1, 300,22.5,25.1, 0.0,  0, 0.0000,     0,21.1,22.5,44.3, 25,    20,    60, 0.4857, 0.5236
End
Start
M5,25/07/23,15:45:05,    10,  4414,   412,  999.1, 300,22.4,25.0, 0.0,  0, 0.0000,     0,21.1,22.2,44.3, 20,     0,     1, 0.0000, 0.0000
M5,25/07/23,15:45:06,    10,  4415,   413,  999.1, 300,22.4,25.0, 0.0,  0, 0.0000,     0,21.1,22.2,44.3, 20,     0,     2, 0.0000, 0.0000
M5,25/07/23,15:45:07,    10,  4416,   413,  999.1, 300,22.4,25.0, 0.0,  0, 0.0000,     0,21.1,22.2,44.3, 20,     1,     3, 0.0000, 0.0000
M5,25/07/23,15:45:08,    10,  4417,   413,  999.1, 300,22.4,25.0, 0.0,  0, 0.0000,     0,21.1,22.2,44.3, 20,     1,     4, 0.0000, 0.0000
M5,25/07/23,15:45:09,    10,  4418,   413,  999.1, 300,22.3,25.0, 0.0,  0, 0.0000,     0,21.1,22.2,44.3, 20,     1,     5, 0.0000, 0.0000
M5,25/07/23,15:45:10,    10,  4419,   413,  999.1, 300,22.3,25.0, 0.0,  0, 0.0000,     0,21.1,22.2,44.3, 20,     1,     6, 0.0000, 0.0000
M5,25/07/23,15:45:11,    10,  4420,   414,  999.1, 300,22.3,25.0, 0.0,  0, 0.0000,     0,21.1,22.2,44.3, 20,     1,     7, 0.0000, 0.0000
M5,25/07/23,15:45:12,    10,  4421,   414,  999.1, 300,22.3,25.0, 0.0,  0, 0.0000,     0,21.1,22.3,44.3, 20,     2,     8, 0.0000, 0.0000
M5,25/07/23,15:45:13,    10,  4422,   414,  999.1, 300,22.3,25.0, 0.0,  0, 0.0000,     0,21.1,22.3,44.3, 20,     2,     9, 0.0000, 0.0000
M5,25/07/23,15:45:14,    10,  4423,   414,  999.1, 300,22.3,25.0, 0.0,  0, 0.0000,     0,21.1,22.3,44.3, 25,     2,    10, 0.0000, 0.0000
M5,25/07/23,15:45:15,    10,  4424,   415,  999.1, 300,22.3,25.0, 0.0,  0, 0.0000,     0,21.1,22.3,44.3, 25,     3,    11, 0.0000, 0.0000
M5,25/07/23,15:45:16,    10,  4425,   415,  999.1, 300,22.3,25.0, 0.0,  0, 0.0000,     0,21.1,22.3,44.3, 25,     3,    12, 0.0000, 0.0000
M5,25/07/23,15:45:17,    10,  4426,   415,  999.1, 300,22.3,25.0, 0.0,  0, 0.0000,     0,21.1,22.3,44.3, 25,     3,    13, 0.3458, 0.6305
M5,25/07/23,15:45:18,    10,  4427,   415,  999.1, 300,22.3,25.0, 0.0,  0, 0.0000,     0,21.1,22.3,44.3, 25,     3,    14, 0.2470, 0.6336
M5,25/07/23,15:45:19,    10,  4428,   415,  999.1, 300,22.3,25.0, 0.0,  0, 0.0000,     0,21.1,22.3,44.3, 25,     3,    15, 0.1838, 0.5611
M5,25/07/23,15:45:20,    10,  4429,   415,  999.1, 300,22.3,25.0, 0.0,  0, 0.0000,     0,21.1,22.3,44.3, 25,     3,    16, 0.1619, 0.4350
M5,25/07/23,15:45:21,    10,  4430,   415,  999.1, 300,22.4,25.0, 0.0,  0, 0.0000,     0,21.1,22.3,44.3, 25,     3,    17, 0.1575, 0.3396
M5,25/07/23,15:45:22,    10,  4431,   416,  999.1, 300,22.4,25.0, 0.0,  0, 0.0000,     0,21.1,22.3,44.3, 25,     4,    18, 0.1698, 0.2367
M5,25/07/23,15:45:23,    10,  4432,   416,  999.1, 300,22.3,25.0, 0.0,  0, 0.0000,     0,21.1,22.3,44.3, 25,     4,    19, 0.1867, 0.1625
M5,25/07/23,15:45:24,    10,  4433,   416,  999.1, 300,22.3,25.0, 0.0, 21, 0.0000,     0,21.1,22.3,44.4, 25,     4,    20, 0.1972, 0.1396
M5,25/07/23,15:45:25,    10,  4434,   416,  999.1, 300,22.3,25.0, 0.0, 21, 0.0000,     0,21.1,22.3,44.4, 25,     4,    21, 0.2032, 0.1391
M5,25/07/23,15:45:26,    10,  4435,   417,  999.1, 300,22.3,25.0, 0.0, 21, 0.0000,     0,21.1,22.3,44.4, 25,     4,    22, 0.2063, 0.1468
M5,25/07/23,15:45:27,    10,  4436,   417,  999.1, 300,22.3,25.0, 0.0,  0, 0.0000,     0,21.1,22.3,44.4, 25,     5,    23, 0.2078, 0.1569
M5,25/07/23,15:45:28,    10,  4437,   417,  999.1, 300,22.4,25.0, 0.0,  0, 0.0000,     0,21.1,22.3,44.4, 25,     5,    24, 0.2099, 0.1685
M5,25/07/23,15:45:29,    10,  4438,   417,  999.1, 300,22.4,25.0, 0.0,  0, 0.0000,     0,21.1,22.3,44.4, 25,     5,    25, 0.2140, 0.1642
M5,25/07/23,15:45:30,    10,  4439,   418,  999.1, 300,22.4,25.0, 0.0, 21, 0.0000,     0,21.1,22.3,44.4, 25,     5,    26, 0.2201, 0.1547
M5,25/07/23,15:45:31,    10,  4440,   418,  999.1, 300,22.4,25.0, 0.0, 21, 0.0000,     0,21.1,22.3,44.4, 25,     6,    27, 0.2233, 0.1570
M5,25/07/23,15:45:32,    10,  4441,   418,  999.1, 300,22.4,25.0, 0.0, 21, 0.0000,     0,21.1,22.3,44.4, 25,     6,    28, 0.2286, 0.1540
M5,25/07/23,15:45:33,    10,  4442,   418,  999.1, 300,22.4,25.0, 0.0, 21, 0.0000,     0,21.1,22.3,44.4, 25,     6,    29, 0.2315, 0.1574
M5,25/07/23,15:45:34,    10,  4443,   419,  999.1, 300,22.4,25.0, 0.0, 21, 0.0000,     0,21.1,22.3,44.4, 25,     6,    30, 0.2364, 0.1569
M5,25/07/23,15:45:35,    10,  4444,   419,  999.1, 300,22.4,25.0, 0.0, 21, 0.0000,     0,21.1,22.4,44.3, 25,     7,    31, 0.2412, 0.1535
M5,25/07/23,15:45:36,    10,  4445,   419,  999.1, 300,22.4,25.0, 0.0, 21, 0.0000,     0,21.1,22.4,44.3, 25,     7,    32, 0.2442, 0.1569
M5,25/07/23,15:45:37,    10,  4446,   419,  999.1, 300,22.5,25.0, 0.0, 21, 0.0000,     0,21.1,22.4,44.3, 25,     7,    33, 0.2483, 0.1577
M5,25/07/23,15:45:38,    10,  4447,   420,  999.1, 300,22.5,25.0, 0.0, 21, 0.0000,     0,21.1,22.4,44.3, 25,     8,    34, 0.2523, 0.1566
M5,25/07/23,15:45:39,    10,  4448,   420,  999.1, 300,22.5,25.0, 0.0, 21, 0.0000,     0,21.1,22.4,44.3, 25,     8,    35, 0.2570, 0.1553
M5,25/07/23,15:45:40,    10,  4449,   420,  999.1, 300,22.5,25.0, 0.0, 21, 0.0000,     0,21.1,22.4,44.4, 25,     8,    36, 0.2615, 0.1535
M5,25/07/23,15:45:41,    10,  4450,   421,  999.1, 300,22.5,25.0, 0.0, 21, 0.0000,     0,21.1,22.4,44.4, 25,     8,    37, 0.2646, 0.1570
M5,25/07/23,15:45:42,    10,  4451,   421,  999.1, 300,22.5,25.0, 0.0, 21, 0.0000,     0,21.1,22.4,44.4, 25,     9,    38, 0.2665, 0.1637
M5,25/07/23,15:45:43,    10,  4452,   421,  999.1, 300,22.5,25.0, 0.0, 21, 0.0000,     0,21.1,22.4,44.4, 25,     9,    39, 0.2676, 0.1723
M5,25/07/23,15:45:44,    10,  4453,   421,  999.1, 300,22.5,25.0, 0.0, 21, 0.0000,     0,21.1,22.4,44.4, 25,     9,    40, 0.2684, 0.1820
M5,25/07/23,15:45:45,    10,  4454,   421,  999.1, 300,22.5,25.0, 0.0, 21, 0.0000,     0,21.1,22.4,44.4, 25,     9,    41, 0.2695, 0.1880
M5,25/07/23,15:45:46,    10,  4455,   422,  999.1, 300,22.5,25.0, 0.0,  0, 0.0000,     0,21.1,22.4,44.4, 25,     9,    42, 0.2704, 0.1957
M5,25/07/23,15:45:47,    10,  4456,   422,  999.1, 300,22.5,25.0, 0.0,  0, 0.0000,     0,21.1,22.4,44.4, 25,    10,    43, 0.2712, 0.2005
M5,25/07/23,15:45:48,    10,  4457,   422,  999.1, 300,22.5,25.0, 0.0,  0, 0.0000,     0,21.1,22.4,44.4, 25,    10,    44, 0.2735, 0.2000
M5,25/07/23,15:45:49,    10,  4458,   423,  999.1, 300,22.5,25.0, 0.0, 21, 0.0000,     0,21.1,22.4,44.4, 25,    11,    45, 0.2767, 0.1958
M5,25/07/23,15:45:50,    10,  4459,   423,  999.1, 300,22.5,25.0, 0.0, 21, 0.0000,     0,21.1,22.4,44.4, 25,    11,    46, 0.2798, 0.1923
M5,25/07/23,15:45:51,    10,  4460,   424,  999.1, 300,22.6,25.0, 0.0, 21, 0.0000,     0,21.1,22.4,44.4, 25,    11,    47, 0.2838, 0.1878
M5,25/07/23,15:45:52,    10,  4461,   424,  999.1, 300,22.6,25.0, 0.0, 21, 0.0000,     0,21.1,22.4,44.4, 25,    12,    48, 0.2865, 0.1868
M5,25/07/23,15:45:53,    10,  4462,   424,  999.1, 300,22.5,25.0, 0.0, 21, 0.0000,     0,21.1,22.4,44.4, 25,    12,    49, 0.2884, 0.1885
M5,25/07/23,15:45:54,    10,  4463,   424,  999.1, 300,22.5,25.0, 0.0, 21, 0.0000,     0,21.1,22.4,44.4, 25,    12,    50, 0.2898, 0.1924
M5,25/07/23,15:45:55,    10,  4464,   424,  999.1, 300,22.6,25.0, 0.0, 21, 0.0000,     0,21.1,22.4,44.4, 25,    12,    51, 0.2911, 0.1981
M5,25/07/23,15:45:56,    10,  4465,   424,  999.1, 300,22.6,25.0, 0.0, 21, 0.0000,     0,21.1,22.4,44.4, 25,    12,    52, 0.2916, 0.2044
M5,25/07/23,15:45:57,    10,  4466,   425,  999.1, 300,22.6,25.0, 0.0,  0, 0.0000,     0,21.1,22.4,44.4, 25,    12,    53, 0.2919, 0.2116
M5,25/07/23,15:45:58,    10,  4467,   425,  999.1, 300,22.6,25.0, 0.0,  0, 0.0000,     0,21.1,22.4,44.4, 25,    13,    54, 0.2922, 0.2168
M5,25/07/23,15:45:59,    10,  4468,   425,  999.1, 300,22.6,25.0, 0.0,  0, 0.0000,     0,21.1,22.4,44.4, 25,    13,    55, 0.2922, 0.2227
M5,25/07/23,15:46:00,    10,  4469,   425,  999.1, 300,22.6,25.0, 0.0,  0, 0.0000,     0,21.1,22.4,44.4, 25,    13,    56, 0.2924, 0.2270
M5,25/07/23,15:46:01,    10,  4470,   426,  999.1, 300,22.6,25.0, 0.0,  0, 0.0000,     0,21.1,22.4,44.2, 25,    14,    57, 0.2929, 0.2303
M5,25/07/23,15:46:02,    10,  4471,   426,  999.1, 300,22.6,25.0, 0.0,  0, 0.0000,     0,21.1,22.4,44.2, 25,    14,    58, 0.2937, 0.2326
M5,25/07/23,15:46:03,    10,  4472,   426,  999.1, 300,22.6,25.0, 0.0,  0, 0.0000,     0,21.1,22.4,44.2, 25,    14,    59, 0.2945, 0.2341
M5,25/07/23,15:46:04,    10,  4473,   427,  999.1, 300,22.6,25.0, 0.0,  0, 0.0000,     0,21.1,22.4,44.2, 25,    15,    60, 0.2957, 0.2352
R5,25/07/23,15:46:04,    10,  4473,   427,  999.1, 300,22.6,25.0, 0.0,  0, 0.0000,     0,21.1,22.4,44.2, 25,    15,    60, 0.2957, 0.2352
End
Start
M5,25/07/23,15:46:58,    10,  4527,   414,  999.1, 300,22.1,24.9, 0.0,  0, 0.0000,     0,20.9,22.0,44.4, 20,     0,     1, 0.0000, 0.0000
M5,25/07/23,15:46:59,    10,  4528,   414,  999.1, 300,22.1,24.9, 0.0,  0, 0.0000,     0,20.9,22.0,44.4, 20,     0,     2, 0.0000, 0.0000
M5,25/07/23,15:47:00,    10,  4529,   414,  999.1, 300,22.1,24.9, 0.0,  0, 0.0000,     0,21.1,22.1,44.4, 20,     0,     3, 0.0000, 0.0000
M5,25/07/23,15:47:01,    10,  4530,   414,  999.1, 300,22.1,24.9, 0.0,  0, 0.0000,     0,21.1,22.1,44.4, 20,     0,     4, 0.0000, 0.0000
M5,25/07/23,15:47:02,    10,  4531,   415,  999.1, 300,22.1,24.9, 0.0,  0, 0.0000,     0,21.1,22.1,44.4, 20,     0,     5, 0.0000, 0.0000
M5,25/07/23,15:47:03,    10,  4532,   415,  999.1, 300,22.1,24.9, 0.0,  0, 0.0000,     0,21.1,22.1,44.4, 20,     1,     6, 0.0000, 0.0000
M5,25/07/23,15:47:04,    10,  4533,   415,  999.2, 300,22.1,24.9, 0.0,  0, 0.0000,     0,21.1,22.1,44.4, 20,     1,     7, 0.0000, 0.0000
M5,25/07/23,15:47:05,    10,  4534,   415,  999.2, 300,22.1,24.9, 0.0,  0, 0.0000,     0,20.9,22.1,44.4, 20,     1,     8, 0.0000, 0.0000
M5,25/07/23,15:47:06,    10,  4535,   415,  999.2, 300,22.1,24.9, 0.0,  0, 0.0000,     0,20.9,22.1,44.4, 20,     1,     9, 0.0000, 0.0000
M5,25/07/23,15:47:07,    10,  4536,   416,  999.2, 300,22.1,24.9, 0.0,  0, 0.0000,     0,20.9,22.2,44.4, 25,     1,    10, 0.0000, 0.0000
M5,25/07/23,15:47:08,    10,  4537,   416,  999.2, 300,22.1,24.9, 0.0,  0, 0.0000,     0,20.9,22.2,44.4, 25,     2,    11, 0.0000, 0.0000
M5,25/07/23,15:47:09,    10,  4538,   417,  999.2, 300,22.1,24.9, 0.0,  0, 0.0000,     0,20.9,22.2,44.4, 25,     2,    12, 0.0000, 0.0000
M5,25/07/23,15:47:10,    10,  4539,   417,  999.2, 300,22.1,24.9, 0.0,  0, 0.0000,     0,20.9,22.2,44.4, 25,     3,    13, 0.4494, 0.7344
M5,25/07/23,15:47:11,    10,  4540,   417,  999.2, 300,22.1,24.9, 0.0,  0, 0.0000,     0,20.9,22.2,44.4, 25,     3,    14, 0.3867, 0.6827
M5,25/07/23,15:47:12,    10,  4541,   417,  999.2, 300,22.1,24.9, 0.0,  0, 0.0000,     0,20.9,22.2,44.4, 25,     3,    15, 0.3126, 0.6823
M5,25/07/23,15:47:13,    10,  4542,   417,  999.2, 300,22.1,24.9, 0.0,  0, 0.0000,     0,20.9,22.2,44.4, 25,     3,    16, 0.2555, 0.6478
M5,25/07/23,15:47:14,    10,  4543,   417,  999.2, 300,22.1,24.9, 0.0,  0, 0.0000,     0,20.9,22.3,44.4, 25,     3,    17, 0.2256, 0.5582
M5,25/07/23,15:47:15,    10,  4544,   417,  999.2, 300,22.1,24.9, 0.0,  0, 0.0000,     0,20.9,22.3,44.4, 25,     3,    18, 0.2092, 0.4751
M5,25/07/23,15:47:16,    10,  4545,   417,  999.1, 300,22.2,24.9, 0.0,  0, 0.0000,     0,20.9,22.3,44.4, 25,     3,    19, 0.2016, 0.4080
M5,25/07/23,15:47:17,    10,  4546,   418,  999.1, 300,22.2,24.9, 0.0,  0, 0.0000,     0,20.9,22.3,44.4, 25,     3,    20, 0.1963, 0.3568
M5,25/07/23,15:47:18,    10,  4547,   418,  999.1, 300,22.2,24.9, 0.0,  0, 0.0000,     0,20.9,22.3,44.4, 25,     4,    21, 0.2016, 0.2984
M5,25/07/23,15:47:19,    10,  4548,   418,  999.1, 300,22.2,24.9, 0.0,  0, 0.0000,     0,20.9,22.3,44.4, 25,     4,    22, 0.2037, 0.2648
M5,25/07/23,15:47:20,    10,  4549,   418,  999.1, 300,22.2,24.9, 0.0,  0, 0.0000,     0,20.9,22.3,44.4, 25,     4,    23, 0.2103, 0.2290
M5,25/07/23,15:47:21,    10,  4550,   419,  999.1, 300,22.2,24.9, 0.0,  0, 0.0000,     0,20.9,22.3,44.4, 25,     4,    24, 0.2139, 0.2122
M5,25/07/23,15:47:22,    10,  4551,   419,  999.1, 300,22.2,24.9, 0.0,  0, 0.0000,     0,20.9,22.3,44.4, 25,     5,    25, 0.2203, 0.1915
M5,25/07/23,15:47:23,    10,  4552,   419,  999.1, 300,22.2,24.9, 0.0,  0, 0.0000,     0,20.9,22.3,44.4, 25,     5,    26, 0.2250, 0.1856
M5,25/07/23,15:47:24,    10,  4553,   419,  999.1, 300,22.2,24.9, 0.0,  0, 0.0000,     0,20.9,22.4,44.4, 25,     5,    27, 0.2271, 0.1860
M5,25/07/23,15:47:25,    10,  4554,   420,  999.1, 300,22.3,24.9, 0.0,  0, 0.0000,     0,20.9,22.4,44.4, 25,     5,    28, 0.2318, 0.1811
M5,25/07/23,15:47:26,    10,  4555,   420,  999.1, 300,22.3,24.9, 0.0,  0, 0.0000,     0,20.9,22.4,44.4, 25,     6,    29, 0.2340, 0.1821
M5,25/07/23,15:47:27,    10,  4556,   420,  999.1, 300,22.3,24.9, 0.0,  0, 0.0000,     0,20.9,22.4,44.4, 25,     6,    30, 0.2383, 0.1792
M5,25/07/23,15:47:28,    10,  4557,   420,  999.1, 299,22.3,24.9, 0.0,  0, 0.0000,     0,20.9,22.4,44.4, 25,     6,    31, 0.2404, 0.1812
M5,25/07/23,15:47:29,    10,  4558,   420,  999.1, 300,22.3,24.9, 0.0,  0, 0.0000,     0,20.9,22.4,44.4, 25,     6,    32, 0.2416, 0.1864
M5,25/07/23,15:47:30,    10,  4559,   421,  999.1, 300,22.3,24.9, 0.0,  0, 0.0000,     0,20.9,22.4,44.4, 25,     6,    33, 0.2420, 0.1931
M5,25/07/23,15:47:32,    10,  4560,   421,  999.1, 300,22.3,24.9, 0.0,  0, 0.0000,     0,20.9,22.4,44.4, 25,     7,    34, 0.2413, 0.2022
M5,25/07/23,15:47:33,    10,  4561,   421,  999.1, 300,22.3,24.9, 0.0,  0, 0.0000,     0,20.9,22.4,44.4, 25,     7,    35, 0.2427, 0.2058
M5,25/07/23,15:47:34,    10,  4562,   421,  999.1, 300,22.3,24.9, 0.0,  0, 0.0000,     0,20.9,22.4,44.4, 25,     7,    36, 0.2428, 0.2099
M5,25/07/23,15:47:35,    10,  4563,   421,  999.1, 300,22.3,24.8, 0.0,  0, 0.0000,     0,20.9,22.4,44.4, 25,     7,    37, 0.2425, 0.2148
M5,25/07/23,15:47:36,    10,  4564,   422,  999.1, 300,22.3,24.8, 0.0,  0, 0.0000,     0,20.9,22.4,44.4, 25,     7,    38, 0.2419, 0.2199
M5,25/07/23,15:47:37,    10,  4565,   422,  999.1, 300,22.4,24.9, 0.0,  0, 0.0000,     0,20.9,22.4,44.4, 25,     8,    39, 0.2431, 0.2213
M5,25/07/23,15:47:38,    10,  4566,   422,  999.1, 300,22.4,24.9, 0.0,  0, 0.0000,     0,20.9,22.5,44.4, 25,     8,    40, 0.2431, 0.2233
M5,25/07/23,15:47:39,    10,  4567,   422,  999.1, 300,22.4,24.9, 0.0,  0, 0.0000,     0,20.9,22.5,44.4, 25,     8,    41, 0.2428, 0.2260
M5,25/07/23,15:47:40,    10,  4568,   422,  999.1, 300,22.4,24.9, 0.0,  0, 0.0000,     0,20.9,22.5,44.4, 25,     8,    42, 0.2436, 0.2257
M5,25/07/23,15:47:41,    10,  4569,   423,  999.1, 300,22.4,24.9, 0.0,  0, 0.0000,     0,20.9,22.5,44.4, 25,     9,    43, 0.2448, 0.2231
M5,25/07/23,15:47:42,    10,  4570,   423,  999.1, 300,22.4,24.8, 0.0,  0, 0.0000,     0,20.9,22.5,44.4, 25,     9,    44, 0.2457, 0.2226
M5,25/07/23,15:47:43,    10,  4571,   423,  999.1, 300,22.4,24.8, 0.0,  0, 0.0000,     0,20.9,22.5,44.4, 25,     9,    45, 0.2469, 0.2201
M5,25/07/23,15:47:44,    10,  4572,   424,  999.1, 300,22.4,24.9, 0.0,  0, 0.0000,     0,20.9,22.5,44.4, 25,     9,    46, 0.2491, 0.2170
M5,25/07/23,15:47:45,    10,  4573,   424,  999.1, 300,22.4,24.9, 0.0,  0, 0.0000,     0,20.9,22.5,44.4, 25,    10,    47, 0.2518, 0.2098
M5,25/07/23,15:47:46,    10,  4574,   425,  999.1, 300,22.4,24.9, 0.0,  0, 0.0000,     0,20.9,22.5,44.4, 25,    10,    48, 0.2554, 0.2005
M5,25/07/23,15:47:47,    10,  4575,   425,  999.1, 300,22.4,24.8, 0.0,  0, 0.0000,     0,20.9,22.5,44.4, 25,    11,    49, 0.2579, 0.1948
M5,25/07/23,15:47:48,    10,  4576,   425,  999.1, 300,22.4,24.8, 0.0,  0, 0.0000,     0,20.9,22.5,44.4, 25,    11,    50, 0.2601, 0.1923
M5,25/07/23,15:47:49,    10,  4577,   425,  999.1, 300,22.5,24.8, 0.0,  0, 0.0000,     0,20.9,22.5,44.4, 25,    11,    51, 0.2621, 0.1924
M5,25/07/23,15:47:50,    10,  4578,   425,  999.1, 300,22.5,24.8, 0.0,  0, 0.0000,     0,20.9,22.5,44.4, 25,    11,    52, 0.2639, 0.1916
M5,25/07/23,15:47:51,    10,  4579,   426,  999.1, 300,22.5,24.8, 0.0, 21, 0.0000,     0,20.9,22.5,44.4, 25,    12,    53, 0.2662, 0.1907
M5,25/07/23,15:47:52,    10,  4580,   426,  999.1, 300,22.5,24.8, 0.0, 21, 0.0000,     0,20.9,22.5,44.4, 25,    12,    54, 0.2681, 0.1898
M5,25/07/23,15:47:53,    10,  4581,   426,  999.1, 300,22.5,24.8, 0.0, 21, 0.0000,     0,20.9,22.5,44.4, 25,    12,    55, 0.2697, 0.1909
M5,25/07/23,15:47:54,    10,  4582,   426,  999.1, 300,22.5,24.8, 0.0,  0, 0.0000,     0,20.9,22.5,44.4, 25,    12,    56, 0.2702, 0.1949
M5,25/07/23,15:47:55,    10,  4583,   426,  999.1, 300,22.5,24.8, 0.0,  0, 0.0000,     0,20.9,22.5,44.4, 25,    12,    57, 0.2700, 0.2014
M5,25/07/23,15:47:56,    10,  4584,   427,  999.1, 300,22.5,24.8, 0.0,  0, 0.0000,     0,20.9,22.5,44.4, 25,    12,    58, 0.2702, 0.2061
M5,25/07/23,15:47:57,    10,  4585,   427,  999.1, 300,22.5,24.8, 0.0,  0, 0.0000,     0,20.9,22.5,44.4, 25,    13,    59, 0.2710, 0.2077
M5,25/07/23,15:47:58,    10,  4586,   427,  999.1, 300,22.5,24.8, 0.0,  0, 0.0000,     0,20.9,22.5,44.4, 25,    13,    60, 0.2718, 0.2105
R5,25/07/23,15:47:58,    10,  4586,   427,  999.1, 300,22.5,24.8, 0.0,  0, 0.0000,     0,20.9,22.5,44.4, 25,    13,    60, 0.2718, 0.2105
End
Start
M5,25/07/23,15:48:54,    10,  4642,   411,  999.1, 300,22.1,24.8, 0.0,  0, 0.0000,     0,20.9,22.6,44.1, 20,     1,     1, 0.0000, 0.0000
M5,25/07/23,15:48:55,    10,  4643,   411,  999.1, 300,22.1,24.8, 0.0,  0, 0.0000,     0,20.9,22.6,44.1, 20,     1,     2, 0.0000, 0.0000
M5,25/07/23,15:48:56,    10,  4644,   412,  999.1, 300,22.0,24.8, 0.0,  0, 0.0000,     0,20.9,22.6,44.1, 20,     2,     3, 0.0000, 0.0000
M5,25/07/23,15:48:57,    10,  4645,   412,  999.1, 300,22.0,24.8, 0.0,  0, 0.0000,     0,20.9,22.6,44.1, 20,     2,     4, 0.0000, 0.0000
M5,25/07/23,15:48:58,    10,  4646,   412,  999.1, 300,22.0,24.8, 0.0,  0, 0.0000,     0,20.9,22.6,44.3, 20,     2,     5, 0.0000, 0.0000
M5,25/07/23,15:48:59,    10,  4647,   413,  999.1, 300,22.0,24.8, 0.0,  0, 0.0000,     0,20.9,22.7,44.3, 20,     3,     6, 0.0000, 0.0000
M5,25/07/23,15:49:00,    10,  4648,   413,  999.1, 300,22.0,24.8, 0.0,  0, 0.0000,     0,20.9,22.7,44.3, 20,     3,     7, 0.0000, 0.0000
M5,25/07/23,15:49:01,    10,  4649,   413,  999.1, 300,22.0,24.8, 0.0,  0, 0.0000,     0,20.9,22.7,44.3, 20,     3,     8, 0.0000, 0.0000
M5,25/07/23,15:49:02,    10,  4650,   413,  999.1, 300,22.0,24.8, 0.0,  0, 0.0000,     0,20.9,22.7,44.3, 20,     3,     9, 0.0000, 0.0000
M5,25/07/23,15:49:03,    10,  4651,   413,  999.1, 300,22.0,24.8, 0.0,  0, 0.0000,     0,20.9,22.7,44.3, 25,     3,    10, 0.0000, 0.0000
M5,25/07/23,15:49:04,    10,  4652,   413,  999.1, 300,22.0,24.8, 0.0,  0, 0.0000,     0,20.9,22.7,44.1, 25,     3,    11, 0.0000, 0.0000
M5,25/07/23,15:49:05,    10,  4653,   414,  999.1, 300,22.0,24.8, 0.0,  0, 0.0000,     0,20.9,22.7,44.1, 25,     4,    12, 0.0000, 0.0000
M5,25/07/23,15:49:06,    10,  4654,   414,  999.1, 300,22.0,24.8, 0.0,  0, 0.0000,     0,20.9,22.7,44.1, 25,     4,    13, 0.3749, 0.3666
M5,25/07/23,15:49:07,    10,  4655,   414,  999.1, 300,22.0,24.8, 0.0,  0, 0.0000,     0,20.9,22.7,44.1, 25,     4,    14, 0.3789, 0.3725
M5,25/07/23,15:49:08,    10,  4656,   415,  999.1, 300,22.0,24.8, 0.0,  0, 0.0000,     0,20.9,22.8,44.1, 25,     5,    15, 0.3520, 0.4316
M5,25/07/23,15:49:09,    10,  4657,   415,  999.1, 300,22.0,24.8, 0.0,  0, 0.0000,     0,20.9,22.8,44.3, 25,     5,    16, 0.3071, 0.5060
M5,25/07/23,15:49:10,    10,  4658,   415,  999.1, 300,22.0,24.8, 0.0,  0, 0.0000,     0,20.9,22.8,44.3, 25,     5,    17, 0.2617, 0.5346
M5,25/07/23,15:49:11,    10,  4659,   415,  999.1, 300,22.0,24.8, 0.0,  0, 0.0000,     0,20.9,22.8,44.3, 25,     5,    18, 0.2224, 0.5340
M5,25/07/23,15:49:12,    10,  4660,   415,  999.1, 300,22.1,24.8, 0.0,  0, 0.0000,     0,20.9,22.8,44.3, 25,     5,    19, 0.2018, 0.4860
M5,25/07/23,15:49:13,    10,  4661,   415,  999.1, 300,22.1,24.8, 0.0,  0, 0.0000,     0,20.9,22.8,44.3, 25,     5,    20, 0.1981, 0.4053
M5,25/07/23,15:49:14,    10,  4662,   415,  999.1, 300,22.1,24.8, 0.0,  0, 0.0000,     0,20.9,22.8,44.3, 25,     5,    21, 0.1970, 0.3518
M5,25/07/23,15:49:15,    10,  4663,   416,  999.1, 300,22.1,24.8, 0.0,  0, 0.0000,     0,20.9,22.8,44.3, 25,     6,    22, 0.2015, 0.2946
M5,25/07/23,15:49:16,    10,  4664,   416,  999.1, 300,22.1,24.8, 0.0,  0, 0.0000,     0,20.9,22.8,44.3, 25,     6,    23, 0.2100, 0.2458
M5,25/07/23,15:49:17,    10,  4665,   416,  999.1, 300,22.1,24.8, 0.0,  0, 0.0000,     0,20.9,22.8,44.3, 25,     6,    24, 0.2146, 0.2215
M5,25/07/23,15:49:18,    10,  4666,   416,  999.1, 300,22.1,24.8, 0.0,  0, 0.0000,     0,20.9,22.8,44.3, 25,     6,    25, 0.2172, 0.2106
M5,25/07/23,15:49:19,    10,  4667,   417,  999.1, 300,22.1,24.8, 0.0,  0, 0.0000,     0,20.9,22.8,44.3, 25,     6,    26, 0.2231, 0.1960
M5,25/07/23,15:49:20,    10,  4668,   417,  999.1, 300,22.1,24.8, 0.0,  0, 0.0000,     0,20.9,22.9,44.3, 25,     7,    27, 0.2293, 0.1802
M5,25/07/23,15:49:21,    10,  4669,   417,  999.1, 300,22.2,24.8, 0.0, 21, 0.0000,     0,20.9,22.9,44.3, 25,     7,    28, 0.2369, 0.1670
M5,25/07/23,15:49:22,    10,  4670,   417,  999.1, 300,22.2,24.8, 0.0, 21, 0.0000,     0,20.9,22.9,44.3, 25,     7,    29, 0.2413, 0.1645
M5,25/07/23,15:49:23,    10,  4671,   417,  999.1, 300,22.2,24.8, 0.0, 21, 0.0000,     0,20.9,22.9,44.3, 25,     7,    30, 0.2447, 0.1695
M5,25/07/23,15:49:24,    10,  4672,   418,  999.1, 300,22.2,24.8, 0.0, 21, 0.0000,     0,20.9,22.9,44.3, 25,     8,    31, 0.2482, 0.1694
M5,25/07/23,15:49:25,    10,  4673,   418,  999.1, 300,22.2,24.7, 0.0, 21, 0.0000,     0,20.9,22.9,44.2, 25,     8,    32, 0.2503, 0.1743
M5,25/07/23,15:49:26,    10,  4674,   418,  999.1, 300,22.2,24.7, 0.0,  0, 0.0000,     0,20.9,22.9,44.2, 25,     8,    33, 0.2513, 0.1819
M5,25/07/23,15:49:27,    10,  4675,   418,  999.1, 300,22.2,24.7, 0.0,  0, 0.0000,     0,20.9,22.9,44.2, 25,     8,    34, 0.2515, 0.1907
M5,25/07/23,15:49:28,    10,  4676,   419,  999.1, 300,22.2,24.7, 0.0,  0, 0.0000,     0,20.9,22.9,44.2, 25,     9,    35, 0.2552, 0.1895
M5,25/07/23,15:49:29,    10,  4677,   419,  999.1, 300,22.2,24.7, 0.0,  0, 0.0000,     0,20.9,22.9,44.2, 25,     9,    36, 0.2571, 0.1913
M5,25/07/23,15:49:30,    10,  4678,   419,  999.1, 300,22.2,24.7, 0.0,  0, 0.0000,     0,20.9,22.9,44.3, 25,     9,    37, 0.2584, 0.1961
M5,25/07/23,15:49:31,    10,  4679,   419,  999.1, 300,22.2,24.7, 0.0,  0, 0.0000,     0,20.9,22.9,44.3, 25,     9,    38, 0.2587, 0.2022
M5,25/07/23,15:49:32,    10,  4680,   419,  999.1, 300,22.3,24.7, 0.0,  0, 0.0000,     0,20.9,22.9,44.3, 25,     9,    39, 0.2587, 0.2108
M5,25/07/23,15:49:33,    10,  4681,   420,  999.1, 300,22.3,24.7, 0.0,  0, 0.0000,     0,20.9,22.9,44.3, 25,    10,    40, 0.2590, 0.2150
M5,25/07/23,15:49:34,    10,  4682,   420,  999.1, 300,22.3,24.7, 0.0,  0, 0.0000,     0,20.9,22.9,44.3, 25,    10,    41, 0.2599, 0.2163
M5,25/07/23,15:49:35,    10,  4683,   420,  999.1, 300,22.3,24.7, 0.0,  0, 0.0000,     0,20.9,22.9,44.3, 25,    10,    42, 0.2617, 0.2160
M5,25/07/23,15:49:36,    10,  4684,   421,  999.1, 300,22.3,24.7, 0.0,  0, 0.0000,     0,20.9,22.9,44.3, 25,    11,    43, 0.2625, 0.2175
M5,25/07/23,15:49:37,    10,  4685,   421,  999.1, 300,22.3,24.7, 0.0,  0, 0.0000,     0,20.9,22.9,44.3, 25,    11,    44, 0.2643, 0.2178
M5,25/07/23,15:49:38,    10,  4686,   421,  999.1, 300,22.3,24.7, 0.0,  0, 0.0000,     0,20.9,22.9,44.3, 25,    11,    45, 0.2659, 0.2164
M5,25/07/23,15:49:39,    10,  4687,   421,  999.1, 300,22.4,24.7, 0.0,  0, 0.0000,     0,20.9,22.9,44.3, 25,    11,    46, 0.2672, 0.2175
M5,25/07/23,15:49:40,    10,  4688,   422,  999.1, 300,22.4,24.7, 0.0,  0, 0.0000,     0,20.9,22.9,44.3, 25,    12,    47, 0.2685, 0.2170
M5,25/07/23,15:49:41,    10,  4689,   422,  999.1, 300,22.4,24.7, 0.0,  0, 0.0000,     0,20.9,22.9,44.3, 25,    12,    48, 0.2694, 0.2184
M5,25/07/23,15:49:42,    10,  4690,   422,  999.1, 300,22.4,24.7, 0.0,  0, 0.0000,     0,20.9,22.9,44.3, 25,    12,    49, 0.2712, 0.2161
M5,25/07/23,15:49:43,    10,  4691,   423,  999.1, 300,22.4,24.7, 0.0,  0, 0.0000,     0,20.9,22.9,44.3, 25,    13,    50, 0.2738, 0.2111
M5,25/07/23,15:49:44,    10,  4692,   423,  999.1, 300,22.4,24.7, 0.0,  0, 0.0000,     0,20.9,22.9,44.3, 25,    13,    51, 0.2770, 0.2071
M5,25/07/23,15:49:45,    10,  4693,   423,  999.1, 300,22.4,24.7, 0.0,  0, 0.0000,     0,20.9,22.9,44.3, 25,    13,    52, 0.2796, 0.2033
M5,25/07/23,15:49:46,    10,  4694,   424,  999.1, 300,22.4,24.7, 0.0, 21, 0.0000,     0,20.9,22.9,44.4, 25,    14,    53, 0.2829, 0.1981
M5,25/07/23,15:49:47,    10,  4695,   424,  999.1, 300,22.4,24.7, 0.0, 21, 0.0000,     0,20.9,22.9,44.4, 25,    14,    54, 0.2860, 0.1938
M5,25/07/23,15:49:48,    10,  4696,   424,  999.1, 300,22.4,24.7, 0.0, 21, 0.0000,     0,20.9,22.9,44.4, 25,    14,    55, 0.2885, 0.1924
M5,25/07/23,15:49:49,    10,  4697,   425,  999.1, 300,22.4,24.7, 0.0, 21, 0.0000,     0,20.9,22.9,44.4, 25,    15,    56, 0.2903, 0.1930
M5,25/07/23,15:49:50,    10,  4698,   425,  999.1, 300,22.4,24.7, 0.0, 21, 0.0000,     0,20.9,22.9,44.4, 25,    15,    57, 0.2922, 0.1935
M5,25/07/23,15:49:51,    10,  4699,   425,  999.1, 300,22.5,24.7, 0.0, 21, 0.0000,     0,20.9,22.9,44.4, 25,    15,    58, 0.2939, 0.1960
M5,25/07/23,15:49:52,    10,  4700,   425,  999.1, 300,22.5,24.7, 0.0, 21, 0.0000,     0,20.9,22.9,44.3, 25,    15,    59, 0.2952, 0.1983
M5,25/07/23,15:49:53,    10,  4701,   426,  999.1, 300,22.5,24.7, 0.0, 21, 0.0000,     0,20.9,22.9,44.3, 25,    16,    60, 0.2966, 0.2002
R5,25/07/23,15:49:53,    10,  4701,   426,  999.1, 300,22.5,24.7, 0.0, 21, 0.0000,     0,20.9,22.9,44.3, 25,    16,    60, 0.2966, 0.2002
End
