Tag(M3),Date,Time,Plot_No,Rec_No,CO2,Pressure,Flow,H2O,Tsen,O2,Error,Aux_V,PAR,Tsoil,Tair,Msoil
Start
M5,04/07/23,10:37:59,     4,  5146,   437,  998.7, 302,22.1,23.6, 0.0,  0, 0.0000,     0,19.5,22.7,69.1, 20,    -2,     1, 0.0000, 0.0000
M5,04/07/23,10:38:00,     4,  5147,   436,  998.7, 300,22.0,23.6, 0.0,  0, 0.0000,     0,19.5,22.7,69.1, 20,    -3,     2, 0.0000, 0.0000
M5,04/07/23,10:38:01,     4,  5148,   436,  998.7, 298,22.0,23.6, 0.0,  0, 0.0000,     0,19.5,22.8,68.9, 20,    -4,     3, 0.0000, 0.0000
M5,04/07/23,10:38:02,     4,  5149,   436,  998.7, 300,22.0,23.6, 0.0,  0, 0.0000,     0,19.5,22.8,68.9, 20,    -3,     4, 0.0000, 0.0000
M5,04/07/23,10:38:03,     4,  5150,   437,  998.7, 300,22.0,23.6, 0.0,  0, 0.0000,     0,19.5,22.8,68.9, 20,    -3,     5, 0.0000, 0.0000
M5,04/07/23,10:38:04,     4,  5151,   437,  998.7, 300,22.0,23.6, 0.0,  0, 0.0000,     0,19.5,22.8,68.9, 20,    -2,     6, 0.0000, 0.0000
M5,04/07/23,10:38:05,     4,  5152,   438,  998.6, 300,22.0,23.6, 0.0,  0, 0.0000,     0,19.5,22.8,68.9, 20,    -1,     7, 0.0000, 0.0000
M5,04/07/23,10:38:06,     4,  5153,   439,  998.6, 300,22.0,23.6, 0.0,  0, 0.0000,     0,19.5,22.8,69.1, 20,    -0,     8, 0.0000, 0.0000
M5,04/07/23,10:38:07,     4,  5154,   440,  998.6, 300,22.1,23.6, 0.0,  0, 0.0000,     0,19.5,22.8,69.1, 20,     1,     9, 0.0000, 0.0000
M5,04/07/23,10:38:08,     4,  5155,   441,  998.6, 300,22.1,23.6, 0.0,  0, 0.0000,     0,19.5,22.8,69.1, 25,     1,    10, 0.0000, 0.0000
M5,04/07/23,10:38:09,     4,  5156,   441,  998.6, 300,22.1,23.6, 0.0,  0, 0.0000,     0,19.5,22.8,69.1, 25,     2,    11, 0.0000, 0.0000
M5,04/07/23,10:38:10,     4,  5157,   442,  998.6, 300,22.1,23.6, 0.0,  0, 0.0000,     0,19.5,22.8,69.1, 25,     2,    12, 0.0000, 0.0000
M5,04/07/23,10:38:11,     4,  5158,   442,  998.6, 300,22.1,23.6, 0.0,  0, 0.0000,     0,19.3,22.8,68.9, 25,     3,    13, 0.6803, 1.1363
M5,04/07/23,10:38:12,     4,  5159,   443,  998.6, 300,22.1,23.6, 0.0,  0, 0.0000,     0,19.3,22.8,68.9, 25,     3,    14, 0.6436, 0.9358
M5,04/07/23,10:38:13,     4,  5160,   443,  998.6, 300,22.1,23.6, 0.0,  0, 0.0000,     0,19.3,22.9,68.9, 25,     4,    15, 0.6576, 0.7434
M5,04/07/23,10:38:14,     4,  5161,   444,  998.6, 300,22.2,23.6, 0.0,  0, 0.0000,     0,19.3,22.9,68.9, 25,     5,    16, 0.6837, 0.6474
M5,04/07/23,10:38:15,     4,  5162,   445,  998.6, 300,22.2,23.6, 0.0, 21, 0.0000,     0,19.3,22.9,68.9, 25,     6,    17, 0.7377, 0.5219
M5,04/07/23,10:38:16,     4,  5163,   446,  998.6, 300,22.2,23.6, 0.0, 21, 0.0000,     0,19.3,22.9,68.9, 25,     6,    18, 0.7704, 0.5212
M5,04/07/23,10:38:17,     4,  5164,   446,  998.6, 300,22.2,23.6, 0.0,  0, 0.0000,     0,19.3,22.9,69.1, 25,     7,    19, 0.7778, 0.5820
M5,04/07/23,10:38:18,     4,  5165,   447,  998.6, 300,22.2,23.6, 0.0,  0, 0.0000,     0,19.3,22.9,69.1, 25,     7,    20, 0.7743, 0.6502
M5,04/07/23,10:38:19,     4,  5166,   447,  998.6, 300,22.3,23.6, 0.0,  0, 0.0000,     0,19.3,22.9,69.1, 25,     8,    21, 0.7615, 0.7338
M5,04/07/23,10:38:20,     4,  5167,   448,  998.6, 300,22.3,23.6, 0.0,  0, 0.0000,     0,19.3,22.9,69.1, 25,     8,    22, 0.7534, 0.7619
M5,04/07/23,10:38:21,     4,  5168,   449,  998.6, 300,22.3,23.6, 0.0,  0, 0.0000,     0,19.3,22.9,69.1, 25,     9,    23, 0.7574, 0.7503
M5,04/07/23,10:38:22,     4,  5169,   449,  998.6, 300,22.3,23.6, 0.0,  0, 0.0000,     0,19.5,22.9,68.9, 25,    10,    24, 0.7553, 0.7551
M5,04/07/23,10:38:23,     4,  5170,   450,  998.6, 299,22.4,23.6, 0.0,  0, 0.0000,     0,19.5,23.0,68.9, 25,    10,    25, 0.7526, 0.7682
M5,04/07/23,10:38:24,     4,  5171,   450,  998.6, 300,22.4,23.6, 0.0,  0, 0.0000,     0,19.5,23.0,68.9, 25,    11,    26, 0.7467, 0.7808
M5,04/07/23,10:38:25,     4,  5172,   451,  998.6, 300,22.4,23.6, 0.0,  0, 0.0000,     0,19.5,23.0,68.9, 25,    11,    27, 0.7403, 0.7922
M5,04/07/23,10:38:26,     4,  5173,   451,  998.6, 300,22.4,23.6, 0.0,  0, 0.0000,     0,19.5,23.0,68.9, 25,    12,    28, 0.7350, 0.8028
M5,04/07/23,10:38:27,     4,  5174,   452,  998.6, 300,22.4,23.6, 0.0,  0, 0.0000,     0,19.3,23.0,68.9, 25,    12,    29, 0.7313, 0.8001
M5,04/07/23,10:38:28,     4,  5175,   452,  998.6, 300,22.4,23.6, 0.0,  0, 0.0000,     0,19.3,23.0,68.9, 25,    13,    30, 0.7284, 0.8013
M5,04/07/23,10:38:29,     4,  5176,   453,  998.6, 300,22.4,23.6, 0.0,  0, 0.0000,     0,19.3,23.0,68.9, 25,    13,    31, 0.7239, 0.8022
M5,04/07/23,10:38:30,     4,  5177,   453,  998.6, 300,22.5,23.6, 0.0,  0, 0.0000,     0,19.3,23.0,68.9, 25,    14,    32, 0.7179, 0.8116
M5,04/07/23,10:38:31,     4,  5178,   453,  998.6, 300,22.5,23.6, 0.0,  0, 0.0000,     0,19.3,23.0,68.9, 25,    14,    33, 0.7074, 0.8305
M5,04/07/23,10:38:32,     4,  5179,   454,  998.6, 300,22.5,23.6, 0.0,  0, 0.0000,     0,19.3,23.0,68.9, 25,    14,    34, 0.6996, 0.8421
M5,04/07/23,10:38:33,     4,  5180,   454,  998.6, 300,22.5,23.6, 0.0,  0, 0.0000,     0,19.3,23.0,69.1, 25,    15,    35, 0.6908, 0.8499
M5,04/07/23,10:38:34,     4,  5181,   455,  998.6, 300,22.5,23.6, 0.0,  0, 0.0000,     0,19.3,23.0,69.1, 25,    16,    36, 0.6865, 0.8410
M5,04/07/23,10:38:35,     4,  5182,   456,  998.6, 300,22.6,23.6, 0.0,  0, 0.0000,     0,19.3,23.0,69.1, 25,    16,    37, 0.6848, 0.8278
M5,04/07/23,10:38:36,     4,  5183,   456,  998.6, 300,22.6,23.6, 0.0,  0, 0.0000,     0,19.3,23.0,69.1, 25,    17,    38, 0.6823, 0.8162
M5,04/07/23,10:38:37,     4,  5184,   457,  998.6, 300,22.6,23.7, 0.0,  0, 0.0000,     0,19.3,23.0,69.1, 25,    18,    39, 0.6820, 0.8024
M5,04/07/23,10:38:38,     4,  5185,   457,  998.6, 300,22.6,23.7, 0.0,  0, 0.0000,     0,19.3,23.0,68.9, 25,    18,    40, 0.6806, 0.7907
M5,04/07/23,10:38:39,     4,  5186,   458,  998.6, 300,22.6,23.7, 0.0,  0, 0.0000,     0,19.3,23.0,68.9, 25,    18,    41, 0.6789, 0.7863
M5,04/07/23,10:38:40,     4,  5187,   458,  998.6, 300,22.6,23.7, 0.0,  0, 0.0000,     0,19.3,23.0,68.9, 25,    19,    42, 0.6753, 0.7853
M5,04/07/23,10:38:41,     4,  5188,   459,  998.6, 300,22.6,23.7, 0.0,  0, 0.0000,     0,19.3,23.1,68.9, 25,    19,    43, 0.6709, 0.7870
M5,04/07/23,10:38:42,     4,  5189,   459,  998.6, 300,22.7,23.7, 0.0,  0, 0.0000,     0,19.3,23.1,68.9, 25,    19,    44, 0.6665, 0.7909
M5,04/07/23,10:38:43,     4,  5190,   459,  998.6, 300,22.7,23.7, 0.0,  0, 0.0000,     0,19.3,23.1,69.1, 25,    20,    45, 0.6622, 0.7919
M5,04/07/23,10:38:44,     4,  5191,   460,  998.6, 300,22.7,23.7, 0.0,  0, 0.0000,     0,19.3,23.1,69.1, 25,    21,    46, 0.6599, 0.7885
M5,04/07/23,10:38:45,     4,  5192,   461,  998.6, 300,22.7,23.7, 0.0,  0, 0.0000,     0,19.3,23.1,69.1, 25,    21,    47, 0.6572, 0.7841
M5,04/07/23,10:38:46,     4,  5193,   461,  998.6, 300,22.7,23.7, 0.0,  0, 0.0000,     0,19.3,23.1,69.1, 25,    22,    48, 0.6556, 0.7765
M5,04/07/23,10:38:47,     4,  5194,   462,  998.6, 300,22.7,23.7, 0.0,  0, 0.0000,     0,19.3,23.1,69.1, 25,    22,    49, 0.6533, 0.7721
M5,04/07/23,10:38:48,     4,  5195,   462,  998.6, 300,22.7,23.7, 0.0,  0, 0.0000,     0,19.3,23.1,69.1, 25,    23,    50, 0.6512, 0.7676
M5,04/07/23,10:38:49,     4,  5196,   462,  998.6, 300,22.8,23.7, 0.0,  0, 0.0000,     0,19.3,23.1,69.1, 25,    23,    51, 0.6491, 0.7659
M5,04/07/23,10:38:50,     4,  5197,   463,  998.6, 300,22.8,23.7, 0.0,  0, 0.0000,     0,19.3,23.1,69.1, 25,    24,    52, 0.6474, 0.7607
M5,04/07/23,10:38:51,     4,  5198,   464,  998.6, 300,22.8,23.7, 0.0,  0, 0.0000,     0,19.3,23.1,69.1, 25,    24,    53, 0.6470, 0.7537
M5,04/07/23,10:38:52,     4,  5199,   464,  998.6, 300,22.8,23.7, 0.0,  0, 0.0000,     0,19.3,23.1,69.1, 25,    25,    54, 0.6467, 0.7447
M5,04/07/23,10:38:53,     4,  5200,   465,  998.6, 300,22.8,23.7, 0.0,  0, 0.0000,     0,19.3,23.1,69.1, 25,    25,    55, 0.6463, 0.7379
M5,04/07/23,10:38:54,     4,  5201,   465,  998.6, 300,22.8,23.7, 0.0,  0, 0.0000,     0,19.3,23.1,69.1, 25,    26,    56, 0.6457, 0.7316
M5,04/07/23,10:38:55,     4,  5202,   466,  998.6, 300,22.8,23.7, 0.0,  0, 0.0000,     0,19.3,23.1,69.1, 25,    26,    57, 0.6453, 0.7261
M5,04/07/23,10:38:56,     4,  5203,   467,  998.6, 300,22.8,23.7, 0.0,  0, 0.0000,     0,19.3,23.1,69.1, 25,    27,    58, 0.6453, 0.7191
M5,04/07/23,10:38:57,     4,  5204,   467,  998.6, 300,22.8,23.7, 0.0,  0, 0.0000,     0,19.3,23.1,69.1, 25,    28,    59, 0.6456, 0.7111
M5,04/07/23,10:38:58,     4,  5205,   468,  998.6, 300,22.8,23.7, 0.0,  0, 0.0000,     0,19.3,23.1,69.1, 25,    28,    60, 0.6461, 0.7045
R5,04/07/23,10:38:58,     4,  5205,   468,  998.6, 300,22.8,23.7, 0.0,  0, 0.0000,     0,19.3,23.1,69.1, 25,    28,    60, 0.6461, 0.7045
End
Start
M5,04/07/23,10:40:06,     4,  5272,   439,  998.5, 300,22.3,23.8, 0.0,  0, 0.0000,     0,19.3,23.1,69.1, 20,     4,     1, 0.0000, 0.0000
M5,04/07/23,10:40:07,     4,  5273,   441,  998.8, 300,22.3,23.8, 0.0,  0, 0.0000,     0,19.3,23.1,69.1, 20,     7,     2, 0.0000, 0.0000
M5,04/07/23,10:40:08,     4,  5274,   443,  998.8, 300,22.2,23.8, 0.0,  0, 0.0000,     0,19.3,23.1,69.1, 20,     8,     3, 0.0000, 0.0000
M5,04/07/23,10:40:09,     4,  5275,   443,  998.7, 300,22.2,23.8, 0.0,  0, 0.0000,     0,19.3,23.1,69.1, 20,     9,     4, 0.0000, 0.0000
M5,04/07/23,10:40:10,     4,  5276,   442,  998.7, 300,22.2,23.8, 0.0,  0, 0.0000,     0,19.3,23.1,69.1, 20,     7,     5, 0.0000, 0.0000
M5,04/07/23,10:40:11,     4,  5277,   438,  998.7, 300,22.2,23.8, 0.0,  0, 0.0000,     0,19.3,23.1,69.1, 20,     4,     6, 0.0000, 0.0000
M5,04/07/23,10:40:12,     4,  5278,   435,  998.7, 300,22.2,23.8, 0.0,  0, 0.0000,     0,19.3,23.1,69.1, 20,     0,     7, 0.0000, 0.0000
M5,04/07/23,10:40:13,     4,  5279,   432,  998.7, 300,22.2,23.8, 0.0,  0, 0.0000,     0,19.3,23.1,69.1, 20,    -2,     8, 0.0000, 0.0000
M5,04/07/23,10:40:14,     4,  5280,   431,  998.6, 300,22.2,23.8, 0.0,  0, 0.0000,     0,19.3,23.1,69.1, 20,    -4,     9, 0.0000, 0.0000
M5,04/07/23,10:40:15,     4,  5281,   431,  998.6, 300,22.2,23.8, 0.0,  0, 0.0000,     0,19.3,23.2,69.1, 25,    -4,    10, 0.0000, 0.0000
M5,04/07/23,10:40:16,     4,  5282,   431,  998.6, 300,22.2,23.8, 0.0,  0, 0.0000,     0,19.3,23.2,69.1, 25,    -4,    11, 0.0000, 0.0000
M5,04/07/23,10:40:17,     4,  5283,   432,  998.6, 300,22.2,23.8, 0.0,  0, 0.0000,     0,19.3,23.2,69.1, 25,    -3,    12, 0.0000, 0.0000
M5,04/07/23,10:40:18,     4,  5284,   432,  998.6, 301,22.2,23.8, 0.0,  0, 0.0000,     0,19.3,23.2,69.1, 25,    -3,    13, 0.5557, 0.4063
A5,04/07/23,10:40:18,     4,  5284,   432,  998.6, 301,22.2,23.8, 0.0,  0, 0.0000,     0,19.3,23.2,69.1, 25,    -3,    13, 0.5557, 0.4063
End
Start
M5,04/07/23,10:42:33,     4,  5419,   411,  998.7, 299,22.7,24.0, 0.0,  0, 0.0000,     0,19.3,23.7,68.8, 20,     1,     1, 0.0000, 0.0000
M5,04/07/23,10:42:34,     4,  5420,   412,  998.6, 300,22.7,24.0, 0.0,  0, 0.0000,     0,19.3,23.7,69.1, 20,     1,     2, 0.0000, 0.0000
M5,04/07/23,10:42:35,     4,  5421,   413,  998.6, 300,22.7,24.1, 0.0,  0, 0.0000,     0,19.3,23.7,69.1, 20,     2,     3, 0.0000, 0.0000
M5,04/07/23,10:42:36,     4,  5422,   414,  998.6, 300,22.7,24.1, 0.0,  0, 0.0000,     0,19.3,23.7,69.1, 20,     4,     4, 0.0000, 0.0000
M5,04/07/23,10:42:37,     4,  5423,   416,  998.6, 300,22.6,24.1, 0.0,  0, 0.0000,     0,19.3,23.7,69.1, 20,     5,     5, 0.0000, 0.0000
M5,04/07/23,10:42:38,     4,  5424,   417,  998.6, 300,22.6,24.1, 0.0,  0, 0.0000,     0,19.3,23.8,69.1, 20,     6,     6, 0.0000, 0.0000
M5,04/07/23,10:42:39,     4,  5425,   417,  998.6, 300,22.6,24.1, 0.0,  0, 0.0000,     0,19.3,23.8,69.1, 20,     7,     7, 0.0000, 0.0000
M5,04/07/23,10:42:40,     4,  5426,   418,  998.6, 300,22.7,24.1, 0.0,  0, 0.0000,     0,19.3,23.8,69.1, 20,     8,     8, 0.0000, 0.0000
M5,04/07/23,10:42:41,     4,  5427,   419,  998.6, 300,22.7,24.1, 0.0,  0, 0.0000,     0,19.3,23.8,69.1, 20,     8,     9, 0.0000, 0.0000
M5,04/07/23,10:42:42,     4,  5428,   419,  998.6, 300,22.6,24.1, 0.0,  0, 0.0000,     0,19.3,23.8,69.1, 25,     9,    10, 0.0000, 0.0000
M5,04/07/23,10:42:43,     4,  5429,   420,  998.6, 300,22.6,24.1, 0.0,  0, 0.0000,     0,19.3,23.8,69.1, 25,     9,    11, 0.0000, 0.0000
M5,04/07/23,10:42:44,     4,  5430,   420,  998.6, 300,22.7,24.1, 0.0,  0, 0.0000,     0,19.3,23.8,69.1, 25,    10,    12, 0.0000, 0.0000
M5,04/07/23,10:42:45,     4,  5431,   421,  998.6, 300,22.7,24.1, 0.0,  0, 0.0000,     0,19.3,23.8,69.1, 25,    10,    13, 0.5378, 0.6853
M5,04/07/23,10:42:46,     4,  5432,   421,  998.6, 300,22.7,24.1, 0.0,  0, 0.0000,     0,19.3,23.8,69.1, 25,    10,    14, 0.4969, 0.6665
M5,04/07/23,10:42:47,     4,  5433,   421,  998.6, 300,22.7,24.1, 0.0,  0, 0.0000,     0,19.3,23.8,69.1, 25,    11,    15, 0.4996, 0.5699
M5,04/07/23,10:42:49,     4,  5434,   422,  998.6, 300,22.7,24.1, 0.0,  0, 0.0000,     0,19.3,23.8,69.1, 25,    11,    16, 0.5107, 0.5105
M5,04/07/23,10:42:50,     4,  5435,   423,  998.6, 300,22.7,24.1, 0.0,  0, 0.0000,     0,19.3,23.9,69.1, 25,    12,    17, 0.5407, 0.4411
M5,04/07/23,10:42:51,     4,  5436,   423,  998.6, 300,22.7,24.1, 0.0, 21, 0.0000,     0,19.3,23.9,69.1, 25,    13,    18, 0.5707, 0.3984
M5,04/07/23,10:42:52,     4,  5437,   424,  998.6, 300,22.7,24.1, 0.0, 21, 0.0000,     0,19.3,23.9,69.1, 25,    13,    19, 0.5893, 0.4125
M5,04/07/23,10:42:53,     4,  5438,   425,  998.6, 300,22.7,24.1, 0.0, 21, 0.0000,     0,19.3,23.9,69.1, 25,    14,    20, 0.6168, 0.3889
M5,04/07/23,10:42:54,     4,  5439,   425,  998.6, 300,22.7,24.1, 0.0, 21, 0.0000,     0,19.3,23.9,69.1, 25,    15,    21, 0.6410, 0.3892
M5,04/07/23,10:42:55,     4,  5440,   426,  998.6, 300,22.7,24.1, 0.0, 21, 0.0000,     0,19.3,23.9,69.1, 25,    15,    22, 0.6532, 0.4200
M5,04/07/23,10:42:56,     4,  5441,   426,  998.6, 300,22.7,24.1, 0.0, 21, 0.0000,     0,19.3,23.9,69.1, 25,    16,    23, 0.6596, 0.4585
M5,04/07/23,10:42:57,     4,  5442,   427,  998.6, 300,22.7,24.1, 0.0,  0, 0.0000,     0,19.3,23.9,69.1, 25,    16,    24, 0.6620, 0.4972
M5,04/07/23,10:42:58,     4,  5443,   427,  998.6, 300,22.7,24.1, 0.0,  0, 0.0000,     0,19.3,23.9,69.1, 25,    17,    25, 0.6624, 0.5322
M5,04/07/23,10:42:59,     4,  5444,   428,  998.6, 300,22.8,24.1, 0.0,  0, 0.0000,     0,19.3,23.9,69.1, 25,    17,    26, 0.6589, 0.5762
M5,04/07/23,10:43:00,     4,  5445,   428,  998.6, 301,22.8,24.1, 0.0,  0, 0.0000,     0,19.3,23.9,69.1, 25,    17,    27, 0.6543, 0.6067
M5,04/07/23,10:43:01,     4,  5446,   429,  998.6, 300,22.8,24.1, 0.0,  0, 0.0000,     0,19.3,23.9,69.1, 25,    18,    28, 0.6541, 0.6188
M5,04/07/23,10:43:02,     4,  5447,   429,  998.6, 300,22.8,24.1, 0.0,  0, 0.0000,     0,19.3,23.9,69.1, 25,    18,    29, 0.6498, 0.6387
M5,04/07/23,10:43:03,     4,  5448,   430,  998.6, 300,22.8,24.1, 0.0,  0, 0.0000,     0,19.3,23.9,69.1, 25,    19,    30, 0.6485, 0.6439
M5,04/07/23,10:43:04,     4,  5449,   430,  998.6, 300,22.8,24.1, 0.0,  0, 0.0000,     0,19.3,23.9,69.1, 25,    20,    31, 0.6474, 0.6494
M5,04/07/23,10:43:05,     4,  5450,   431,  998.6, 300,22.8,24.1, 0.0,  0, 0.0000,     0,19.3,23.9,69.1, 25,    20,    32, 0.6458, 0.6539
M5,04/07/23,10:43:06,     4,  5451,   431,  998.6, 300,22.9,24.1, 0.0,  0, 0.0000,     0,19.3,23.9,69.1, 25,    21,    33, 0.6451, 0.6582
M5,04/07/23,10:43:07,     4,  5452,   432,  998.6, 300,22.9,24.1, 0.0,  0, 0.0000,     0,19.3,24.0,69.1, 25,    21,    34, 0.6452, 0.6548
M5,04/07/23,10:43:08,     4,  5453,   432,  998.6, 301,22.9,24.1, 0.0,  0, 0.0000,     0,19.3,24.0,69.1, 25,    22,    35, 0.6456, 0.6541
M5,04/07/23,10:43:09,     4,  5454,   433,  998.6, 300,22.9,24.1, 0.0,  0, 0.0000,     0,19.3,24.0,69.1, 25,    22,    36, 0.6449, 0.6543
M5,04/07/23,10:43:10,     4,  5455,   433,  998.6, 299,22.9,24.1, 0.0,  0, 0.0000,     0,19.3,24.0,69.1, 25,    23,    37, 0.6446, 0.6557
M5,04/07/23,10:43:11,     4,  5456,   434,  998.6, 300,22.9,24.1, 0.0,  0, 0.0000,     0,19.3,24.0,69.1, 25,    23,    38, 0.6436, 0.6569
M5,04/07/23,10:43:12,     4,  5457,   434,  998.6, 300,22.9,24.1, 0.0,  0, 0.0000,     0,19.3,24.0,69.1, 25,    24,    39, 0.6426, 0.6582
M5,04/07/23,10:43:13,     4,  5458,   435,  998.6, 300,22.9,24.1, 0.0,  0, 0.0000,     0,19.3,24.0,69.1, 25,    24,    40, 0.6408, 0.6644
M5,04/07/23,10:43:14,     4,  5459,   435,  998.6, 300,22.9,24.1, 0.0,  0, 0.0000,     0,19.3,24.0,69.1, 25,    25,    41, 0.6387, 0.6684
M5,04/07/23,10:43:15,     4,  5460,   436,  998.6, 300,23.0,24.1, 0.0,  0, 0.0000,     0,19.3,24.0,69.1, 25,    25,    42, 0.6369, 0.6732
M5,04/07/23,10:43:16,     4,  5461,   436,  998.6, 300,23.0,24.1, 0.0,  0, 0.0000,     0,19.3,24.0,69.1, 25,    25,    43, 0.6347, 0.6759
M5,04/07/23,10:43:17,     4,  5462,   437,  998.6, 300,23.0,24.2, 0.0,  0, 0.0000,     0,19.3,24.0,69.1, 25,    26,    44, 0.6343, 0.6747
M5,04/07/23,10:43:18,     4,  5463,   437,  998.6, 300,23.0,24.2, 0.0,  0, 0.0000,     0,19.3,24.0,69.1, 25,    26,    45, 0.6324, 0.6764
M5,04/07/23,10:43:19,     4,  5464,   438,  998.6, 300,23.0,24.2, 0.0,  0, 0.0000,     0,19.3,24.0,69.1, 25,    27,    46, 0.6307, 0.6773
M5,04/07/23,10:43:20,     4,  5465,   438,  998.6, 300,23.0,24.2, 0.0,  0, 0.0000,     0,19.3,24.0,69.1, 25,    27,    47, 0.6294, 0.6779
M5,04/07/23,10:43:21,     4,  5466,   439,  998.6, 300,23.0,24.2, 0.0,  0, 0.0000,     0,19.3,24.0,69.1, 25,    28,    48, 0.6287, 0.6748
M5,04/07/23,10:43:22,     4,  5467,   439,  998.6, 300,23.0,24.2, 0.0,  0, 0.0000,     0,19.3,24.0,69.1, 25,    29,    49, 0.6291, 0.6697
M5,04/07/23,10:43:23,     4,  5468,   440,  998.6, 300,23.0,24.2, 0.0,  0, 0.0000,     0,19.3,24.0,69.1, 25,    29,    50, 0.6277, 0.6704
M5,04/07/23,10:43:24,     4,  5469,   440,  998.6, 300,23.1,24.2, 0.0,  0, 0.0000,     0,19.3,24.0,69.1, 25,    29,    51, 0.6260, 0.6735
M5,04/07/23,10:43:25,     4,  5470,   440,  998.6, 300,23.1,24.2, 0.0,  0, 0.0000,     0,19.3,24.0,69.1, 25,    30,    52, 0.6242, 0.6753
M5,04/07/23,10:43:26,     4,  5471,   441,  998.6, 300,23.1,24.2, 0.0,  0, 0.0000,     0,19.3,24.0,69.1, 25,    30,    53, 0.6226, 0.6762
M5,04/07/23,10:43:27,     4,  5472,   442,  998.6, 300,23.1,24.2, 0.0,  0, 0.0000,     0,19.3,24.0,69.1, 25,    31,    54, 0.6219, 0.6745
M5,04/07/23,10:43:28,     4,  5473,   442,  998.6, 300,23.1,24.2, 0.0,  0, 0.0000,     0,19.3,24.0,69.1, 25,    31,    55, 0.6205, 0.6747
M5,04/07/23,10:43:29,     4,  5474,   442,  998.6, 300,23.1,24.2, 0.0,  0, 0.0000,     0,19.3,24.0,69.1, 25,    32,    56, 0.6191, 0.6765
M5,04/07/23,10:43:30,     4,  5475,   443,  998.6, 300,23.1,24.2, 0.0,  0, 0.0000,     0,19.3,24.0,69.1, 25,    32,    57, 0.6181, 0.6753
M5,04/07/23,10:43:31,     4,  5476,   443,  998.6, 300,23.1,24.2, 0.0,  0, 0.0000,     0,19.3,24.0,69.1, 25,    33,    58, 0.6171, 0.6738
M5,04/07/23,10:43:32,     4,  5477,   444,  998.6, 300,23.1,24.2, 0.0,  0, 0.0000,     0,19.3,24.0,69.1, 25,    33,    59, 0.6157, 0.6739
M5,04/07/23,10:43:33,     4,  5478,   444,  998.6, 300,23.1,24.2, 0.0,  0, 0.0000,     0,19.3,24.0,69.1, 25,    34,    60, 0.6149, 0.6739
R5,04/07/23,10:43:33,     4,  5478,   444,  998.6, 300,23.1,24.2, 0.0,  0, 0.0000,     0,19.3,24.0,69.1, 25,    34,    60, 0.6149, 0.6739
End
Start
M5,04/07/23,10:44:33,     4,  5538,   411,  999.0, 302,22.5,24.3, 0.0,  0, 0.0000,     0,19.1,23.7,69.1, 20,     1,     1, 0.0000, 0.0000
M5,04/07/23,10:44:34,     4,  5539,   412,  999.1, 295,22.5,24.3, 0.0,  0, 0.0000,     0,19.1,23.8,69.1, 20,     2,     2, 0.0000, 0.0000
M5,04/07/23,10:44:35,     4,  5540,   414,  999.3, 296,22.5,24.3, 0.0,  0, 0.0000,     0,19.1,23.8,69.1, 20,     3,     3, 0.0000, 0.0000
M5,04/07/23,10:44:36,     4,  5541,   414,  999.4, 303,22.4,24.3, 0.0,  0, 0.0000,     0,19.1,23.8,69.1, 20,     4,     4, 0.0000, 0.0000
M5,04/07/23,10:44:37,     4,  5542,   415,  999.3, 300,22.4,24.3, 0.0,  0, 0.0000,     0,19.1,23.9,69.1, 20,     5,     5, 0.0000, 0.0000
M5,04/07/23,10:44:38,     4,  5543,   416,  999.4, 299,22.4,24.3, 0.0,  0, 0.0000,     0,19.1,23.9,69.1, 20,     5,     6, 0.0000, 0.0000
M5,04/07/23,10:44:39,     4,  5544,   416,  999.4, 300,22.4,24.3, 0.0,  0, 0.0000,     0,19.1,23.9,69.1, 20,     6,     7, 0.0000, 0.0000
M5,04/07/23,10:44:40,     4,  5545,   417,  999.4, 300,22.4,24.3, 0.0,  0, 0.0000,     0,19.1,23.9,69.1, 20,     7,     8, 0.0000, 0.0000
M5,04/07/23,10:44:41,     4,  5546,   418,  999.3, 300,22.4,24.3, 0.0,  0, 0.0000,     0,19.1,23.9,69.1, 20,     7,     9, 0.0000, 0.0000
M5,04/07/23,10:44:42,     4,  5547,   418,  999.3, 300,22.4,24.3, 0.0,  0, 0.0000,     0,19.1,24.0,69.1, 25,     8,    10, 0.0000, 0.0000
M5,04/07/23,10:44:43,     4,  5548,   419,  999.2, 299,22.4,24.3, 0.0,  0, 0.0000,     0,19.1,24.0,69.3, 25,     9,    11, 0.0000, 0.0000
M5,04/07/23,10:44:44,     4,  5549,   420,  999.2, 300,22.4,24.3, 0.0,  0, 0.0000,     0,19.1,24.0,69.3, 25,     9,    12, 0.0000, 0.0000
M5,04/07/23,10:44:45,     4,  5550,   420,  999.1, 300,22.5,24.3, 0.0,  0, 0.0000,     0,19.1,24.0,69.3, 25,    10,    13, 0.7725, 0.9299
M5,04/07/23,10:44:46,     4,  5551,   421,  999.0, 300,22.5,24.3, 0.0,  0, 0.0000,     0,19.1,24.0,69.3, 25,    10,    14, 0.6939, 0.9732
M5,04/07/23,10:44:47,     4,  5552,   421,  999.0, 300,22.5,24.3, 0.0,  0, 0.0000,     0,19.1,24.0,69.3, 25,    11,    15, 0.6430, 0.9456
M5,04/07/23,10:44:48,     4,  5553,   422,  998.9, 300,22.5,24.3, 0.0,  0, 0.0000,     0,19.1,24.1,69.1, 25,    11,    16, 0.6215, 0.8491
M5,04/07/23,10:44:49,     4,  5554,   422,  998.9, 300,22.6,24.3, 0.0,  0, 0.0000,     0,19.1,24.1,69.1, 25,    12,    17, 0.5998, 0.8138
M5,04/07/23,10:44:50,     4,  5555,   423,  998.8, 300,22.6,24.3, 0.0,  0, 0.0000,     0,19.1,24.1,69.1, 25,    12,    18, 0.5897, 0.7554
M5,04/07/23,10:44:51,     4,  5556,   423,  998.8, 300,22.6,24.3, 0.0,  0, 0.0000,     0,19.1,24.1,69.1, 25,    13,    19, 0.5971, 0.6745
M5,04/07/23,10:44:52,     4,  5557,   424,  998.7, 300,22.6,24.3, 0.0,  0, 0.0000,     0,19.1,24.1,69.1, 25,    13,    20, 0.6149, 0.6082
M5,04/07/23,10:44:53,     4,  5558,   425,  998.7, 300,22.6,24.3, 0.0,  0, 0.0000,     0,19.1,24.1,69.1, 25,    14,    21, 0.6312, 0.5588
M5,04/07/23,10:44:54,     4,  5559,   425,  998.6, 300,22.6,24.3, 0.0,  0, 0.0000,     0,19.1,24.2,69.1, 25,    14,    22, 0.6356, 0.5661
M5,04/07/23,10:44:55,     4,  5560,   425,  998.6, 300,22.6,24.3, 0.0,  0, 0.0000,     0,19.1,24.2,69.1, 25,    15,    23, 0.6303, 0.5972
M5,04/07/23,10:44:56,     4,  5561,   425,  998.6, 300,22.7,24.3, 0.0,  0, 0.0000,     0,19.1,24.2,69.1, 25,    15,    24, 0.6183, 0.6490
M5,04/07/23,10:44:57,     4,  5562,   426,  998.6, 300,22.7,24.3, 0.0,  0, 0.0000,     0,19.1,24.2,69.1, 25,    15,    25, 0.6044, 0.6830
M5,04/07/23,10:44:58,     4,  5563,   426,  998.6, 299,22.7,24.3, 0.0,  0, 0.0000,     0,19.1,24.2,69.1, 25,    16,    26, 0.5951, 0.6937
M5,04/07/23,10:44:59,     4,  5564,   427,  998.6, 300,22.8,24.3, 0.0,  0, 0.0000,     0,19.1,24.2,69.1, 25,    16,    27, 0.5931, 0.6859
M5,04/07/23,10:45:00,     4,  5565,   428,  998.6, 300,22.8,24.3, 0.0,  0, 0.0000,     0,19.1,24.2,69.1, 25,    17,    28, 0.5933, 0.6648
M5,04/07/23,10:45:01,     4,  5566,   428,  998.7, 300,22.8,24.3, 0.0,  0, 0.0000,     0,19.1,24.2,69.1, 25,    18,    29, 0.5944, 0.6502
M5,04/07/23,10:45:02,     4,  5567,   429,  998.6, 300,22.8,24.3, 0.0,  0, 0.0000,     0,19.1,24.2,69.1, 25,    18,    30, 0.5974, 0.6280
M5,04/07/23,10:45:03,     4,  5568,   429,  998.6, 300,22.8,24.3, 0.0,  0, 0.0000,     0,19.1,24.2,69.1, 25,    19,    31, 0.6032, 0.6054
M5,04/07/23,10:45:04,     4,  5569,   430,  998.6, 300,22.8,24.3, 0.0,  0, 0.0000,     0,19.3,24.2,69.1, 25,    20,    32, 0.6091, 0.5829
M5,04/07/23,10:45:05,     4,  5570,   430,  998.6, 301,22.9,24.3, 0.0,  0, 0.0000,     0,19.3,24.2,69.1, 25,    20,    33, 0.6129, 0.5773
M5,04/07/23,10:45:06,     4,  5571,   431,  998.6, 301,22.9,24.3, 0.0,  0, 0.0000,     0,19.3,24.2,69.1, 25,    20,    34, 0.6129, 0.5806
M5,04/07/23,10:45:07,     4,  5572,   431,  998.6, 300,22.9,24.3, 0.0,  0, 0.0000,     0,19.3,24.2,69.1, 25,    21,    35, 0.6129, 0.5836
M5,04/07/23,10:45:08,     4,  5573,   432,  998.6, 300,22.9,24.4, 0.0,  0, 0.0000,     0,19.3,24.2,69.1, 25,    22,    36, 0.6170, 0.5761
M5,04/07/23,10:45:09,     4,  5574,   433,  998.6, 300,22.9,24.4, 0.0,  0, 0.0000,     0,19.3,24.2,69.1, 25,    22,    37, 0.6207, 0.5671
M5,04/07/23,10:45:10,     4,  5575,   433,  998.6, 300,23.0,24.4, 0.0,  0, 0.0000,     0,19.3,24.2,69.1, 25,    23,    38, 0.6257, 0.5583
M5,04/07/23,10:45:11,     4,  5576,   434,  998.6, 300,23.0,24.4, 0.0,  0, 0.0000,     0,19.3,24.3,69.1, 25,    23,    39, 0.6289, 0.5537
M5,04/07/23,10:45:12,     4,  5577,   434,  998.6, 300,23.0,24.4, 0.0,  0, 0.0000,     0,19.3,24.2,69.1, 25,    24,    40, 0.6334, 0.5489
M5,04/07/23,10:45:13,     4,  5578,   435,  998.6, 300,23.0,24.4, 0.0,  0, 0.0000,     0,19.3,24.2,69.1, 25,    25,    41, 0.6363, 0.5471
M5,04/07/23,10:45:14,     4,  5579,   435,  998.6, 300,23.0,24.4, 0.0,  0, 0.0000,     0,19.3,24.3,69.1, 25,    25,    42, 0.6375, 0.5518
M5,04/07/23,10:45:15,     4,  5580,   436,  998.6, 300,23.0,24.4, 0.0,  0, 0.0000,     0,19.1,24.3,69.1, 25,    25,    43, 0.6382, 0.5601
M5,04/07/23,10:45:16,     4,  5581,   437,  998.6, 300,23.0,24.4, 0.0,  0, 0.0000,     0,19.1,24.3,69.1, 25,    26,    44, 0.6401, 0.5606
M5,04/07/23,10:45:17,     4,  5582,   437,  998.6, 300,23.1,24.4, 0.0,  0, 0.0000,     0,19.1,24.3,69.1, 25,    27,    45, 0.6430, 0.5601
M5,04/07/23,10:45:18,     4,  5583,   438,  998.6, 300,23.1,24.4, 0.0,  0, 0.0000,     0,19.1,24.3,69.1, 25,    27,    46, 0.6457, 0.5576
M5,04/07/23,10:45:19,     4,  5584,   439,  998.6, 300,23.1,24.4, 0.0,  0, 0.0000,     0,19.1,24.3,69.1, 25,    28,    47, 0.6492, 0.5552
M5,04/07/23,10:45:20,     4,  5585,   439,  998.6, 301,23.1,24.4, 0.0,  0, 0.0000,     0,19.1,24.3,69.1, 25,    29,    48, 0.6515, 0.5547
M5,04/07/23,10:45:21,     4,  5586,   440,  998.6, 300,23.1,24.4, 0.0,  0, 0.0000,     0,19.1,24.3,69.1, 25,    29,    49, 0.6547, 0.5512
M5,04/07/23,10:45:22,     4,  5587,   440,  998.7, 300,23.1,24.4, 0.0,  0, 0.0000,     0,19.1,24.3,69.1, 25,    30,    50, 0.6583, 0.5492
M5,04/07/23,10:45:23,     4,  5588,   441,  998.7, 301,23.1,24.4, 0.0,  0, 0.0000,     0,19.1,24.3,69.1, 25,    31,    51, 0.6614, 0.5468
M5,04/07/23,10:45:24,     4,  5589,   442,  998.7, 299,23.2,24.4, 0.0,  0, 0.0000,     0,19.1,24.3,69.1, 25,    31,    52, 0.6644, 0.5465
M5,04/07/23,10:45:25,     4,  5590,   442,  998.6, 299,23.2,24.4, 0.0,  0, 0.0000,     0,19.1,24.3,69.1, 25,    32,    53, 0.6660, 0.5498
M5,04/07/23,10:45:26,     4,  5591,   442,  998.6, 301,23.2,24.4, 0.0,  0, 0.0000,     0,19.1,24.3,69.1, 25,    32,    54, 0.6673, 0.5566
M5,04/07/23,10:45:27,     4,  5592,   443,  998.6, 300,23.2,24.4, 0.0,  0, 0.0000,     0,19.1,24.3,69.1, 25,    32,    55, 0.6672, 0.5649
M5,04/07/23,10:45:28,     4,  5593,   443,  998.6, 300,23.2,24.4, 0.0,  0, 0.0000,     0,19.1,24.3,69.1, 25,    33,    56, 0.6678, 0.5713
M5,04/07/23,10:45:29,     4,  5594,   444,  998.6, 300,23.2,24.4, 0.0,  0, 0.0000,     0,19.1,24.3,69.1, 25,    34,    57, 0.6685, 0.5756
M5,04/07/23,10:45:30,     4,  5595,   445,  998.6, 300,23.2,24.4, 0.0,  0, 0.0000,     0,19.1,24.3,69.1, 25,    34,    58, 0.6689, 0.5804
M5,04/07/23,10:45:31,     4,  5596,   445,  998.6, 300,23.3,24.4, 0.0,  0, 0.0000,     0,19.1,24.3,69.1, 25,    34,    59, 0.6686, 0.5893
M5,04/07/23,10:45:32,     4,  5597,   445,  998.6, 300,23.3,24.4, 0.0,  0, 0.0000,     0,19.1,24.3,69.1, 25,    35,    60, 0.6674, 0.5989
R5,04/07/23,10:45:32,     4,  5597,   445,  998.6, 300,23.3,24.4, 0.0,  0, 0.0000,     0,19.1,24.3,69.1, 25,    35,    60, 0.6674, 0.5989
End
Start
M5,04/07/23,10:48:26,     5,  5769,   418,  998.5, 300,22.4,24.7, 0.0,  0, 0.0000,     0,19.9,24.7,20.9, 20,    -1,     1, 0.0000, 0.0000
M5,04/07/23,10:48:27,     5,  5770,   418,  998.5, 300,22.4,24.7, 0.0,  0, 0.0000,     0,19.9,24.7,20.9, 20,    -1,     2, 0.0000, 0.0000
M5,04/07/23,10:48:28,     5,  5771,   419,  998.5, 300,22.3,24.7, 0.0,  0, 0.0000,     0,19.9,24.8,20.9, 20,    -0,     3, 0.0000, 0.0000
M5,04/07/23,10:48:29,     5,  5772,   419,  998.5, 300,22.3,24.7, 0.0,  0, 0.0000,     0,19.9,24.8,21.1, 20,     0,     4, 0.0000, 0.0000
M5,04/07/23,10:48:30,     5,  5773,   420,  998.5, 300,22.3,24.7, 0.0,  0, 0.0000,     0,19.9,24.8,21.1, 20,     1,     5, 0.0000, 0.0000
M5,04/07/23,10:48:31,     5,  5774,   421,  998.5, 300,22.3,24.7, 0.0,  0, 0.0000,     0,19.9,24.9,21.1, 20,     2,     6, 0.0000, 0.0000
M5,04/07/23,10:48:32,     5,  5775,   422,  998.5, 300,22.4,24.7, 0.0,  0, 0.0000,     0,19.9,24.9,21.1, 20,     3,     7, 0.0000, 0.0000
M5,04/07/23,10:48:33,     5,  5776,   423,  998.5, 300,22.4,24.7, 0.0,  0, 0.0000,     0,19.9,24.9,21.1, 20,     4,     8, 0.0000, 0.0000
M5,04/07/23,10:48:34,     5,  5777,   424,  998.5, 300,22.4,24.7, 0.0,  0, 0.0000,     0,19.9,24.9,20.8, 20,     5,     9, 0.0000, 0.0000
M5,04/07/23,10:48:35,     5,  5778,   425,  998.5, 300,22.4,24.7, 0.0,  0, 0.0000,     0,19.9,24.9,20.8, 25,     6,    10, 0.0000, 0.0000
M5,04/07/23,10:48:36,     5,  5779,   426,  998.5, 300,22.4,24.7, 0.0,  0, 0.0000,     0,19.9,25.0,20.8, 25,     7,    11, 0.0000, 0.0000
M5,04/07/23,10:48:37,     5,  5780,   427,  998.5, 300,22.5,24.7, 0.0,  0, 0.0000,     0,19.9,25.0,20.8, 25,     8,    12, 0.0000, 0.0000
M5,04/07/23,10:48:38,     5,  5781,   428,  998.5, 300,22.5,24.7, 0.0,  0, 0.0000,     0,19.9,25.0,20.8, 25,     9,    13, 1.3244, 1.3252
M5,04/07/23,10:48:39,     5,  5782,   429,  998.6, 300,22.6,24.7, 0.0,  0, 0.0000,     0,20.1,25.0,20.9, 25,    10,    14, 1.2863, 1.4248
M5,04/07/23,10:48:40,     5,  5783,   430,  998.6, 300,22.6,24.7, 0.0,  0, 0.0000,     0,20.1,25.1,20.9, 25,    11,    15, 1.2734, 1.3632
M5,04/07/23,10:48:41,     5,  5784,   431,  998.6, 300,22.7,24.7, 0.0,  0, 0.0000,     0,20.1,25.1,20.9, 25,    12,    16, 1.3070, 1.2692
M5,04/07/23,10:48:42,     5,  5785,   432,  998.6, 300,22.7,24.7, 0.0,  0, 0.0000,     0,20.1,25.1,20.9, 25,    13,    17, 1.3158, 1.2490
M5,04/07/23,10:48:43,     5,  5786,   433,  998.6, 300,22.7,24.7, 0.0,  0, 0.0000,     0,20.1,25.1,20.9, 25,    14,    18, 1.3052, 1.2912
M5,04/07/23,10:48:44,     5,  5787,   434,  998.6, 300,22.8,24.7, 0.0,  0, 0.0000,     0,20.1,25.1,20.9, 25,    15,    19, 1.2955, 1.3409
M5,04/07/23,10:48:45,     5,  5788,   435,  998.6, 300,22.8,24.7, 0.0,  0, 0.0000,     0,20.1,25.1,21.1, 25,    16,    20, 1.2767, 1.3700
M5,04/07/23,10:48:46,     5,  5789,   436,  998.6, 300,22.9,24.7, 0.0,  0, 0.0000,     0,20.1,25.1,21.1, 25,    17,    21, 1.2824, 1.3438
M5,04/07/23,10:48:47,     5,  5790,   437,  998.6, 299,22.9,24.7, 0.0,  0, 0.0000,     0,20.1,25.2,21.1, 25,    18,    22, 1.2898, 1.2956
M5,04/07/23,10:48:48,     5,  5791,   438,  998.6, 299,23.1,24.7, 0.0,  0, 0.0000,     0,20.1,25.2,21.1, 25,    19,    23, 1.3127, 1.2364
M5,04/07/23,10:48:49,     5,  5792,   439,  998.6, 299,23.1,24.7, 0.0,  0, 0.0000,     0,20.1,25.2,21.1, 25,    21,    24, 1.3298, 1.1932
M5,04/07/23,10:48:50,     5,  5793,   440,  998.6, 300,23.1,24.7, 0.0,  0, 0.0000,     0,20.1,25.2,21.1, 25,    22,    25, 1.3410, 1.1813
M5,04/07/23,10:48:51,     5,  5794,   441,  998.6, 299,23.2,24.8, 0.0,  0, 0.0000,     0,20.1,25.2,21.1, 25,    22,    26, 1.3482, 1.2036
M5,04/07/23,10:48:52,     5,  5795,   442,  998.6, 300,23.2,24.8, 0.0,  0, 0.0000,     0,20.1,25.2,21.1, 25,    23,    27, 1.3497, 1.2212
M5,04/07/23,10:48:53,     5,  5796,   443,  998.5, 300,23.3,24.8, 0.0,  0, 0.0000,     0,20.1,25.2,21.1, 25,    24,    28, 1.3542, 1.2406
M5,04/07/23,10:48:54,     5,  5797,   444,  998.5, 300,23.3,24.8, 0.0,  0, 0.0000,     0,20.1,25.2,21.1, 25,    25,    29, 1.3543, 1.2550
M5,04/07/23,10:48:55,     5,  5798,   445,  998.5, 300,23.4,24.8, 0.0,  0, 0.0000,     0,20.1,25.2,21.1, 25,    26,    30, 1.3570, 1.2708
M5,04/07/23,10:48:56,     5,  5799,   446,  998.5, 300,23.4,24.8, 0.0,  0, 0.0000,     0,20.1,25.2,21.1, 25,    27,    31, 1.3564, 1.2818
M5,04/07/23,10:48:57,     5,  5800,   447,  998.5, 300,23.5,24.8, 0.0,  0, 0.0000,     0,20.1,25.2,21.1, 25,    28,    32, 1.3552, 1.3046
M5,04/07/23,10:48:58,     5,  5801,   448,  998.5, 300,23.5,24.8, 0.0,  0, 0.0000,     0,20.1,25.3,21.1, 25,    29,    33, 1.3518, 1.3186
M5,04/07/23,10:48:59,     5,  5802,   449,  998.5, 300,23.5,24.8, 0.0,  0, 0.0000,     0,20.1,25.3,21.1, 25,    30,    34, 1.3511, 1.3213
M5,04/07/23,10:49:00,     5,  5803,   450,  998.5, 301,23.6,24.8, 0.0,  0, 0.0000,     0,20.1,25.3,21.1, 25,    32,    35, 1.3542, 1.3192
M5,04/07/23,10:49:01,     5,  5804,   451,  998.5, 300,23.6,24.8, 0.0,  0, 0.0000,     0,20.1,25.3,20.9, 25,    33,    36, 1.3548, 1.3172
M5,04/07/23,10:49:02,     5,  5805,   453,  998.5, 300,23.7,24.8, 0.0,  0, 0.0000,     0,20.1,25.3,20.9, 25,    34,    37, 1.3592, 1.3134
M5,04/07/23,10:49:03,     5,  5806,   454,  998.5, 300,23.7,24.8, 0.0,  0, 0.0000,     0,20.1,25.3,20.9, 25,    35,    38, 1.3637, 1.2995
M5,04/07/23,10:49:04,     5,  5807,   455,  998.5, 300,23.7,24.8, 0.0,  0, 0.0000,     0,20.1,25.3,20.9, 25,    36,    39, 1.3701, 1.2879
M5,04/07/23,10:49:05,     5,  5808,   456,  998.5, 300,23.7,24.8, 0.0,  0, 0.0000,     0,20.1,25.3,20.9, 25,    37,    40, 1.3752, 1.2760
M5,04/07/23,10:49:06,     5,  5809,   457,  998.5, 300,23.7,24.8, 0.0,  0, 0.0000,     0,20.1,25.3,21.1, 25,    39,    41, 1.3805, 1.2654
M5,04/07/23,10:49:07,     5,  5810,   459,  998.5, 300,23.8,24.8, 0.0,  0, 0.0000,     0,20.1,25.3,21.1, 25,    40,    42, 1.3869, 1.2572
M5,04/07/23,10:49:08,     5,  5811,   460,  998.5, 300,23.8,24.8, 0.0,  0, 0.0000,     0,20.1,25.3,21.1, 25,    41,    43, 1.3922, 1.2493
M5,04/07/23,10:49:09,     5,  5812,   461,  998.5, 300,23.9,24.8, 0.0,  0, 0.0000,     0,20.1,25.3,21.1, 25,    42,    44, 1.3983, 1.2484
M5,04/07/23,10:49:10,     5,  5813,   462,  998.5, 300,23.9,24.8, 0.0,  0, 0.0000,     0,20.1,25.3,21.1, 25,    43,    45, 1.4016, 1.2493
M5,04/07/23,10:49:11,     5,  5814,   463,  998.5, 300,24.0,24.8, 0.0,  0, 0.0000,     0,20.1,25.3,20.8, 25,    44,    46, 1.4042, 1.2573
M5,04/07/23,10:49:12,     5,  5815,   464,  998.5, 300,24.0,24.8, 0.0,  0, 0.0000,     0,20.1,25.3,20.8, 25,    45,    47, 1.4053, 1.2651
M5,04/07/23,10:49:13,     5,  5816,   465,  998.5, 300,24.0,24.8, 0.0,  0, 0.0000,     0,20.1,25.3,20.8, 25,    46,    48, 1.4060, 1.2734
M5,04/07/23,10:49:14,     5,  5817,   466,  998.5, 300,24.0,24.8, 0.0,  0, 0.0000,     0,20.1,25.3,20.8, 25,    47,    49, 1.4061, 1.2854
M5,04/07/23,10:49:15,     5,  5818,   466,  998.5, 300,24.0,24.8, 0.0,  0, 0.0000,     0,20.1,25.3,20.8, 25,    48,    50, 1.4047, 1.2990
M5,04/07/23,10:49:16,     5,  5819,   467,  998.5, 300,24.1,24.8, 0.0,  0, 0.0000,     0,20.1,25.3,20.8, 25,    48,    51, 1.4035, 1.3146
M5,04/07/23,10:49:17,     5,  5820,   468,  998.5, 300,24.1,24.8, 0.0,  0, 0.0000,     0,20.3,25.3,21.1, 25,    49,    52, 1.4008, 1.3300
M5,04/07/23,10:49:18,     5,  5821,   469,  998.5, 300,24.1,24.8, 0.0,  0, 0.0000,     0,20.3,25.3,21.1, 25,    51,    53, 1.3995, 1.3411
R5,04/07/23,10:49:18,     5,  5821,   469,  998.5, 300,24.1,24.8, 0.0,  0, 0.0000,     0,20.3,25.3,21.1, 25,    51,    53, 1.3995, 1.3411
End
Start
M5,04/07/23,10:50:28,     5,  5891,   420,  998.5, 300,24.4,24.9, 0.0,  0, 0.0000,     0,20.3,24.6,20.8, 20,     1,     1, 0.0000, 0.0000
M5,04/07/23,10:50:29,     5,  5892,   421,  998.5, 300,24.3,24.9, 0.0,  0, 0.0000,     0,20.3,24.7,20.8, 20,     1,     2, 0.0000, 0.0000
A5,04/07/23,10:50:29,     5,  5892,   421,  998.5, 300,24.3,24.9, 0.0,  0, 0.0000,     0,20.3,24.7,20.8, 20,     1,     2, 0.0000, 0.0000
End
Start
M5,04/07/23,10:51:13,     5,  5936,   435,  998.5, 300,22.5,24.9, 0.0,  0, 0.0000,     0,20.5,24.9,20.8, 20,    -3,     1, 0.0000, 0.0000
M5,04/07/23,10:51:14,     5,  5937,   434,  998.5, 300,22.5,24.9, 0.0,  0, 0.0000,     0,20.5,24.9,20.8, 20,    -5,     2, 0.0000, 0.0000
M5,04/07/23,10:51:16,     5,  5938,   434,  998.5, 300,22.5,24.9, 0.0,  0, 0.0000,     0,20.5,24.9,20.8, 20,    -5,     3, 0.0000, 0.0000
M5,04/07/23,10:51:17,     5,  5939,   434,  998.5, 300,22.5,24.9, 0.0,  0, 0.0000,     0,20.5,24.9,20.8, 20,    -5,     4, 0.0000, 0.0000
M5,04/07/23,10:51:18,     5,  5940,   435,  998.5, 300,22.5,24.9, 0.0,  0, 0.0000,     0,20.5,25.0,20.8, 20,    -4,     5, 0.0000, 0.0000
M5,04/07/23,10:51:19,     5,  5941,   436,  998.5, 300,22.5,24.9, 0.0,  0, 0.0000,     0,20.5,25.0,20.8, 20,    -3,     6, 0.0000, 0.0000
M5,04/07/23,10:51:20,     5,  5942,   437,  998.5, 300,22.5,24.9, 0.0,  0, 0.0000,     0,20.5,25.0,20.8, 20,    -2,     7, 0.0000, 0.0000
M5,04/07/23,10:51:21,     5,  5943,   438,  998.5, 300,22.6,24.9, 0.0,  0, 0.0000,     0,20.5,25.0,20.8, 20,    -0,     8, 0.0000, 0.0000
M5,04/07/23,10:51:22,     5,  5944,   439,  998.5, 300,22.6,24.9, 0.0,  0, 0.0000,     0,20.5,25.1,20.8, 20,     1,     9, 0.0000, 0.0000
M5,04/07/23,10:51:23,     5,  5945,   440,  998.5, 300,22.6,24.9, 0.0,  0, 0.0000,     0,20.5,25.1,20.8, 25,     2,    10, 0.0000, 0.0000
M5,04/07/23,10:51:24,     5,  5946,   441,  998.5, 300,22.6,24.9, 0.0,  0, 0.0000,     0,20.5,25.1,20.8, 25,     2,    11, 0.0000, 0.0000
M5,04/07/23,10:51:25,     5,  5947,   442,  998.5, 300,22.6,24.9, 0.0,  0, 0.0000,     0,20.5,25.1,20.8, 25,     4,    12, 0.0000, 0.0000
M5,04/07/23,10:51:26,     5,  5948,   444,  998.5, 300,22.7,24.9, 0.0, 21, 0.0000,     0,20.5,25.2,20.8, 25,     5,    13, 1.4885, 0.9943
M5,04/07/23,10:51:27,     5,  5949,   445,  998.5, 300,22.7,24.9, 0.0,  0, 0.0000,     0,20.5,25.2,20.8, 25,     6,    14, 1.4839, 1.2942
M5,04/07/23,10:51:28,     5,  5950,   446,  998.5, 300,22.8,24.9, 0.0,  0, 0.0000,     0,20.5,25.2,20.8, 25,     7,    15, 1.4378, 1.5132
M5,04/07/23,10:51:29,     5,  5951,   447,  998.5, 300,22.8,24.9, 0.0,  0, 0.0000,     0,20.5,25.2,20.8, 25,     8,    16, 1.4049, 1.5425
M5,04/07/23,10:51:30,     5,  5952,   448,  998.5, 300,22.9,25.0, 0.0,  0, 0.0000,     0,20.5,25.2,20.8, 25,     9,    17, 1.4133, 1.4916
M5,04/07/23,10:51:31,     5,  5953,   449,  998.5, 300,22.9,25.0, 0.0,  0, 0.0000,     0,20.5,25.2,21.1, 25,    10,    18, 1.4059, 1.4696
M5,04/07/23,10:51:32,     5,  5954,   450,  998.5, 300,22.9,25.0, 0.0,  0, 0.0000,     0,20.5,25.3,21.1, 25,    11,    19, 1.3979, 1.4600
M5,04/07/23,10:51:33,     5,  5955,   451,  998.5, 300,23.0,25.0, 0.0,  0, 0.0000,     0,20.5,25.3,21.1, 25,    12,    20, 1.3967, 1.4600
M5,04/07/23,10:51:34,     5,  5956,   452,  998.5, 300,23.0,25.0, 0.0,  0, 0.0000,     0,20.5,25.3,21.1, 25,    13,    21, 1.3810, 1.4786
M5,04/07/23,10:51:35,     5,  5957,   452,  998.5, 300,23.1,25.0, 0.0,  0, 0.0000,     0,20.5,25.3,21.1, 25,    14,    22, 1.3686, 1.5056
M5,04/07/23,10:51:36,     5,  5958,   453,  998.5, 300,23.1,25.0, 0.0,  0, 0.0000,     0,20.5,25.3,20.8, 25,    15,    23, 1.3557, 1.5018
M5,04/07/23,10:51:37,     5,  5959,   454,  998.5, 300,23.2,25.0, 0.0,  0, 0.0000,     0,20.5,25.3,20.8, 25,    16,    24, 1.3451, 1.5084
M5,04/07/23,10:51:38,     5,  5960,   455,  998.5, 300,23.2,25.0, 0.0,  0, 0.0000,     0,20.5,25.3,20.8, 25,    16,    25, 1.3297, 1.5128
M5,04/07/23,10:51:39,     5,  5961,   456,  998.5, 300,23.3,25.0, 0.0,  0, 0.0000,     0,20.5,25.3,20.8, 25,    18,    26, 1.3273, 1.4902
M5,04/07/23,10:51:40,     5,  5962,   458,  998.5, 300,23.3,25.0, 0.0,  0, 0.0000,     0,20.5,25.3,20.8, 25,    19,    27, 1.3269, 1.4516
M5,04/07/23,10:51:41,     5,  5963,   459,  998.5, 300,23.3,25.0, 0.0,  0, 0.0000,     0,20.5,25.3,20.8, 25,    20,    28, 1.3339, 1.3987
M5,04/07/23,10:51:42,     5,  5964,   460,  998.5, 300,23.4,25.0, 0.0,  0, 0.0000,     0,20.5,25.3,21.1, 25,    21,    29, 1.3430, 1.3681
M5,04/07/23,10:51:43,     5,  5965,   461,  998.5, 300,23.4,25.0, 0.0,  0, 0.0000,     0,20.5,25.4,21.1, 25,    22,    30, 1.3408, 1.3650
M5,04/07/23,10:51:44,     5,  5966,   461,  998.5, 300,23.5,25.0, 0.0,  0, 0.0000,     0,20.5,25.4,21.1, 25,    22,    31, 1.3364, 1.3813
M5,04/07/23,10:51:45,     5,  5967,   462,  998.5, 300,23.5,25.0, 0.0,  0, 0.0000,     0,20.5,25.4,21.1, 25,    24,    32, 1.3312, 1.3866
M5,04/07/23,10:51:46,     5,  5968,   463,  998.5, 300,23.6,25.0, 0.0,  0, 0.0000,     0,20.5,25.4,21.1, 25,    25,    33, 1.3295, 1.3888
M5,04/07/23,10:51:47,     5,  5969,   464,  998.5, 300,23.6,25.0, 0.0,  0, 0.0000,     0,20.5,25.4,21.1, 25,    26,    34, 1.3286, 1.3782
M5,04/07/23,10:51:48,     5,  5970,   465,  998.5, 300,23.6,25.0, 0.0,  0, 0.0000,     0,20.5,25.4,21.1, 25,    27,    35, 1.3281, 1.3685
M5,04/07/23,10:51:49,     5,  5971,   467,  998.5, 300,23.7,25.0, 0.0,  0, 0.0000,     0,20.5,25.4,21.1, 25,    28,    36, 1.3293, 1.3613
M5,04/07/23,10:51:50,     5,  5972,   468,  998.5, 300,23.7,25.0, 0.0,  0, 0.0000,     0,20.5,25.4,21.1, 25,    29,    37, 1.3310, 1.3472
M5,04/07/23,10:51:51,     5,  5973,   469,  998.5, 300,23.8,25.0, 0.0,  0, 0.0000,     0,20.5,25.4,21.1, 25,    30,    38, 1.3341, 1.3379
M5,04/07/23,10:51:52,     5,  5974,   470,  998.5, 300,23.8,25.0, 0.0,  0, 0.0000,     0,20.5,25.4,21.0, 25,    31,    39, 1.3338, 1.3343
M5,04/07/23,10:51:53,     5,  5975,   471,  998.5, 300,23.8,25.0, 0.0,  0, 0.0000,     0,20.5,25.4,21.0, 25,    32,    40, 1.3353, 1.3323
M5,04/07/23,10:51:54,     5,  5976,   472,  998.5, 300,23.8,25.0, 0.0,  0, 0.0000,     0,20.5,25.4,21.0, 25,    33,    41, 1.3366, 1.3246
M5,04/07/23,10:51:55,     5,  5977,   473,  998.5, 300,23.8,25.0, 0.0,  0, 0.0000,     0,20.5,25.4,21.0, 25,    34,    42, 1.3377, 1.3185
M5,04/07/23,10:51:56,     5,  5978,   474,  998.5, 300,23.9,25.0, 0.0,  0, 0.0000,     0,20.5,25.4,21.0, 25,    35,    43, 1.3424, 1.3070
M5,04/07/23,10:51:57,     5,  5979,   475,  998.5, 300,23.9,25.0, 0.0,  0, 0.0000,     0,20.5,25.4,21.0, 25,    36,    44, 1.3453, 1.2977
M5,04/07/23,10:51:58,     5,  5980,   476,  998.5, 300,23.9,25.0, 0.0,  0, 0.0000,     0,20.7,25.4,21.0, 25,    37,    45, 1.3464, 1.2993
M5,04/07/23,10:51:59,     5,  5981,   477,  998.5, 300,23.9,25.0, 0.0,  0, 0.0000,     0,20.7,25.4,21.0, 25,    38,    46, 1.3458, 1.3037
M5,04/07/23,10:52:00,     5,  5982,   478,  998.5, 300,24.0,25.0, 0.0,  0, 0.0000,     0,20.7,25.4,21.0, 25,    39,    47, 1.3461, 1.3080
M5,04/07/23,10:52:01,     5,  5983,   479,  998.5, 300,24.0,25.0, 0.0,  0, 0.0000,     0,20.7,25.4,21.0, 25,    40,    48, 1.3465, 1.3075
M5,04/07/23,10:52:02,     5,  5984,   480,  998.5, 300,24.0,25.0, 0.0,  0, 0.0000,     0,20.7,25.4,21.0, 25,    41,    49, 1.3476, 1.3077
M5,04/07/23,10:52:03,     5,  5985,   481,  998.5, 300,24.0,25.0, 0.0,  0, 0.0000,     0,20.7,25.4,21.1, 25,    42,    50, 1.3480, 1.3074
M5,04/07/23,10:52:04,     5,  5986,   482,  998.5, 300,24.0,25.0, 0.0,  0, 0.0000,     0,20.7,25.4,21.1, 25,    44,    51, 1.3492, 1.3046
M5,04/07/23,10:52:05,     5,  5987,   484,  998.5, 300,24.1,25.0, 0.0,  0, 0.0000,     0,20.7,25.4,21.1, 25,    45,    52, 1.3521, 1.2977
M5,04/07/23,10:52:06,     5,  5988,   485,  998.5, 300,24.1,25.0, 0.0,  0, 0.0000,     0,20.7,25.4,21.1, 25,    46,    53, 1.3536, 1.2947
M5,04/07/23,10:52:07,     5,  5989,   485,  998.5, 300,24.1,25.0, 0.0,  0, 0.0000,     0,20.7,25.4,21.1, 25,    47,    54, 1.3545, 1.2953
M5,04/07/23,10:52:08,     5,  5990,   486,  998.5, 300,24.1,25.0, 0.0,  0, 0.0000,     0,20.7,25.4,21.0, 25,    48,    55, 1.3552, 1.2958
M5,04/07/23,10:52:09,     5,  5991,   487,  998.5, 300,24.1,25.0, 0.0,  0, 0.0000,     0,20.7,25.4,21.0, 25,    49,    56, 1.3556, 1.2992
M5,04/07/23,10:52:10,     5,  5992,   488,  998.5, 300,24.1,25.0, 0.0,  0, 0.0000,     0,20.7,25.4,21.0, 25,    50,    57, 1.3556, 1.3017
M5,04/07/23,10:52:11,     5,  5993,   489,  998.5, 300,24.1,25.0, 0.0,  0, 0.0000,     0,20.7,25.4,21.0, 25,    50,    58, 1.3551, 1.3060
R5,04/07/23,10:52:11,     5,  5993,   489,  998.5, 300,24.1,25.0, 0.0,  0, 0.0000,     0,20.7,25.4,21.0, 25,    50,    58, 1.3551, 1.3060
End
Start
M5,04/07/23,10:53:37,     5,  6079,   410,  998.5, 300,24.4,25.1, 0.0,  0, 0.0000,     0,20.7,24.3,21.0, 20,     1,     1, 0.0000, 0.0000
M5,04/07/23,10:53:38,     5,  6080,   411,  998.5, 300,24.4,25.1, 0.0,  0, 0.0000,     0,20.7,24.4,21.0, 20,     3,     2, 0.0000, 0.0000
M5,04/07/23,10:53:39,     5,  6081,   413,  998.5, 300,24.4,25.1, 0.0,  0, 0.0000,     0,20.7,24.4,21.0, 20,     4,     3, 0.0000, 0.0000
M5,04/07/23,10:53:40,     5,  6082,   414,  998.5, 300,24.4,25.1, 0.0,  0, 0.0000,     0,20.7,24.4,21.0, 20,     6,     4, 0.0000, 0.0000
M5,04/07/23,10:53:41,     5,  6083,   416,  998.5, 300,24.4,25.1, 0.0,  0, 0.0000,     0,20.7,24.5,21.0, 20,     7,     5, 0.0000, 0.0000
M5,04/07/23,10:53:42,     5,  6084,   417,  998.5, 300,24.4,25.1, 0.0,  0, 0.0000,     0,20.7,24.5,21.0, 20,     8,     6, 0.0000, 0.0000
M5,04/07/23,10:53:43,     5,  6085,   418,  998.5, 300,24.4,25.1, 0.0,  0, 0.0000,     0,20.7,24.5,21.0, 20,     9,     7, 0.0000, 0.0000
M5,04/07/23,10:53:44,     5,  6086,   419,  998.5, 300,24.4,25.1, 0.0,  0, 0.0000,     0,20.7,24.5,21.0, 20,    10,     8, 0.0000, 0.0000
M5,04/07/23,10:53:45,     5,  6087,   420,  998.5, 300,24.4,25.1, 0.0,  0, 0.0000,     0,20.7,24.6,21.0, 20,    11,     9, 0.0000, 0.0000
M5,04/07/23,10:53:46,     5,  6088,   421,  998.5, 300,24.4,25.1, 0.0,  0, 0.0000,     0,20.7,24.6,21.0, 25,    12,    10, 0.0000, 0.0000
M5,04/07/23,10:53:47,     5,  6089,   422,  998.5, 300,24.4,25.1, 0.0,  0, 0.0000,     0,20.7,24.6,21.0, 25,    13,    11, 0.0000, 0.0000
M5,04/07/23,10:53:48,     5,  6090,   423,  998.5, 300,24.4,25.1, 0.0,  0, 0.0000,     0,20.7,24.6,21.0, 25,    14,    12, 0.0000, 0.0000
M5,04/07/23,10:53:49,     5,  6091,   424,  998.5, 300,24.4,25.1, 0.0,  0, 0.0000,     0,20.7,24.7,21.0, 25,    15,    13, 1.3827, 1.3816
M5,04/07/23,10:53:50,     5,  6092,   425,  998.5, 300,24.4,25.1, 0.0,  0, 0.0000,     0,20.7,24.7,21.0, 25,    16,    14, 1.4046, 1.3413
M5,04/07/23,10:53:51,     5,  6093,   426,  998.5, 300,24.4,25.1, 0.0,  0, 0.0000,     0,20.7,24.7,21.0, 25,    17,    15, 1.3938, 1.3976
M5,04/07/23,10:53:52,     5,  6094,   427,  998.5, 300,24.4,25.1, 0.0,  0, 0.0000,     0,20.7,24.7,21.0, 25,    18,    16, 1.3799, 1.4279
M5,04/07/23,10:53:53,     5,  6095,   428,  998.5, 300,24.4,25.1, 0.0,  0, 0.0000,     0,20.7,24.7,21.0, 25,    19,    17, 1.3868, 1.3946
M5,04/07/23,10:53:54,     5,  6096,   429,  998.5, 300,24.4,25.1, 0.0,  0, 0.0000,     0,20.7,24.7,21.0, 25,    20,    18, 1.3982, 1.3609
M5,04/07/23,10:53:55,     5,  6097,   430,  998.5, 300,24.4,25.1, 0.0,  0, 0.0000,     0,20.7,24.8,21.0, 25,    21,    19, 1.3973, 1.3696
M5,04/07/23,10:53:56,     5,  6098,   431,  998.5, 300,24.4,25.1, 0.0,  0, 0.0000,     0,20.7,24.8,21.0, 25,    22,    20, 1.3935, 1.3892
M5,04/07/23,10:53:57,     5,  6099,   432,  998.5, 300,24.4,25.1, 0.0,  0, 0.0000,     0,20.7,24.8,21.0, 25,    23,    21, 1.3884, 1.4074
M5,04/07/23,10:53:58,     5,  6100,   433,  998.5, 300,24.4,25.1, 0.0,  0, 0.0000,     0,20.7,24.8,21.0, 25,    24,    22, 1.3822, 1.4206
M5,04/07/23,10:53:59,     5,  6101,   434,  998.5, 300,24.4,25.1, 0.0,  0, 0.0000,     0,20.7,24.8,21.0, 25,    25,    23, 1.3762, 1.4292
M5,04/07/23,10:54:00,     5,  6102,   435,  998.5, 300,24.4,25.1, 0.0,  0, 0.0000,     0,20.7,24.8,21.0, 25,    26,    24, 1.3698, 1.4344
M5,04/07/23,10:54:01,     5,  6103,   436,  998.5, 300,24.4,25.1, 0.0,  0, 0.0000,     0,20.7,24.8,21.0, 25,    28,    25, 1.3693, 1.4213
M5,04/07/23,10:54:02,     5,  6104,   438,  998.5, 300,24.4,25.1, 0.0,  0, 0.0000,     0,20.7,24.9,21.0, 25,    29,    26, 1.3726, 1.4017
M5,04/07/23,10:54:03,     5,  6105,   439,  998.5, 300,24.4,25.1, 0.0,  0, 0.0000,     0,20.7,24.9,21.0, 25,    30,    27, 1.3773, 1.3804
M5,04/07/23,10:54:04,     5,  6106,   440,  998.5, 300,24.4,25.1, 0.0,  0, 0.0000,     0,20.7,24.9,21.0, 25,    31,    28, 1.3839, 1.3614
M5,04/07/23,10:54:06,     5,  6107,   441,  998.5, 300,24.4,25.1, 0.0,  0, 0.0000,     0,20.7,24.9,21.0, 25,    32,    29, 1.3933, 1.3339
M5,04/07/23,10:54:07,     5,  6108,   442,  998.5, 300,24.4,25.1, 0.0,  0, 0.0000,     0,20.7,24.9,21.0, 25,    34,    30, 1.4021, 1.3144
M5,04/07/23,10:54:08,     5,  6109,   443,  998.5, 300,24.4,25.1, 0.0,  0, 0.0000,     0,20.7,24.9,21.0, 25,    35,    31, 1.4074, 1.3090
M5,04/07/23,10:54:09,     5,  6110,   444,  998.5, 300,24.4,25.1, 0.0,  0, 0.0000,     0,20.7,24.9,21.0, 25,    35,    32, 1.4085, 1.3212
M5,04/07/23,10:54:10,     5,  6111,   445,  998.5, 300,24.4,25.1, 0.0,  0, 0.0000,     0,20.7,24.9,21.0, 25,    36,    33, 1.4088, 1.3353
M5,04/07/23,10:54:11,     5,  6112,   446,  998.5, 300,24.4,25.1, 0.0,  0, 0.0000,     0,20.7,24.9,21.0, 25,    37,    34, 1.4078, 1.3491
M5,04/07/23,10:54:12,     5,  6113,   447,  998.5, 300,24.4,25.1, 0.0,  0, 0.0000,     0,20.7,24.9,21.0, 25,    38,    35, 1.4068, 1.3629
M5,04/07/23,10:54:13,     5,  6114,   448,  998.5, 300,24.4,25.1, 0.0,  0, 0.0000,     0,20.7,24.9,21.0, 25,    39,    36, 1.4049, 1.3752
M5,04/07/23,10:54:14,     5,  6115,   449,  998.5, 300,24.4,25.1, 0.0,  0, 0.0000,     0,20.7,24.9,21.0, 25,    40,    37, 1.4012, 1.3919
M5,04/07/23,10:54:15,     5,  6116,   450,  998.5, 300,24.4,25.1, 0.0,  0, 0.0000,     0,20.7,24.9,21.0, 25,    41,    38, 1.3978, 1.4055
M5,04/07/23,10:54:16,     5,  6117,   451,  998.5, 300,24.4,25.1, 0.0,  0, 0.0000,     0,20.7,25.0,21.0, 25,    42,    39, 1.3945, 1.4161
M5,04/07/23,10:54:17,     5,  6118,   452,  998.5, 300,24.4,25.1, 0.0,  0, 0.0000,     0,20.7,25.0,21.0, 25,    43,    40, 1.3912, 1.4243
M5,04/07/23,10:54:18,     5,  6119,   453,  998.5, 300,24.4,25.1, 0.0,  0, 0.0000,     0,20.7,25.0,21.0, 25,    45,    41, 1.3895, 1.4262
M5,04/07/23,10:54:19,     5,  6120,   455,  998.5, 300,24.5,25.1, 0.0,  0, 0.0000,     0,20.7,25.0,21.0, 25,    46,    42, 1.3891, 1.4246
M5,04/07/23,10:54:20,     5,  6121,   456,  998.5, 300,24.5,25.1, 0.0,  0, 0.0000,     0,20.7,25.0,21.0, 25,    47,    43, 1.3894, 1.4196
M5,04/07/23,10:54:21,     5,  6122,   457,  998.5, 300,24.5,25.1, 0.0,  0, 0.0000,     0,20.7,25.0,21.0, 25,    48,    44, 1.3908, 1.4134
M5,04/07/23,10:54:22,     5,  6123,   458,  998.5, 300,24.5,25.1, 0.0,  0, 0.0000,     0,20.7,25.0,21.0, 25,    49,    45, 1.3913, 1.4089
M5,04/07/23,10:54:23,     5,  6124,   459,  998.5, 300,24.5,25.1, 0.0,  0, 0.0000,     0,20.7,25.0,21.0, 25,    50,    46, 1.3915, 1.4063
R5,04/07/23,10:54:23,     5,  6124,   459,  998.5, 300,24.5,25.1, 0.0,  0, 0.0000,     0,20.7,25.0,21.0, 25,    50,    46, 1.3915, 1.4063
End
Zero
Start
M5,04/07/23,11:00:29,     6,  6488,   425,  998.7, 300,22.3,25.5, 0.0,  0, 0.0000,     0,21.1,24.6,16.4, 20,     2,     1, 0.0000, 0.0000
M5,04/07/23,11:00:30,     6,  6489,   427,  998.7, 300,22.3,25.5, 0.0,  0, 0.0000,     0,21.1,24.6,16.4, 20,     4,     2, 0.0000, 0.0000
M5,04/07/23,11:00:31,     6,  6490,   429,  998.7, 300,22.3,25.4, 0.0,  0, 0.0000,     0,21.1,24.6,16.4, 20,     6,     3, 0.0000, 0.0000
M5,04/07/23,11:00:32,     6,  6491,   430,  998.7, 300,22.3,25.4, 0.0,  0, 0.0000,     0,21.1,24.6,16.4, 20,     7,     4, 0.0000, 0.0000
M5,04/07/23,11:00:33,     6,  6492,   431,  998.7, 300,22.3,25.4, 0.0,  0, 0.0000,     0,21.1,24.6,16.2, 20,     8,     5, 0.0000, 0.0000
M5,04/07/23,11:00:34,     6,  6493,   432,  998.7, 300,22.3,25.5, 0.0,  0, 0.0000,     0,21.1,24.7,16.2, 20,     9,     6, 0.0000, 0.0000
M5,04/07/23,11:00:35,     6,  6494,   433,  998.7, 300,22.3,25.5, 0.0,  0, 0.0000,     0,21.1,24.7,16.2, 20,    10,     7, 0.0000, 0.0000
M5,04/07/23,11:00:36,     6,  6495,   434,  998.7, 300,22.3,25.4, 0.0,  0, 0.0000,     0,21.1,24.7,16.2, 20,    11,     8, 0.0000, 0.0000
M5,04/07/23,11:00:37,     6,  6496,   435,  998.7, 300,22.3,25.4, 0.0,  0, 0.0000,     0,21.1,24.7,16.2, 20,    12,     9, 0.0000, 0.0000
M5,04/07/23,11:00:38,     6,  6497,   436,  998.7, 300,22.3,25.5, 0.0,  0, 0.0000,     0,21.1,24.7,16.5, 25,    13,    10, 0.0000, 0.0000
M5,04/07/23,11:00:39,     6,  6498,   437,  998.7, 300,22.3,25.5, 0.0,  0, 0.0000,     0,21.1,24.7,16.5, 25,    14,    11, 0.0000, 0.0000
M5,04/07/23,11:00:40,     6,  6499,   438,  998.7, 300,22.3,25.5, 0.0,  0, 0.0000,     0,21.1,24.8,16.5, 25,    15,    12, 0.0000, 0.0000
M5,04/07/23,11:00:41,     6,  6500,   439,  998.7, 300,22.4,25.5, 0.0,  0, 0.0000,     0,21.1,24.8,16.5, 25,    16,    13, 1.0759, 1.0298
M5,04/07/23,11:00:42,     6,  6501,   439,  998.7, 300,22.4,25.5, 0.0,  0, 0.0000,     0,21.1,24.8,16.5, 25,    16,    14, 1.0554, 1.0921
M5,04/07/23,11:00:43,     6,  6502,   440,  998.7, 300,22.4,25.5, 0.0,  0, 0.0000,     0,21.1,24.8,16.5, 25,    17,    15, 1.0132, 1.1680
M5,04/07/23,11:00:44,     6,  6503,   441,  998.7, 300,22.4,25.5, 0.0,  0, 0.0000,     0,21.1,24.8,16.5, 25,    18,    16, 0.9512, 1.2368
M5,04/07/23,11:00:45,     6,  6504,   441,  998.7, 300,22.5,25.5, 0.0,  0, 0.0000,     0,21.1,24.8,16.5, 25,    18,    17, 0.9156, 1.2188
M5,04/07/23,11:00:46,     6,  6505,   442,  998.7, 300,22.5,25.5, 0.0,  0, 0.0000,     0,21.1,24.8,16.5, 25,    19,    18, 0.9132, 1.1069
M5,04/07/23,11:00:47,     6,  6506,   443,  998.7, 300,22.5,25.5, 0.0,  0, 0.0000,     0,21.1,24.9,16.5, 25,    20,    19, 0.9264, 1.0008
M5,04/07/23,11:00:48,     6,  6507,   444,  998.7, 300,22.5,25.5, 0.0,  0, 0.0000,     0,21.1,24.9,16.5, 25,    21,    20, 0.9293, 0.9744
M5,04/07/23,11:00:49,     6,  6508,   444,  998.7, 300,22.5,25.5, 0.0,  0, 0.0000,     0,21.1,24.9,16.5, 25,    21,    21, 0.9166, 0.9955
M5,04/07/23,11:00:50,     6,  6509,   445,  998.7, 300,22.5,25.5, 0.0,  0, 0.0000,     0,21.1,24.9,16.5, 25,    22,    22, 0.9065, 1.0110
M5,04/07/23,11:00:51,     6,  6510,   446,  998.7, 300,22.5,25.5, 0.0,  0, 0.0000,     0,21.1,24.9,16.5, 25,    23,    23, 0.9008, 0.9990
M5,04/07/23,11:00:52,     6,  6511,   446,  998.7, 300,22.5,25.5, 0.0,  0, 0.0000,     0,21.1,24.9,16.5, 25,    23,    24, 0.8893, 1.0087
M5,04/07/23,11:00:53,     6,  6512,   447,  998.7, 300,22.5,25.5, 0.0,  0, 0.0000,     0,21.1,24.9,16.5, 25,    24,    25, 0.8794, 1.0109
M5,04/07/23,11:00:54,     6,  6513,   448,  998.7, 300,22.6,25.5, 0.0,  0, 0.0000,     0,21.1,24.9,16.5, 25,    25,    26, 0.8727, 1.0103
M5,04/07/23,11:00:55,     6,  6514,   449,  998.7, 300,22.6,25.5, 0.0,  0, 0.0000,     0,21.1,24.9,16.5, 25,    26,    27, 0.8686, 0.9936
M5,04/07/23,11:00:56,     6,  6515,   449,  998.7, 300,22.6,25.5, 0.0,  0, 0.0000,     0,21.1,24.9,16.5, 25,    26,    28, 0.8675, 0.9711
M5,04/07/23,11:00:57,     6,  6516,   450,  998.7, 300,22.6,25.5, 0.0,  0, 0.0000,     0,21.1,24.9,16.5, 25,    27,    29, 0.8695, 0.9483
M5,04/07/23,11:00:58,     6,  6517,   451,  998.7, 300,22.6,25.5, 0.0,  0, 0.0000,     0,21.1,24.9,16.5, 25,    28,    30, 0.8742, 0.9168
M5,04/07/23,11:00:59,     6,  6518,   452,  998.7, 300,22.7,25.5, 0.0,  0, 0.0000,     0,21.1,24.9,16.5, 25,    29,    31, 0.8777, 0.9003
M5,04/07/23,11:01:00,     6,  6519,   452,  998.7, 300,22.7,25.5, 0.0,  0, 0.0000,     0,21.1,24.9,16.5, 25,    29,    32, 0.8744, 0.9062
M5,04/07/23,11:01:01,     6,  6520,   453,  998.7, 300,22.7,25.5, 0.0,  0, 0.0000,     0,21.1,24.9,16.5, 25,    30,    33, 0.8690, 0.9212
M5,04/07/23,11:01:02,     6,  6521,   453,  998.7, 300,22.7,25.5, 0.0,  0, 0.0000,     0,21.1,24.9,16.5, 25,    30,    34, 0.8616, 0.9370
M5,04/07/23,11:01:03,     6,  6522,   454,  998.7, 300,22.7,25.5, 0.0,  0, 0.0000,     0,21.1,24.9,16.5, 25,    31,    35, 0.8553, 0.9467
M5,04/07/23,11:01:04,     6,  6523,   455,  998.7, 300,22.7,25.5, 0.0,  0, 0.0000,     0,21.1,24.9,16.5, 25,    32,    36, 0.8506, 0.9527
M5,04/07/23,11:01:05,     6,  6524,   455,  998.7, 300,22.7,25.5, 0.0,  0, 0.0000,     0,21.1,24.9,16.5, 25,    32,    37, 0.8472, 0.9495
M5,04/07/23,11:01:06,     6,  6525,   456,  998.7, 300,22.8,25.5, 0.0,  0, 0.0000,     0,21.1,24.9,16.5, 25,    33,    38, 0.8449, 0.9467
M5,04/07/23,11:01:07,     6,  6526,   457,  998.7, 300,22.8,25.5, 0.0,  0, 0.0000,     0,21.1,24.9,16.5, 25,    34,    39, 0.8433, 0.9383
M5,04/07/23,11:01:08,     6,  6527,   458,  998.7, 300,22.8,25.5, 0.0,  0, 0.0000,     0,21.1,24.9,16.5, 25,    35,    40, 0.8431, 0.9272
M5,04/07/23,11:01:09,     6,  6528,   458,  998.7, 300,22.8,25.5, 0.0,  0, 0.0000,     0,21.1,24.9,16.5, 25,    36,    41, 0.8425, 0.9182
M5,04/07/23,11:01:10,     6,  6529,   459,  998.7, 300,22.8,25.5, 0.0,  0, 0.0000,     0,21.1,24.9,16.4, 25,    36,    42, 0.8407, 0.9149
M5,04/07/23,11:01:11,     6,  6530,   460,  998.7, 300,22.9,25.5, 0.0,  0, 0.0000,     0,21.1,24.9,16.4, 25,    37,    43, 0.8399, 0.9127
M5,04/07/23,11:01:12,     6,  6531,   460,  998.7, 300,22.9,25.5, 0.0,  0, 0.0000,     0,21.1,24.9,16.4, 25,    37,    44, 0.8382, 0.9098
M5,04/07/23,11:01:13,     6,  6532,   461,  998.7, 300,22.9,25.5, 0.0,  0, 0.0000,     0,21.1,24.9,16.4, 25,    38,    45, 0.8366, 0.9070
M5,04/07/23,11:01:14,     6,  6533,   461,  998.7, 300,22.9,25.5, 0.0,  0, 0.0000,     0,21.1,24.9,16.4, 25,    38,    46, 0.8334, 0.9104
M5,04/07/23,11:01:15,     6,  6534,   462,  998.7, 300,22.9,25.5, 0.0,  0, 0.0000,     0,21.1,24.9,16.4, 25,    39,    47, 0.8305, 0.9159
M5,04/07/23,11:01:16,     6,  6535,   463,  998.7, 300,22.9,25.5, 0.0,  0, 0.0000,     0,21.1,24.9,16.4, 25,    40,    48, 0.8272, 0.9185
M5,04/07/23,11:01:17,     6,  6536,   463,  998.7, 300,22.9,25.5, 0.0,  0, 0.0000,     0,21.1,24.9,16.4, 25,    40,    49, 0.8244, 0.9195
M5,04/07/23,11:01:18,     6,  6537,   464,  998.7, 300,22.9,25.5, 0.0,  0, 0.0000,     0,21.1,24.9,16.4, 25,    41,    50, 0.8217, 0.9194
M5,04/07/23,11:01:19,     6,  6538,   465,  998.7, 300,22.9,25.5, 0.0,  0, 0.0000,     0,21.1,24.9,16.4, 25,    42,    51, 0.8200, 0.9159
M5,04/07/23,11:01:20,     6,  6539,   465,  998.7, 300,22.9,25.5, 0.0,  0, 0.0000,     0,21.1,24.9,16.4, 25,    42,    52, 0.8187, 0.9124
M5,04/07/23,11:01:21,     6,  6540,   466,  998.7, 300,22.9,25.5, 0.0,  0, 0.0000,     0,21.1,24.9,16.4, 25,    43,    53, 0.8164, 0.9116
M5,04/07/23,11:01:22,     6,  6541,   466,  998.7, 300,23.0,25.5, 0.0,  0, 0.0000,     0,21.1,24.9,16.4, 25,    43,    54, 0.8144, 0.9128
M5,04/07/23,11:01:23,     6,  6542,   467,  998.7, 300,23.0,25.5, 0.0,  0, 0.0000,     0,21.1,24.9,16.4, 25,    44,    55, 0.8116, 0.9143
M5,04/07/23,11:01:24,     6,  6543,   467,  998.7, 300,23.0,25.5, 0.0,  0, 0.0000,     0,21.1,24.9,16.4, 25,    44,    56, 0.8079, 0.9183
M5,04/07/23,11:01:25,     6,  6544,   468,  998.7, 300,23.0,25.5, 0.0,  0, 0.0000,     0,21.1,24.9,16.4, 25,    45,    57, 0.8047, 0.9205
M5,04/07/23,11:01:26,     6,  6545,   469,  998.7, 300,23.0,25.5, 0.0,  0, 0.0000,     0,21.1,24.9,16.4, 25,    46,    58, 0.8018, 0.9211
M5,04/07/23,11:01:27,     6,  6546,   469,  998.7, 300,23.0,25.5, 0.0,  0, 0.0000,     0,21.1,24.9,16.4, 25,    46,    59, 0.7992, 0.9225
M5,04/07/23,11:01:28,     6,  6547,   470,  998.7, 300,23.0,25.5, 0.0,  0, 0.0000,     0,21.1,24.9,16.4, 25,    47,    60, 0.7961, 0.9240
R5,04/07/23,11:01:28,     6,  6547,   470,  998.7, 300,23.0,25.5, 0.0,  0, 0.0000,     0,21.1,24.9,16.4, 25,    47,    60, 0.7961, 0.9240
End
Start
M5,04/07/23,11:02:13,     6,  6592,   414,  998.7, 300,22.5,25.5, 0.0,  0, 0.0000,     0,21.1,24.1,16.4, 20,     2,     1, 0.0000, 0.0000
M5,04/07/23,11:02:14,     6,  6593,   415,  998.7, 300,22.5,25.5, 0.0,  0, 0.0000,     0,21.1,24.1,16.6, 20,     3,     2, 0.0000, 0.0000
M5,04/07/23,11:02:15,     6,  6594,   417,  998.7, 300,22.5,25.5, 0.0,  0, 0.0000,     0,21.1,24.2,16.6, 20,     5,     3, 0.0000, 0.0000
M5,04/07/23,11:02:16,     6,  6595,   418,  998.7, 300,22.5,25.5, 0.0,  0, 0.0000,     0,21.1,24.2,16.6, 20,     6,     4, 0.0000, 0.0000
M5,04/07/23,11:02:17,     6,  6596,   419,  998.7, 300,22.5,25.5, 0.0,  0, 0.0000,     0,21.1,24.2,16.6, 20,     7,     5, 0.0000, 0.0000
M5,04/07/23,11:02:18,     6,  6597,   420,  998.7, 300,22.5,25.5, 0.0,  0, 0.0000,     0,21.1,24.2,16.6, 20,     8,     6, 0.0000, 0.0000
M5,04/07/23,11:02:19,     6,  6598,   421,  998.7, 300,22.5,25.5, 0.0,  0, 0.0000,     0,21.1,24.2,16.6, 20,     9,     7, 0.0000, 0.0000
M5,04/07/23,11:02:20,     6,  6599,   422,  998.7, 300,22.4,25.5, 0.0,  0, 0.0000,     0,21.1,24.2,16.6, 20,    10,     8, 0.0000, 0.0000
M5,04/07/23,11:02:21,     6,  6600,   422,  998.7, 300,22.4,25.5, 0.0,  0, 0.0000,     0,21.1,24.3,16.6, 20,    11,     9, 0.0000, 0.0000
M5,04/07/23,11:02:22,     6,  6601,   423,  998.7, 300,22.5,25.5, 0.0,  0, 0.0000,     0,21.1,24.3,16.6, 25,    12,    10, 0.0000, 0.0000
M5,04/07/23,11:02:23,     6,  6602,   424,  998.7, 300,22.5,25.5, 0.0,  0, 0.0000,     0,21.1,24.3,16.6, 25,    12,    11, 0.0000, 0.0000
M5,04/07/23,11:02:24,     6,  6603,   425,  998.7, 300,22.5,25.5, 0.0,  0, 0.0000,     0,21.1,24.3,16.6, 25,    13,    12, 0.0000, 0.0000
M5,04/07/23,11:02:25,     6,  6604,   425,  998.7, 300,22.5,25.5, 0.0,  0, 0.0000,     0,21.1,24.3,16.6, 25,    14,    13, 0.7587, 0.9028
M5,04/07/23,11:02:26,     6,  6605,   426,  998.7, 300,22.5,25.5, 0.0,  0, 0.0000,     0,21.1,24.3,16.6, 25,    14,    14, 0.7606, 0.8149
M5,04/07/23,11:02:27,     6,  6606,   427,  998.7, 300,22.5,25.5, 0.0,  0, 0.0000,     0,21.1,24.3,16.6, 25,    15,    15, 0.7622, 0.7784
M5,04/07/23,11:02:28,     6,  6607,   427,  998.7, 300,22.5,25.5, 0.0,  0, 0.0000,     0,21.1,24.4,16.6, 25,    16,    16, 0.7862, 0.7116
M5,04/07/23,11:02:29,     6,  6608,   428,  998.7, 300,22.5,25.5, 0.0,  0, 0.0000,     0,21.1,24.4,16.6, 25,    16,    17, 0.7976, 0.7196
M5,04/07/23,11:02:31,     6,  6609,   429,  998.7, 300,22.5,25.5, 0.0,  0, 0.0000,     0,21.1,24.4,16.6, 25,    17,    18, 0.7874, 0.7729
M5,04/07/23,11:02:32,     6,  6610,   429,  998.7, 300,22.6,25.5, 0.0,  0, 0.0000,     0,21.1,24.4,16.6, 25,    17,    19, 0.7833, 0.7932
M5,04/07/23,11:02:33,     6,  6611,   430,  998.7, 300,22.6,25.5, 0.0,  0, 0.0000,     0,21.1,24.4,16.6, 25,    18,    20, 0.7710, 0.8226
M5,04/07/23,11:02:34,     6,  6612,   430,  998.7, 300,22.6,25.5, 0.0,  0, 0.0000,     0,21.1,24.4,16.6, 25,    19,    21, 0.7656, 0.8268
M5,04/07/23,11:02:35,     6,  6613,   431,  998.7, 300,22.6,25.5, 0.0,  0, 0.0000,     0,21.1,24.4,16.6, 25,    19,    22, 0.7554, 0.8384
M5,04/07/23,11:02:36,     6,  6614,   431,  998.7, 300,22.6,25.5, 0.0,  0, 0.0000,     0,21.1,24.4,16.6, 25,    20,    23, 0.7441, 0.8498
M5,04/07/23,11:02:37,     6,  6615,   432,  998.7, 300,22.6,25.5, 0.0,  0, 0.0000,     0,21.1,24.4,16.6, 25,    20,    24, 0.7344, 0.8597
M5,04/07/23,11:02:38,     6,  6616,   433,  998.7, 300,22.6,25.5, 0.0,  0, 0.0000,     0,21.1,24.4,16.6, 25,    21,    25, 0.7318, 0.8378
M5,04/07/23,11:02:39,     6,  6617,   433,  998.7, 300,22.7,25.5, 0.0,  0, 0.0000,     0,21.1,24.4,16.6, 25,    21,    26, 0.7280, 0.8294
M5,04/07/23,11:02:40,     6,  6618,   434,  998.7, 300,22.7,25.5, 0.0,  0, 0.0000,     0,21.1,24.4,16.6, 25,    22,    27, 0.7256, 0.8149
M5,04/07/23,11:02:41,     6,  6619,   434,  998.7, 300,22.7,25.5, 0.0,  0, 0.0000,     0,21.1,24.4,16.6, 25,    23,    28, 0.7225, 0.8097
M5,04/07/23,11:02:42,     6,  6620,   435,  998.7, 300,22.7,25.5, 0.0,  0, 0.0000,     0,20.9,24.4,16.7, 25,    23,    29, 0.7166, 0.8115
M5,04/07/23,11:02:43,     6,  6621,   435,  998.7, 300,22.7,25.5, 0.0,  0, 0.0000,     0,20.9,24.4,16.7, 25,    24,    30, 0.7131, 0.8051
M5,04/07/23,11:02:44,     6,  6622,   436,  998.7, 300,22.7,25.5, 0.0,  0, 0.0000,     0,20.9,24.4,16.7, 25,    25,    31, 0.7143, 0.7873
M5,04/07/23,11:02:45,     6,  6623,   437,  998.7, 300,22.7,25.5, 0.0,  0, 0.0000,     0,20.9,24.4,16.7, 25,    26,    32, 0.7218, 0.7489
M5,04/07/23,11:02:46,     6,  6624,   438,  998.7, 300,22.8,25.5, 0.0,  0, 0.0000,     0,20.9,24.4,16.7, 25,    26,    33, 0.7288, 0.7224
M5,04/07/23,11:02:47,     6,  6625,   439,  998.7, 300,22.8,25.5, 0.0,  0, 0.0000,     0,21.1,24.4,16.7, 25,    27,    34, 0.7360, 0.6972
M5,04/07/23,11:02:48,     6,  6626,   440,  998.7, 300,22.8,25.5, 0.0,  0, 0.0000,     0,21.1,24.4,16.7, 25,    28,    35, 0.7428, 0.6811
M5,04/07/23,11:02:49,     6,  6627,   440,  998.7, 300,22.8,25.5, 0.0,  0, 0.0000,     0,21.1,24.4,16.7, 25,    29,    36, 0.7479, 0.6705
M5,04/07/23,11:02:50,     6,  6628,   441,  998.7, 300,22.8,25.5, 0.0,  0, 0.0000,     0,21.1,24.4,16.7, 25,    29,    37, 0.7527, 0.6648
M5,04/07/23,11:02:51,     6,  6629,   442,  998.7, 300,22.8,25.5, 0.0,  0, 0.0000,     0,21.1,24.4,16.7, 25,    30,    38, 0.7592, 0.6524
M5,04/07/23,11:02:52,     6,  6630,   443,  998.7, 301,22.8,25.5, 0.0,  0, 0.0000,     0,20.9,24.5,16.4, 25,    31,    39, 0.7659, 0.6412
M5,04/07/23,11:02:53,     6,  6631,   443,  998.7, 300,22.8,25.5, 0.0,  0, 0.0000,     0,20.9,24.4,16.4, 25,    32,    40, 0.7723, 0.6364
M5,04/07/23,11:02:54,     6,  6632,   444,  998.7, 300,22.8,25.5, 0.0,  0, 0.0000,     0,20.9,24.4,16.4, 25,    32,    41, 0.7759, 0.6388
M5,04/07/23,11:02:55,     6,  6633,   444,  998.7, 300,22.9,25.5, 0.0,  0, 0.0000,     0,20.9,24.4,16.4, 25,    33,    42, 0.7773, 0.6509
M5,04/07/23,11:02:56,     6,  6634,   445,  998.7, 300,22.9,25.5, 0.0,  0, 0.0000,     0,20.9,24.4,16.4, 25,    33,    43, 0.7762, 0.6681
M5,04/07/23,11:02:57,     6,  6635,   445,  998.7, 300,22.9,25.5, 0.0,  0, 0.0000,     0,20.9,24.4,16.4, 25,    33,    44, 0.7737, 0.6891
M5,04/07/23,11:02:58,     6,  6636,   445,  998.7, 300,22.9,25.5, 0.0,  0, 0.0000,     0,20.9,24.4,16.7, 25,    34,    45, 0.7705, 0.7085
M5,04/07/23,11:02:59,     6,  6637,   446,  998.7, 300,22.9,25.5, 0.0,  0, 0.0000,     0,20.9,24.4,16.7, 25,    34,    46, 0.7680, 0.7234
M5,04/07/23,11:03:00,     6,  6638,   447,  998.7, 300,22.9,25.5, 0.0,  0, 0.0000,     0,20.9,24.4,16.7, 25,    35,    47, 0.7661, 0.7350
M5,04/07/23,11:03:01,     6,  6639,   447,  998.7, 300,22.9,25.5, 0.0,  0, 0.0000,     0,20.9,24.4,16.7, 25,    36,    48, 0.7637, 0.7463
M5,04/07/23,11:03:02,     6,  6640,   448,  998.7, 300,23.0,25.5, 0.0,  0, 0.0000,     0,20.9,24.5,16.7, 25,    36,    49, 0.7619, 0.7562
M5,04/07/23,11:03:03,     6,  6641,   449,  998.7, 300,23.0,25.5, 0.0,  0, 0.0000,     0,20.9,24.5,16.7, 25,    37,    50, 0.7600, 0.7629
M5,04/07/23,11:03:04,     6,  6642,   449,  998.7, 300,23.0,25.5, 0.0,  0, 0.0000,     0,20.9,24.5,16.7, 25,    38,    51, 0.7586, 0.7676
M5,04/07/23,11:03:05,     6,  6643,   450,  998.7, 300,23.0,25.5, 0.0,  0, 0.0000,     0,20.9,24.5,16.7, 25,    38,    52, 0.7574, 0.7706
M5,04/07/23,11:03:06,     6,  6644,   451,  998.7, 300,23.0,25.5, 0.0,  0, 0.0000,     0,20.9,24.5,16.7, 25,    39,    53, 0.7570, 0.7701
M5,04/07/23,11:03:07,     6,  6645,   451,  998.7, 300,23.0,25.5, 0.0,  0, 0.0000,     0,20.9,24.4,16.7, 25,    40,    54, 0.7568, 0.7717
M5,04/07/23,11:03:08,     6,  6646,   452,  998.7, 300,23.0,25.5, 0.0,  0, 0.0000,     0,20.9,24.4,16.7, 25,    40,    55, 0.7556, 0.7739
M5,04/07/23,11:03:09,     6,  6647,   452,  998.7, 300,23.0,25.5, 0.0,  0, 0.0000,     0,20.9,24.4,16.7, 25,    41,    56, 0.7543, 0.7771
M5,04/07/23,11:03:10,     6,  6648,   453,  998.7, 300,23.0,25.5, 0.0,  0, 0.0000,     0,20.9,24.4,16.7, 25,    41,    57, 0.7522, 0.7826
M5,04/07/23,11:03:11,     6,  6649,   453,  998.7, 300,23.0,25.5, 0.0,  0, 0.0000,     0,20.9,24.4,16.7, 25,    41,    58, 0.7503, 0.7885
M5,04/07/23,11:03:12,     6,  6650,   454,  998.7, 300,23.0,25.5, 0.0,  0, 0.0000,     0,20.9,24.4,16.7, 25,    42,    59, 0.7488, 0.7904
M5,04/07/23,11:03:13,     6,  6651,   454,  998.7, 300,23.1,25.5, 0.0,  0, 0.0000,     0,20.9,24.4,16.7, 25,    43,    60, 0.7473, 0.7929
R5,04/07/23,11:03:13,     6,  6651,   454,  998.7, 300,23.1,25.5, 0.0,  0, 0.0000,     0,20.9,24.4,16.7, 25,    43,    60, 0.7473, 0.7929
End
Start
M5,04/07/23,11:04:15,     6,  6713,   416,  998.7, 300,22.5,25.6, 0.0,  0, 0.0000,     0,20.9,23.9,16.8, 20,     2,     1, 0.0000, 0.0000
M5,04/07/23,11:04:16,     6,  6714,   418,  998.7, 300,22.5,25.5, 0.0,  0, 0.0000,     0,20.9,23.9,16.8, 20,     3,     2, 0.0000, 0.0000
M5,04/07/23,11:04:17,     6,  6715,   419,  998.7, 300,22.5,25.5, 0.0,  0, 0.0000,     0,20.9,23.9,16.8, 20,     5,     3, 0.0000, 0.0000
M5,04/07/23,11:04:18,     6,  6716,   420,  998.7, 300,22.5,25.6, 0.0,  0, 0.0000,     0,20.9,23.9,16.4, 20,     6,     4, 0.0000, 0.0000
M5,04/07/23,11:04:19,     6,  6717,   421,  998.7, 300,22.5,25.6, 0.0,  0, 0.0000,     0,20.9,24.0,16.4, 20,     7,     5, 0.0000, 0.0000
M5,04/07/23,11:04:20,     6,  6718,   422,  998.7, 300,22.5,25.6, 0.0,  0, 0.0000,     0,20.9,24.0,16.4, 20,     8,     6, 0.0000, 0.0000
M5,04/07/23,11:04:21,     6,  6719,   423,  998.7, 300,22.5,25.6, 0.0,  0, 0.0000,     0,20.9,24.0,16.4, 20,     9,     7, 0.0000, 0.0000
M5,04/07/23,11:04:22,     6,  6720,   423,  998.7, 300,22.5,25.6, 0.0,  0, 0.0000,     0,20.9,24.0,16.4, 20,     9,     8, 0.0000, 0.0000
M5,04/07/23,11:04:23,     6,  6721,   424,  998.7, 300,22.5,25.6, 0.0,  0, 0.0000,     0,20.9,24.0,16.4, 20,    10,     9, 0.0000, 0.0000
M5,04/07/23,11:04:24,     6,  6722,   425,  998.7, 300,22.5,25.6, 0.0,  0, 0.0000,     0,20.9,24.1,16.4, 25,    11,    10, 0.0000, 0.0000
M5,04/07/23,11:04:25,     6,  6723,   425,  998.7, 300,22.5,25.5, 0.0,  0, 0.0000,     0,20.9,24.1,16.4, 25,    11,    11, 0.0000, 0.0000
M5,04/07/23,11:04:26,     6,  6724,   426,  998.7, 300,22.5,25.5, 0.0,  0, 0.0000,     0,20.9,24.1,16.4, 25,    11,    12, 0.0000, 0.0000
M5,04/07/23,11:04:27,     6,  6725,   426,  998.7, 300,22.5,25.6, 0.0,  0, 0.0000,     0,20.9,24.1,16.4, 25,    12,    13, 0.5102, 0.5109
M5,04/07/23,11:04:28,     6,  6726,   427,  998.7, 300,22.5,25.6, 0.0, 21, 0.0000,     0,20.9,24.1,16.4, 25,    13,    14, 0.6054, 0.3288
M5,04/07/23,11:04:29,     6,  6727,   428,  998.7, 300,22.5,25.6, 0.0, 21, 0.0000,     0,20.9,24.2,16.4, 25,    14,    15, 0.6877, 0.3070
M5,04/07/23,11:04:30,     6,  6728,   428,  998.7, 300,22.5,25.6, 0.0, 21, 0.0000,     0,20.9,24.2,16.4, 25,    14,    16, 0.7046, 0.4412
M5,04/07/23,11:04:31,     6,  6729,   429,  998.7, 300,22.5,25.6, 0.0,  0, 0.0000,     0,20.9,24.2,16.4, 25,    15,    17, 0.7178, 0.5151
M5,04/07/23,11:04:32,     6,  6730,   430,  998.7, 300,22.6,25.6, 0.0,  0, 0.0000,     0,20.9,24.2,16.4, 25,    16,    18, 0.7419, 0.5323
M5,04/07/23,11:04:33,     6,  6731,   431,  998.7, 300,22.6,25.6, 0.0, 21, 0.0000,     0,20.9,24.2,16.4, 25,    16,    19, 0.7656, 0.5364
M5,04/07/23,11:04:34,     6,  6732,   431,  998.7, 300,22.6,25.6, 0.0,  0, 0.0000,     0,20.9,24.2,16.4, 25,    17,    20, 0.7719, 0.5947
M5,04/07/23,11:04:35,     6,  6733,   432,  998.7, 300,22.6,25.6, 0.0,  0, 0.0000,     0,20.9,24.2,16.4, 25,    17,    21, 0.7674, 0.6575
M5,04/07/23,11:04:36,     6,  6734,   432,  998.7, 300,22.6,25.6, 0.0,  0, 0.0000,     0,20.9,24.2,16.4, 25,    18,    22, 0.7599, 0.7129
M5,04/07/23,11:04:37,     6,  6735,   433,  998.7, 300,22.6,25.6, 0.0,  0, 0.0000,     0,20.9,24.2,16.4, 25,    18,    23, 0.7549, 0.7380
M5,04/07/23,11:04:38,     6,  6736,   433,  998.7, 300,22.6,25.6, 0.0,  0, 0.0000,     0,20.9,24.2,16.4, 25,    19,    24, 0.7475, 0.7635
M5,04/07/23,11:04:39,     6,  6737,   434,  998.7, 300,22.7,25.6, 0.0,  0, 0.0000,     0,20.9,24.2,16.4, 25,    20,    25, 0.7450, 0.7736
M5,04/07/23,11:04:40,     6,  6738,   435,  998.7, 300,22.7,25.6, 0.0,  0, 0.0000,     0,20.9,24.3,16.4, 25,    20,    26, 0.7465, 0.7606
M5,04/07/23,11:04:41,     6,  6739,   435,  998.7, 300,22.7,25.6, 0.0,  0, 0.0000,     0,20.9,24.3,16.4, 25,    21,    27, 0.7484, 0.7508
M5,04/07/23,11:04:42,     6,  6740,   436,  998.7, 300,22.7,25.6, 0.0,  0, 0.0000,     0,20.9,24.3,16.4, 25,    21,    28, 0.7430, 0.7666
M5,04/07/23,11:04:43,     6,  6741,   436,  998.7, 300,22.7,25.6, 0.0,  0, 0.0000,     0,20.9,24.3,16.4, 25,    22,    29, 0.7384, 0.7822
M5,04/07/23,11:04:44,     6,  6742,   437,  998.7, 300,22.7,25.6, 0.0,  0, 0.0000,     0,20.9,24.3,16.4, 25,    23,    30, 0.7345, 0.7860
M5,04/07/23,11:04:45,     6,  6743,   437,  998.7, 300,22.8,25.6, 0.0,  0, 0.0000,     0,20.9,24.3,16.4, 25,    23,    31, 0.7302, 0.7921
M5,04/07/23,11:04:46,     6,  6744,   438,  998.7, 300,22.8,25.6, 0.0,  0, 0.0000,     0,20.9,24.3,16.4, 25,    24,    32, 0.7272, 0.7909
M5,04/07/23,11:04:47,     6,  6745,   439,  998.7, 300,22.8,25.6, 0.0,  0, 0.0000,     0,20.9,24.3,16.4, 25,    25,    33, 0.7274, 0.7789
M5,04/07/23,11:04:48,     6,  6746,   439,  998.7, 300,22.8,25.6, 0.0,  0, 0.0000,     0,20.9,24.3,16.4, 25,    25,    34, 0.7289, 0.7679
M5,04/07/23,11:04:49,     6,  6747,   440,  998.7, 300,22.8,25.6, 0.0,  0, 0.0000,     0,20.9,24.3,16.4, 25,    26,    35, 0.7316, 0.7515
M5,04/07/23,11:04:50,     6,  6748,   441,  998.7, 300,22.8,25.5, 0.0,  0, 0.0000,     0,20.7,24.3,16.4, 25,    27,    36, 0.7346, 0.7387
M5,04/07/23,11:04:51,     6,  6749,   442,  998.7, 300,22.8,25.5, 0.0,  0, 0.0000,     0,20.7,24.3,16.4, 25,    27,    37, 0.7370, 0.7284
M5,04/07/23,11:04:52,     6,  6750,   442,  998.7, 300,22.9,25.6, 0.0,  0, 0.0000,     0,20.7,24.3,16.4, 25,    28,    38, 0.7377, 0.7308
M5,04/07/23,11:04:53,     6,  6751,   442,  998.7, 300,22.9,25.6, 0.0,  0, 0.0000,     0,20.7,24.3,16.4, 25,    28,    39, 0.7351, 0.7396
M5,04/07/23,11:04:54,     6,  6752,   443,  998.7, 300,22.9,25.6, 0.0,  0, 0.0000,     0,20.7,24.3,16.4, 25,    29,    40, 0.7322, 0.7485
M5,04/07/23,11:04:55,     6,  6753,   443,  998.7, 300,22.9,25.6, 0.0,  0, 0.0000,     0,20.9,24.3,16.4, 25,    29,    41, 0.7279, 0.7612
M5,04/07/23,11:04:56,     6,  6754,   444,  998.7, 300,22.9,25.6, 0.0,  0, 0.0000,     0,20.9,24.3,16.4, 25,    30,    42, 0.7246, 0.7682
M5,04/07/23,11:04:57,     6,  6755,   445,  998.7, 300,22.9,25.6, 0.0,  0, 0.0000,     0,20.9,24.3,16.4, 25,    31,    43, 0.7251, 0.7650
M5,04/07/23,11:04:58,     6,  6756,   445,  998.7, 300,22.9,25.6, 0.0,  0, 0.0000,     0,20.9,24.3,16.4, 25,    31,    44, 0.7250, 0.7601
M5,04/07/23,11:04:59,     6,  6757,   446,  998.7, 300,22.9,25.6, 0.0,  0, 0.0000,     0,20.9,24.3,16.4, 25,    32,    45, 0.7253, 0.7548
M5,04/07/23,11:05:00,     6,  6758,   447,  998.7, 300,22.9,25.6, 0.0,  0, 0.0000,     0,20.7,24.3,16.4, 25,    33,    46, 0.7258, 0.7493
M5,04/07/23,11:05:01,     6,  6759,   447,  998.7, 300,22.9,25.6, 0.0,  0, 0.0000,     0,20.7,24.3,16.4, 25,    33,    47, 0.7256, 0.7467
M5,04/07/23,11:05:02,     6,  6760,   448,  998.7, 300,23.0,25.6, 0.0,  0, 0.0000,     0,20.7,24.3,16.4, 25,    34,    48, 0.7251, 0.7477
M5,04/07/23,11:05:03,     6,  6761,   448,  998.7, 300,23.0,25.6, 0.0,  0, 0.0000,     0,20.7,24.3,16.4, 25,    34,    49, 0.7231, 0.7521
M5,04/07/23,11:05:04,     6,  6762,   449,  998.7, 300,23.0,25.6, 0.0,  0, 0.0000,     0,20.7,24.3,16.4, 25,    34,    50, 0.7213, 0.7571
M5,04/07/23,11:05:05,     6,  6763,   449,  998.7, 300,23.0,25.6, 0.0,  0, 0.0000,     0,20.7,24.3,16.4, 25,    35,    51, 0.7176, 0.7663
M5,04/07/23,11:05:06,     6,  6764,   449,  998.7, 300,23.0,25.6, 0.0,  0, 0.0000,     0,20.7,24.3,16.4, 25,    35,    52, 0.7149, 0.7722
M5,04/07/23,11:05:07,     6,  6765,   450,  998.7, 300,23.0,25.6, 0.0,  0, 0.0000,     0,20.7,24.3,16.4, 25,    36,    53, 0.7126, 0.7750
M5,04/07/23,11:05:08,     6,  6766,   451,  998.6, 300,23.0,25.6, 0.0,  0, 0.0000,     0,20.7,24.3,16.4, 25,    37,    54, 0.7111, 0.7757
M5,04/07/23,11:05:09,     6,  6767,   451,  998.6, 300,23.0,25.6, 0.0,  0, 0.0000,     0,20.7,24.3,16.4, 25,    37,    55, 0.7093, 0.7765
M5,04/07/23,11:05:10,     6,  6768,   452,  998.6, 300,23.0,25.6, 0.0,  0, 0.0000,     0,20.7,24.3,16.4, 25,    38,    56, 0.7084, 0.7736
M5,04/07/23,11:05:11,     6,  6769,   453,  998.6, 300,23.0,25.6, 0.0,  0, 0.0000,     0,20.9,24.3,16.4, 25,    39,    57, 0.7079, 0.7699
M5,04/07/23,11:05:12,     6,  6770,   453,  998.6, 300,23.0,25.6, 0.0,  0, 0.0000,     0,20.9,24.3,16.4, 25,    39,    58, 0.7076, 0.7655
M5,04/07/23,11:05:13,     6,  6771,   454,  998.6, 300,23.1,25.6, 0.0,  0, 0.0000,     0,20.9,24.3,16.4, 25,    40,    59, 0.7073, 0.7626
M5,04/07/23,11:05:14,     6,  6772,   454,  998.6, 300,23.1,25.6, 0.0,  0, 0.0000,     0,20.9,24.3,16.4, 25,    40,    60, 0.7061, 0.7621
R5,04/07/23,11:05:14,     6,  6772,   454,  998.6, 300,23.1,25.6, 0.0,  0, 0.0000,     0,20.9,24.3,16.4, 25,    40,    60, 0.7061, 0.7621
End
