Tag(M3),Date,Time,Plot_No,Rec_No,CO2,Pressure,Flow,H2O,Tsen,O2,Error,Aux_V,PAR,Tsoil,Tair,Msoil
Start
M5,29/06/23,15:58:55,     4,  6186,   427, 1005.7, 300,20.9,29.7, 0.0,  0, 0.0000,     0,26.2,27.3,37.2, 20,     1,     1, 0.0000, 0.0000
M5,29/06/23,15:58:56,     4,  6187,   428, 1005.7, 300,21.0,29.7, 0.0,  0, 0.0000,     0,26.2,27.3,37.1, 20,     3,     2, 0.0000, 0.0000
M5,29/06/23,15:58:57,     4,  6188,   429, 1005.7, 300,21.0,29.7, 0.0,  0, 0.0000,     0,26.2,27.3,37.1, 20,     4,     3, 0.0000, 0.0000
M5,29/06/23,15:58:58,     4,  6189,   430, 1005.7, 300,21.1,29.7, 0.0,  0, 0.0000,     0,26.2,27.3,37.1, 20,     4,     4, 0.0000, 0.0000
M5,29/06/23,15:58:59,     4,  6190,   430, 1005.7, 300,21.1,29.7, 0.0,  0, 0.0000,     0,26.2,27.3,37.1, 20,     5,     5, 0.0000, 0.0000
M5,29/06/23,15:59:00,     4,  6191,   431, 1005.7, 300,21.1,29.7, 0.0,  0, 0.0000,     0,26.2,27.3,37.1, 20,     5,     6, 0.0000, 0.0000
M5,29/06/23,15:59:01,     4,  6192,   431, 1005.7, 300,21.3,29.7, 0.0,  0, 0.0000,     0,26.2,27.3,37.2, 20,     6,     7, 0.0000, 0.0000
M5,29/06/23,15:59:02,     4,  6193,   431, 1005.7, 300,21.3,29.7, 0.0,  0, 0.0000,     0,26.2,27.3,37.2, 20,     6,     8, 0.0000, 0.0000
M5,29/06/23,15:59:03,     4,  6194,   432, 1005.7, 300,21.5,29.7, 0.0,  0, 0.0000,     0,26.2,27.3,37.2, 20,     6,     9, 0.0000, 0.0000
M5,29/06/23,15:59:04,     4,  6195,   432, 1005.7, 300,21.5,29.7, 0.0,  0, 0.0000,     0,26.2,27.3,37.2, 25,     7,    10, 0.0000, 0.0000
M5,29/06/23,15:59:05,     4,  6196,   432, 1005.7, 300,21.7,29.7, 0.0,  0, 0.0000,     0,26.2,27.3,37.2, 25,     7,    11, 0.0000, 0.0000
M5,29/06/23,15:59:06,     4,  6197,   433, 1005.7, 300,21.7,29.7, 0.0,  0, 0.0000,     0,26.2,27.3,37.2, 25,     8,    12, 0.0000, 0.0000
M5,29/06/23,15:59:07,     4,  6198,   434, 1005.7, 300,21.7,29.7, 0.0,  0, 0.0000,     0,26.2,27.3,37.4, 25,     8,    13, 0.6378, 0.6374
M5,29/06/23,15:59:08,     4,  6199,   434, 1005.7, 300,21.8,29.7, 0.0,  0, 0.0000,     0,26.2,27.3,37.4, 25,     9,    14, 0.6356, 0.6797
M5,29/06/23,15:59:09,     4,  6200,   434, 1005.7, 300,21.8,29.7, 0.0,  0, 0.0000,     0,26.2,27.3,37.4, 25,     9,    15, 0.5038, 0.9094
M5,29/06/23,15:59:10,     4,  6201,   434, 1005.7, 300,22.0,29.7, 0.0,  0, 0.0000,     0,26.2,27.3,37.4, 25,     9,    16, 0.4206, 0.9513
M5,29/06/23,15:59:11,     4,  6202,   434, 1005.7, 300,22.0,29.7, 0.0,  0, 0.0000,     0,26.2,27.3,37.4, 25,     9,    17, 0.3585, 0.8628
M5,29/06/23,15:59:12,     4,  6203,   434, 1005.7, 300,22.2,29.7, 0.0,  0, 0.0000,     0,26.2,27.3,37.3, 25,     9,    18, 0.3279, 0.7707
M5,29/06/23,15:59:13,     4,  6204,   434, 1005.7, 300,22.2,29.7, 0.0,  0, 0.0000,     0,26.2,27.3,37.3, 25,     9,    19, 0.2993, 0.6789
M5,29/06/23,15:59:14,     4,  6205,   435, 1005.7, 300,22.4,29.7, 0.0,  0, 0.0000,     0,26.2,27.3,37.3, 25,     9,    20, 0.2877, 0.6113
M5,29/06/23,15:59:15,     4,  6206,   435, 1005.7, 300,22.4,29.7, 0.0,  0, 0.0000,     0,26.2,27.3,37.3, 25,    10,    21, 0.2785, 0.5277
M5,29/06/23,15:59:16,     4,  6207,   435, 1005.7, 300,22.4,29.7, 0.0,  0, 0.0000,     0,26.2,27.3,37.3, 25,    10,    22, 0.2760, 0.4541
M5,29/06/23,15:59:17,     4,  6208,   435, 1005.7, 300,22.5,29.7, 0.0,  0, 0.0000,     0,26.2,27.3,37.3, 25,    10,    23, 0.2778, 0.4154
M5,29/06/23,15:59:18,     4,  6209,   436, 1005.7, 300,22.5,29.7, 0.0,  0, 0.0000,     0,26.2,27.3,37.3, 25,    10,    24, 0.2773, 0.3728
M5,29/06/23,15:59:19,     4,  6210,   436, 1005.7, 300,22.7,29.7, 0.0,  0, 0.0000,     0,26.2,27.3,37.3, 25,    11,    25, 0.2796, 0.3529
M5,29/06/23,15:59:20,     4,  6211,   436, 1005.7, 300,22.7,29.7, 0.0,  0, 0.0000,     0,26.2,27.3,37.3, 25,    11,    26, 0.2794, 0.3278
M5,29/06/23,15:59:21,     4,  6212,   437, 1005.7, 300,22.8,29.7, 0.0,  0, 0.0000,     0,26.2,27.3,37.3, 25,    12,    27, 0.2905, 0.2872
M5,29/06/23,15:59:22,     4,  6213,   437, 1005.7, 300,22.8,29.7, 0.0,  0, 0.0000,     0,26.2,27.3,37.3, 25,    12,    28, 0.2972, 0.2570
M5,29/06/23,15:59:23,     4,  6214,   437, 1005.7, 300,22.8,29.7, 0.0,  0, 0.0000,     0,26.2,27.3,37.3, 25,    12,    29, 0.3005, 0.2453
M5,29/06/23,15:59:24,     4,  6215,   438, 1005.7, 300,23.0,29.7, 0.0,  0, 0.0000,     0,26.2,27.3,37.3, 25,    12,    30, 0.3080, 0.2406
M5,29/06/23,15:59:25,     4,  6216,   438, 1005.7, 300,23.0,29.7, 0.0,  0, 0.0000,     0,26.2,27.3,37.3, 25,    13,    31, 0.3091, 0.2407
M5,29/06/23,15:59:26,     4,  6217,   438, 1005.7, 300,23.1,29.7, 0.0,  0, 0.0000,     0,26.2,27.3,37.3, 25,    13,    32, 0.3121, 0.2499
M5,29/06/23,15:59:27,     4,  6218,   439, 1005.7, 300,23.1,29.7, 0.0,  0, 0.0000,     0,26.2,27.3,37.3, 25,    13,    33, 0.3141, 0.2460
M5,29/06/23,15:59:28,     4,  6219,   439, 1005.7, 300,23.2,29.7, 0.0,  0, 0.0000,     0,26.2,27.3,37.3, 25,    14,    34, 0.3199, 0.2393
M5,29/06/23,15:59:29,     4,  6220,   439, 1005.7, 300,23.2,29.7, 0.0, 21, 0.0000,     0,26.2,27.3,37.3, 25,    14,    35, 0.3215, 0.2389
M5,29/06/23,15:59:30,     4,  6221,   440, 1005.7, 300,23.2,29.7, 0.0, 21, 0.0000,     0,26.2,27.3,37.3, 25,    14,    36, 0.3247, 0.2337
M5,29/06/23,15:59:31,     4,  6222,   440, 1005.7, 300,23.4,29.7, 0.0, 21, 0.0000,     0,26.2,27.3,37.3, 25,    15,    37, 0.3296, 0.2327
M5,29/06/23,15:59:32,     4,  6223,   440, 1005.7, 300,23.4,29.7, 0.0, 21, 0.0000,     0,26.2,27.3,37.3, 25,    15,    38, 0.3322, 0.2309
M5,29/06/23,15:59:33,     4,  6224,   441, 1005.7, 300,23.5,29.7, 0.0, 21, 0.0000,     0,26.2,27.3,37.3, 25,    15,    39, 0.3352, 0.2362
M5,29/06/23,15:59:34,     4,  6225,   441, 1005.7, 300,23.5,29.7, 0.0, 21, 0.0000,     0,26.2,27.3,37.3, 25,    16,    40, 0.3363, 0.2392
M5,29/06/23,15:59:35,     4,  6226,   441, 1005.7, 300,23.6,29.7, 0.0, 21, 0.0000,     0,26.2,27.3,37.3, 25,    16,    41, 0.3383, 0.2475
M5,29/06/23,15:59:36,     4,  6227,   441, 1005.7, 300,23.6,29.7, 0.0,  0, 0.0000,     0,26.2,27.3,37.3, 25,    16,    42, 0.3385, 0.2526
M5,29/06/23,15:59:37,     4,  6228,   441, 1005.7, 300,23.7,29.7, 0.0,  0, 0.0000,     0,26.2,27.3,37.3, 25,    16,    43, 0.3391, 0.2610
M5,29/06/23,15:59:38,     4,  6229,   442, 1005.7, 300,23.7,29.7, 0.0,  0, 0.0000,     0,26.2,27.3,37.3, 25,    17,    44, 0.3387, 0.2664
M5,29/06/23,15:59:39,     4,  6230,   442, 1005.7, 300,23.7,29.7, 0.0,  0, 0.0000,     0,26.2,27.3,37.2, 25,    17,    45, 0.3378, 0.2735
M5,29/06/23,15:59:40,     4,  6231,   442, 1005.7, 300,23.8,29.7, 0.0,  0, 0.0000,     0,26.2,27.3,37.2, 25,    17,    46, 0.3389, 0.2806
M5,29/06/23,15:59:41,     4,  6232,   443, 1005.7, 300,23.8,29.7, 0.0,  0, 0.0000,     0,26.2,27.3,37.2, 25,    17,    47, 0.3384, 0.2843
M5,29/06/23,15:59:42,     4,  6233,   443, 1005.7, 300,23.8,29.6, 0.0,  0, 0.0000,     0,26.2,27.3,37.2, 25,    18,    48, 0.3379, 0.2900
M5,29/06/23,15:59:43,     4,  6234,   443, 1005.7, 300,23.8,29.6, 0.0,  0, 0.0000,     0,26.2,27.3,37.2, 25,    18,    49, 0.3359, 0.2986
M5,29/06/23,15:59:44,     4,  6235,   443, 1005.7, 300,23.9,29.6, 0.0,  0, 0.0000,     0,25.9,27.3,37.3, 25,    18,    50, 0.3339, 0.3104
M5,29/06/23,15:59:45,     4,  6236,   443, 1005.7, 300,23.9,29.6, 0.0,  0, 0.0000,     0,25.9,27.3,37.3, 25,    18,    51, 0.3314, 0.3182
M5,29/06/23,15:59:46,     4,  6237,   444, 1005.7, 300,23.9,29.6, 0.0,  0, 0.0000,     0,25.9,27.3,37.3, 25,    19,    52, 0.3306, 0.3193
M5,29/06/23,15:59:47,     4,  6238,   444, 1005.7, 300,24.0,29.7, 0.0,  0, 0.0000,     0,25.9,27.3,37.3, 25,    19,    53, 0.3323, 0.3168
M5,29/06/23,15:59:48,     4,  6239,   445, 1005.7, 300,24.0,29.7, 0.0,  0, 0.0000,     0,25.9,27.3,37.3, 25,    20,    54, 0.3334, 0.3113
M5,29/06/23,15:59:49,     4,  6240,   445, 1005.7, 300,24.1,29.7, 0.0,  0, 0.0000,     0,25.9,27.3,37.3, 25,    20,    55, 0.3349, 0.3101
M5,29/06/23,15:59:50,     4,  6241,   446, 1005.7, 300,24.1,29.7, 0.0,  0, 0.0000,     0,25.9,27.3,37.3, 25,    21,    56, 0.3362, 0.3043
M5,29/06/23,15:59:51,     4,  6242,   446, 1005.7, 300,24.1,29.6, 0.0,  0, 0.0000,     0,25.9,27.3,37.3, 25,    21,    57, 0.3375, 0.2993
M5,29/06/23,15:59:52,     4,  6243,   447, 1005.7, 300,24.1,29.6, 0.0,  0, 0.0000,     0,25.9,27.3,37.3, 25,    21,    58, 0.3392, 0.2935
M5,29/06/23,15:59:53,     4,  6244,   447, 1005.7, 300,24.1,29.6, 0.0,  0, 0.0000,     0,25.9,27.3,37.3, 25,    22,    59, 0.3408, 0.2887
M5,29/06/23,15:59:54,     4,  6245,   447, 1005.7, 300,24.2,29.6, 0.0,  0, 0.0000,     0,25.9,27.3,37.3, 25,    22,    60, 0.3430, 0.2856
R5,29/06/23,15:59:54,     4,  6245,   447, 1005.7, 300,24.2,29.6, 0.0,  0, 0.0000,     0,25.9,27.3,37.3, 25,    22,    60, 0.3430, 0.2856
End
Start
M5,29/06/23,16:00:41,     4,  6291,   424, 1005.7, 300,21.4,29.6, 0.0,  0, 0.0000,     0,25.6,27.0,37.3, 20,     1,     1, 0.0000, 0.0000
M5,29/06/23,16:00:42,     4,  6292,   424, 1005.7, 300,21.4,29.6, 0.0,  0, 0.0000,     0,25.6,27.0,37.3, 20,     1,     2, 0.0000, 0.0000
M5,29/06/23,16:00:43,     4,  6293,   425, 1005.7, 300,21.4,29.6, 0.0,  0, 0.0000,     0,25.6,27.0,37.3, 20,     2,     3, 0.0000, 0.0000
M5,29/06/23,16:00:44,     4,  6294,   425, 1005.7, 299,21.4,29.6, 0.0,  0, 0.0000,     0,25.6,27.0,37.3, 20,     2,     4, 0.0000, 0.0000
M5,29/06/23,16:00:45,     4,  6295,   425, 1005.7, 300,21.5,29.6, 0.0,  0, 0.0000,     0,25.6,27.0,37.3, 20,     2,     5, 0.0000, 0.0000
M5,29/06/23,16:00:46,     4,  6296,   426, 1005.7, 301,21.5,29.6, 0.0,  0, 0.0000,     0,25.6,27.0,37.3, 20,     3,     6, 0.0000, 0.0000
M5,29/06/23,16:00:47,     4,  6297,   426, 1005.7, 300,21.5,29.6, 0.0,  0, 0.0000,     0,25.6,27.0,37.3, 20,     3,     7, 0.0000, 0.0000
M5,29/06/23,16:00:48,     4,  6298,   426, 1005.7, 300,21.7,29.6, 0.0,  0, 0.0000,     0,25.6,27.0,37.3, 20,     3,     8, 0.0000, 0.0000
M5,29/06/23,16:00:49,     4,  6299,   426, 1005.7, 300,21.7,29.6, 0.0,  0, 0.0000,     0,25.6,27.1,37.3, 20,     3,     9, 0.0000, 0.0000
M5,29/06/23,16:00:50,     4,  6300,   426, 1005.7, 300,21.8,29.6, 0.0,  0, 0.0000,     0,25.6,27.1,37.3, 25,     4,    10, 0.0000, 0.0000
M5,29/06/23,16:00:51,     4,  6301,   427, 1005.7, 300,21.8,29.6, 0.0,  0, 0.0000,     0,25.6,27.1,37.3, 25,     4,    11, 0.0000, 0.0000
M5,29/06/23,16:00:52,     4,  6302,   427, 1005.7, 300,22.0,29.6, 0.0,  0, 0.0000,     0,25.6,27.1,37.3, 25,     4,    12, 0.0000, 0.0000
M5,29/06/23,16:00:53,     4,  6303,   427, 1005.7, 300,22.0,29.6, 0.0, 21, 0.0000,     0,25.6,27.1,37.3, 25,     4,    13, 0.1906, 0.0656
M5,29/06/23,16:00:54,     4,  6304,   427, 1005.7, 300,22.1,29.6, 0.0, 21, 0.0000,     0,25.6,27.1,37.3, 25,     5,    14, 0.2889,-0.0100
M5,29/06/23,16:00:55,     4,  6305,   428, 1005.7, 300,22.1,29.6, 0.0, 21, 0.0000,     0,25.6,27.1,37.3, 25,     5,    15, 0.3471, 0.0020
M5,29/06/23,16:00:56,     4,  6306,   428, 1005.7, 300,22.1,29.6, 0.0, 21, 0.0000,     0,25.6,27.1,37.3, 25,     6,    16, 0.3889, 0.0491
M5,29/06/23,16:00:57,     4,  6307,   429, 1005.7, 300,22.3,29.6, 0.0, 21, 0.0000,     0,25.6,27.1,37.3, 25,     6,    17, 0.3999, 0.1909
M5,29/06/23,16:00:58,     4,  6308,   429, 1005.7, 300,22.3,29.6, 0.0, 21, 0.0000,     0,25.6,27.1,37.3, 25,     6,    18, 0.3966, 0.2636
M5,29/06/23,16:00:59,     4,  6309,   429, 1005.7, 300,22.5,29.6, 0.0,  0, 0.0000,     0,25.6,27.1,37.3, 25,     6,    19, 0.3911, 0.3410
M5,29/06/23,16:01:00,     4,  6310,   429, 1005.7, 300,22.5,29.6, 0.0,  0, 0.0000,     0,25.6,27.1,37.3, 25,     6,    20, 0.3741, 0.3922
M5,29/06/23,16:01:01,     4,  6311,   430, 1005.7, 300,22.6,29.6, 0.0,  0, 0.0000,     0,25.6,27.1,37.3, 25,     7,    21, 0.3698, 0.4113
M5,29/06/23,16:01:02,     4,  6312,   430, 1005.7, 300,22.6,29.6, 0.0,  0, 0.0000,     0,25.6,27.1,37.3, 25,     7,    22, 0.3633, 0.4086
M5,29/06/23,16:01:03,     4,  6313,   430, 1005.7, 300,22.6,29.6, 0.0,  0, 0.0000,     0,25.6,27.1,37.3, 25,     7,    23, 0.3596, 0.3989
M5,29/06/23,16:01:04,     4,  6314,   431, 1005.7, 300,22.8,29.6, 0.0,  0, 0.0000,     0,25.6,27.1,37.3, 25,     8,    24, 0.3677, 0.3802
M5,29/06/23,16:01:05,     4,  6315,   431, 1005.7, 300,22.8,29.6, 0.0,  0, 0.0000,     0,25.6,27.1,37.3, 25,     8,    25, 0.3689, 0.3648
M5,29/06/23,16:01:06,     4,  6316,   431, 1005.7, 300,22.9,29.6, 0.0,  0, 0.0000,     0,25.6,27.1,37.3, 25,     9,    26, 0.3739, 0.3598
M5,29/06/23,16:01:07,     4,  6317,   432, 1005.7, 300,22.9,29.6, 0.0,  0, 0.0000,     0,25.6,27.1,37.3, 25,     9,    27, 0.3742, 0.3539
M5,29/06/23,16:01:08,     4,  6318,   432, 1005.7, 300,23.0,29.6, 0.0,  0, 0.0000,     0,25.6,27.1,37.3, 25,     9,    28, 0.3747, 0.3623
M5,29/06/23,16:01:09,     4,  6319,   432, 1005.7, 300,23.0,29.6, 0.0,  0, 0.0000,     0,25.6,27.1,37.3, 25,     9,    29, 0.3726, 0.3645
M5,29/06/23,16:01:10,     4,  6320,   432, 1005.7, 300,23.0,29.6, 0.0,  0, 0.0000,     0,25.6,27.1,37.3, 25,    10,    30, 0.3693, 0.3706
M5,29/06/23,16:01:11,     4,  6321,   433, 1005.7, 300,23.1,29.6, 0.0,  0, 0.0000,     0,25.6,27.1,37.3, 25,    10,    31, 0.3719, 0.3688
M5,29/06/23,16:01:12,     4,  6322,   433, 1005.7, 300,23.1,29.6, 0.0,  0, 0.0000,     0,25.6,27.1,37.3, 25,    11,    32, 0.3734, 0.3583
M5,29/06/23,16:01:13,     4,  6323,   434, 1005.7, 300,23.3,29.6, 0.0,  0, 0.0000,     0,25.6,27.1,37.3, 25,    11,    33, 0.3766, 0.3536
M5,29/06/23,16:01:14,     4,  6324,   434, 1005.7, 300,23.3,29.6, 0.0,  0, 0.0000,     0,25.6,27.1,37.3, 25,    11,    34, 0.3772, 0.3496
M5,29/06/23,16:01:15,     4,  6325,   435, 1005.7, 300,23.4,29.6, 0.0,  0, 0.0000,     0,25.6,27.1,37.3, 25,    12,    35, 0.3811, 0.3440
M5,29/06/23,16:01:16,     4,  6326,   435, 1005.7, 300,23.4,29.6, 0.0,  0, 0.0000,     0,25.6,27.1,37.3, 25,    12,    36, 0.3825, 0.3395
M5,29/06/23,16:01:17,     4,  6327,   435, 1005.7, 300,23.5,29.6, 0.0,  0, 0.0000,     0,25.6,27.1,37.3, 25,    13,    37, 0.3874, 0.3352
M5,29/06/23,16:01:18,     4,  6328,   436, 1005.7, 300,23.5,29.6, 0.0,  0, 0.0000,     0,25.6,27.1,37.3, 25,    13,    38, 0.3878, 0.3358
M5,29/06/23,16:01:19,     4,  6329,   436, 1005.7, 300,23.5,29.6, 0.0,  0, 0.0000,     0,25.6,27.1,37.3, 25,    13,    39, 0.3880, 0.3372
M5,29/06/23,16:01:20,     4,  6330,   436, 1005.7, 300,23.6,29.6, 0.0,  0, 0.0000,     0,25.6,27.1,37.3, 25,    13,    40, 0.3893, 0.3404
M5,29/06/23,16:01:21,     4,  6331,   437, 1005.7, 300,23.6,29.6, 0.0,  0, 0.0000,     0,25.6,27.1,37.3, 25,    14,    41, 0.3892, 0.3425
M5,29/06/23,16:01:22,     4,  6332,   437, 1005.7, 300,23.6,29.6, 0.0,  0, 0.0000,     0,25.6,27.1,37.3, 25,    14,    42, 0.3898, 0.3453
M5,29/06/23,16:01:23,     4,  6333,   437, 1005.7, 300,23.6,29.6, 0.0,  0, 0.0000,     0,25.6,27.1,37.3, 25,    15,    43, 0.3904, 0.3443
M5,29/06/23,16:01:24,     4,  6334,   437, 1005.7, 300,23.7,29.6, 0.0,  0, 0.0000,     0,25.6,27.1,37.3, 25,    15,    44, 0.3908, 0.3520
M5,29/06/23,16:01:25,     4,  6335,   438, 1005.7, 300,23.7,29.6, 0.0,  0, 0.0000,     0,25.6,27.1,37.3, 25,    15,    45, 0.3888, 0.3599
M5,29/06/23,16:01:26,     4,  6336,   438, 1005.7, 300,23.7,29.6, 0.0,  0, 0.0000,     0,25.6,27.1,37.3, 25,    15,    46, 0.3863, 0.3687
M5,29/06/23,16:01:27,     4,  6337,   438, 1005.7, 300,23.8,29.6, 0.0,  0, 0.0000,     0,25.6,27.1,37.3, 25,    15,    47, 0.3849, 0.3761
M5,29/06/23,16:01:28,     4,  6338,   438, 1005.7, 300,23.8,29.6, 0.0,  0, 0.0000,     0,25.6,27.1,37.3, 25,    15,    48, 0.3829, 0.3813
M5,29/06/23,16:01:29,     4,  6339,   439, 1005.7, 300,23.9,29.6, 0.0,  0, 0.0000,     0,25.6,27.1,37.3, 25,    16,    49, 0.3822, 0.3863
M5,29/06/23,16:01:30,     4,  6340,   439, 1005.7, 300,23.9,29.6, 0.0,  0, 0.0000,     0,25.6,27.1,37.3, 25,    16,    50, 0.3791, 0.3943
M5,29/06/23,16:01:31,     4,  6341,   439, 1005.7, 300,24.0,29.6, 0.0,  0, 0.0000,     0,25.6,27.1,37.3, 25,    16,    51, 0.3771, 0.4009
M5,29/06/23,16:01:32,     4,  6342,   439, 1005.7, 300,24.0,29.6, 0.0,  0, 0.0000,     0,25.6,27.1,37.3, 25,    16,    52, 0.3742, 0.4069
M5,29/06/23,16:01:33,     4,  6343,   439, 1005.7, 300,24.0,29.6, 0.0,  0, 0.0000,     0,25.6,27.1,37.3, 25,    17,    53, 0.3715, 0.4110
M5,29/06/23,16:01:34,     4,  6344,   440, 1005.7, 300,24.1,29.6, 0.0,  0, 0.0000,     0,25.6,27.1,37.3, 25,    17,    54, 0.3703, 0.4145
M5,29/06/23,16:01:35,     4,  6345,   440, 1005.7, 300,24.1,29.6, 0.0,  0, 0.0000,     0,25.6,27.1,37.3, 25,    17,    55, 0.3688, 0.4138
M5,29/06/23,16:01:36,     4,  6346,   441, 1005.7, 300,24.1,29.6, 0.0,  0, 0.0000,     0,25.6,27.1,37.3, 25,    18,    56, 0.3687, 0.4114
M5,29/06/23,16:01:37,     4,  6347,   441, 1005.7, 300,24.1,29.6, 0.0,  0, 0.0000,     0,25.6,27.1,37.3, 25,    18,    57, 0.3680, 0.4083
M5,29/06/23,16:01:38,     4,  6348,   441, 1005.7, 300,24.1,29.6, 0.0,  0, 0.0000,     0,25.6,27.1,37.3, 25,    18,    58, 0.3672, 0.4071
M5,29/06/23,16:01:39,     4,  6349,   441, 1005.7, 300,24.1,29.6, 0.0,  0, 0.0000,     0,25.6,27.1,37.3, 25,    19,    59, 0.3658, 0.4069
M5,29/06/23,16:01:40,     4,  6350,   442, 1005.7, 300,24.2,29.6, 0.0,  0, 0.0000,     0,25.6,27.1,37.3, 25,    19,    60, 0.3648, 0.4083
R5,29/06/23,16:01:40,     4,  6350,   442, 1005.7, 300,24.2,29.6, 0.0,  0, 0.0000,     0,25.6,27.1,37.3, 25,    19,    60, 0.3648, 0.4083
End
Start
M5,29/06/23,16:02:30,     4,  6400,   416, 1005.7, 299,21.3,29.5, 0.0,  0, 0.0000,     0,25.6,26.9,37.2, 20,     1,     1, 0.0000, 0.0000
M5,29/06/23,16:02:31,     4,  6401,   416, 1005.7, 300,21.3,29.5, 0.0,  0, 0.0000,     0,25.6,26.9,37.2, 20,     1,     2, 0.0000, 0.0000
M5,29/06/23,16:02:32,     4,  6402,   417, 1005.7, 301,21.3,29.5, 0.0,  0, 0.0000,     0,25.6,26.9,37.2, 20,     2,     3, 0.0000, 0.0000
M5,29/06/23,16:02:33,     4,  6403,   417, 1005.7, 300,21.4,29.5, 0.0,  0, 0.0000,     0,25.6,26.9,37.2, 20,     2,     4, 0.0000, 0.0000
M5,29/06/23,16:02:34,     4,  6404,   418, 1005.7, 300,21.4,29.5, 0.0,  0, 0.0000,     0,25.6,26.9,37.2, 20,     2,     5, 0.0000, 0.0000
M5,29/06/23,16:02:35,     4,  6405,   418, 1005.7, 300,21.4,29.5, 0.0,  0, 0.0000,     0,25.6,26.9,37.2, 20,     3,     6, 0.0000, 0.0000
M5,29/06/23,16:02:36,     4,  6406,   418, 1005.7, 300,21.6,29.5, 0.0,  0, 0.0000,     0,25.6,26.9,37.2, 20,     3,     7, 0.0000, 0.0000
M5,29/06/23,16:02:37,     4,  6407,   419, 1005.7, 300,21.6,29.5, 0.0,  0, 0.0000,     0,25.6,26.9,37.2, 20,     3,     8, 0.0000, 0.0000
M5,29/06/23,16:02:38,     4,  6408,   419, 1005.7, 300,21.7,29.5, 0.0,  0, 0.0000,     0,25.6,26.9,37.2, 20,     4,     9, 0.0000, 0.0000
M5,29/06/23,16:02:39,     4,  6409,   419, 1005.7, 300,21.7,29.5, 0.0,  0, 0.0000,     0,25.6,26.9,37.2, 25,     4,    10, 0.0000, 0.0000
M5,29/06/23,16:02:40,     4,  6410,   419, 1005.7, 300,21.9,29.5, 0.0,  0, 0.0000,     0,25.6,26.9,37.2, 25,     4,    11, 0.0000, 0.0000
M5,29/06/23,16:02:41,     4,  6411,   420, 1005.7, 300,21.9,29.5, 0.0,  0, 0.0000,     0,25.6,26.9,37.2, 25,     4,    12, 0.0000, 0.0000
M5,29/06/23,16:02:42,     4,  6412,   420, 1005.7, 300,21.9,29.5, 0.0, 21, 0.0000,     0,25.6,26.9,37.2, 25,     5,    13, 0.3076,-0.2239
M5,29/06/23,16:02:43,     4,  6413,   421, 1005.7, 300,22.1,29.5, 0.0, 21, 0.0000,     0,25.6,26.9,37.2, 25,     6,    14, 0.4441,-0.1163
M5,29/06/23,16:02:44,     4,  6414,   421, 1005.7, 300,22.1,29.5, 0.0, 21, 0.0000,     0,25.6,26.9,37.2, 25,     6,    15, 0.4902, 0.0588
M5,29/06/23,16:02:45,     4,  6415,   422, 1005.7, 300,22.2,29.5, 0.0, 21, 0.0000,     0,25.6,26.9,37.2, 25,     6,    16, 0.5065, 0.2451
M5,29/06/23,16:02:46,     4,  6416,   422, 1005.7, 300,22.2,29.5, 0.0, 21, 0.0000,     0,25.4,26.9,37.2, 25,     7,    17, 0.4955, 0.3623
M5,29/06/23,16:02:47,     4,  6417,   422, 1005.7, 300,22.4,29.5, 0.0,  0, 0.0000,     0,25.4,26.9,37.2, 25,     7,    18, 0.4915, 0.4438
M5,29/06/23,16:02:48,     4,  6418,   423, 1005.7, 300,22.4,29.5, 0.0,  0, 0.0000,     0,25.4,26.9,37.2, 25,     7,    19, 0.4673, 0.5108
M5,29/06/23,16:02:49,     4,  6419,   423, 1005.7, 300,22.6,29.5, 0.0,  0, 0.0000,     0,25.4,26.9,37.2, 25,     8,    20, 0.4580, 0.5431
M5,29/06/23,16:02:50,     4,  6420,   423, 1005.7, 300,22.6,29.5, 0.0,  0, 0.0000,     0,25.4,26.9,37.2, 25,     8,    21, 0.4307, 0.5840
M5,29/06/23,16:02:51,     4,  6421,   423, 1005.7, 300,22.6,29.5, 0.0,  0, 0.0000,     0,25.4,27.0,37.2, 25,     8,    22, 0.4121, 0.5861
M5,29/06/23,16:02:52,     4,  6422,   424, 1005.7, 300,22.7,29.5, 0.0,  0, 0.0000,     0,25.4,27.0,37.2, 25,     8,    23, 0.4032, 0.5755
M5,29/06/23,16:02:53,     4,  6423,   424, 1005.7, 300,22.7,29.5, 0.0,  0, 0.0000,     0,25.4,27.0,37.2, 25,     8,    24, 0.3894, 0.5670
M5,29/06/23,16:02:54,     4,  6424,   424, 1005.7, 300,22.9,29.5, 0.0,  0, 0.0000,     0,25.4,27.0,37.2, 25,     9,    25, 0.3889, 0.5416
M5,29/06/23,16:02:55,     4,  6425,   425, 1005.7, 300,22.9,29.5, 0.0,  0, 0.0000,     0,25.4,27.0,37.2, 25,     9,    26, 0.3877, 0.5036
M5,29/06/23,16:02:56,     4,  6426,   425, 1005.7, 300,23.0,29.5, 0.0,  0, 0.0000,     0,25.4,27.0,37.2, 25,    10,    27, 0.3905, 0.4797
M5,29/06/23,16:02:57,     4,  6427,   425, 1005.7, 300,23.0,29.5, 0.0,  0, 0.0000,     0,25.4,27.0,37.2, 25,    10,    28, 0.3890, 0.4587
M5,29/06/23,16:02:58,     4,  6428,   425, 1005.6, 300,23.0,29.5, 0.0,  0, 0.0000,     0,25.4,27.0,37.2, 25,    10,    29, 0.3851, 0.4513
M5,29/06/23,16:02:59,     4,  6429,   426, 1005.6, 300,23.1,29.5, 0.0,  0, 0.0000,     0,25.4,27.0,37.2, 25,    10,    30, 0.3826, 0.4533
M5,29/06/23,16:03:00,     4,  6430,   426, 1005.6, 300,23.1,29.5, 0.0,  0, 0.0000,     0,25.4,27.0,37.2, 25,    11,    31, 0.3762, 0.4561
M5,29/06/23,16:03:01,     4,  6431,   426, 1005.6, 300,23.2,29.5, 0.0,  0, 0.0000,     0,25.4,27.0,37.2, 25,    11,    32, 0.3737, 0.4563
M5,29/06/23,16:03:02,     4,  6432,   426, 1005.6, 300,23.2,29.5, 0.0,  0, 0.0000,     0,25.4,27.0,37.2, 25,    11,    33, 0.3697, 0.4510
M5,29/06/23,16:03:03,     4,  6433,   427, 1005.6, 300,23.4,29.5, 0.0,  0, 0.0000,     0,25.4,27.0,37.2, 25,    12,    34, 0.3705, 0.4406
M5,29/06/23,16:03:04,     4,  6434,   427, 1005.6, 303,23.4,29.5, 0.0,  0, 0.0000,     0,25.4,27.0,37.2, 25,    12,    35, 0.3693, 0.4293
M5,29/06/23,16:03:05,     4,  6435,   428, 1005.7, 300,23.4,29.5, 0.0,  0, 0.0000,     0,25.4,27.0,37.2, 25,    12,    36, 0.3681, 0.4196
M5,29/06/23,16:03:06,     4,  6436,   428, 1005.7, 297,23.5,29.5, 0.0,  0, 0.0000,     0,25.4,27.0,37.2, 25,    13,    37, 0.3693, 0.4130
M5,29/06/23,16:03:07,     4,  6437,   428, 1005.7, 299,23.5,29.5, 0.0,  0, 0.0000,     0,25.4,27.0,37.2, 25,    13,    38, 0.3672, 0.4097
M5,29/06/23,16:03:08,     4,  6438,   428, 1005.7, 300,23.6,29.5, 0.0,  0, 0.0000,     0,25.4,27.0,37.2, 25,    13,    39, 0.3672, 0.4074
M5,29/06/23,16:03:09,     4,  6439,   429, 1005.7, 300,23.6,29.5, 0.0,  0, 0.0000,     0,25.4,27.0,37.2, 25,    14,    40, 0.3658, 0.4030
M5,29/06/23,16:03:10,     4,  6440,   429, 1005.7, 300,23.7,29.5, 0.0,  0, 0.0000,     0,25.4,27.1,37.2, 25,    14,    41, 0.3658, 0.4017
M5,29/06/23,16:03:11,     4,  6441,   429, 1005.6, 300,23.7,29.5, 0.0,  0, 0.0000,     0,25.4,27.1,37.2, 25,    14,    42, 0.3645, 0.3980
M5,29/06/23,16:03:12,     4,  6442,   430, 1005.6, 300,23.7,29.5, 0.0,  0, 0.0000,     0,25.4,27.1,37.2, 25,    14,    43, 0.3634, 0.3942
M5,29/06/23,16:03:14,     4,  6443,   430, 1005.6, 300,23.8,29.5, 0.0,  0, 0.0000,     0,25.4,27.1,37.2, 25,    15,    44, 0.3636, 0.3914
M5,29/06/23,16:03:15,     4,  6444,   430, 1005.6, 300,23.8,29.5, 0.0,  0, 0.0000,     0,25.4,27.1,37.2, 25,    15,    45, 0.3620, 0.3905
M5,29/06/23,16:03:16,     4,  6445,   431, 1005.6, 300,23.9,29.5, 0.0,  0, 0.0000,     0,25.4,27.1,37.2, 25,    15,    46, 0.3621, 0.3902
M5,29/06/23,16:03:17,     4,  6446,   431, 1005.6, 300,23.9,29.5, 0.0,  0, 0.0000,     0,25.4,27.1,37.2, 25,    16,    47, 0.3617, 0.3854
M5,29/06/23,16:03:18,     4,  6447,   432, 1005.6, 300,23.9,29.5, 0.0,  0, 0.0000,     0,25.4,27.1,37.2, 25,    16,    48, 0.3630, 0.3794
M5,29/06/23,16:03:19,     4,  6448,   432, 1005.6, 300,23.9,29.5, 0.0,  0, 0.0000,     0,25.4,27.1,37.2, 25,    16,    49, 0.3626, 0.3759
M5,29/06/23,16:03:20,     4,  6449,   432, 1005.6, 300,24.0,29.5, 0.0,  0, 0.0000,     0,25.4,27.1,37.2, 25,    17,    50, 0.3627, 0.3758
M5,29/06/23,16:03:21,     4,  6450,   432, 1005.6, 300,24.0,29.5, 0.0,  0, 0.0000,     0,25.4,27.1,37.2, 25,    17,    51, 0.3613, 0.3767
M5,29/06/23,16:03:22,     4,  6451,   432, 1005.6, 300,24.0,29.5, 0.0,  0, 0.0000,     0,25.4,27.1,37.2, 25,    17,    52, 0.3595, 0.3788
M5,29/06/23,16:03:23,     4,  6452,   432, 1005.6, 300,24.1,29.5, 0.0,  0, 0.0000,     0,25.4,27.1,37.2, 25,    17,    53, 0.3584, 0.3803
M5,29/06/23,16:03:24,     4,  6453,   433, 1005.6, 300,24.1,29.5, 0.0,  0, 0.0000,     0,25.4,27.1,37.2, 25,    18,    54, 0.3577, 0.3786
M5,29/06/23,16:03:25,     4,  6454,   433, 1005.6, 300,24.1,29.5, 0.0,  0, 0.0000,     0,25.4,27.1,37.2, 25,    18,    55, 0.3580, 0.3777
M5,29/06/23,16:03:26,     4,  6455,   433, 1005.6, 300,24.1,29.5, 0.0,  0, 0.0000,     0,25.4,27.1,37.2, 25,    18,    56, 0.3569, 0.3774
M5,29/06/23,16:03:27,     4,  6456,   434, 1005.6, 300,24.2,29.5, 0.0,  0, 0.0000,     0,25.4,27.1,37.2, 25,    18,    57, 0.3564, 0.3791
M5,29/06/23,16:03:28,     4,  6457,   434, 1005.6, 300,24.2,29.5, 0.0,  0, 0.0000,     0,25.4,27.1,37.2, 25,    19,    58, 0.3547, 0.3809
M5,29/06/23,16:03:29,     4,  6458,   434, 1005.6, 300,24.2,29.5, 0.0,  0, 0.0000,     0,25.4,27.1,37.2, 25,    19,    59, 0.3533, 0.3817
M5,29/06/23,16:03:30,     4,  6459,   434, 1005.6, 300,24.3,29.5, 0.0,  0, 0.0000,     0,25.1,27.1,37.2, 25,    19,    60, 0.3525, 0.3822
R5,29/06/23,16:03:30,     4,  6459,   434, 1005.6, 300,24.3,29.5, 0.0,  0, 0.0000,     0,25.1,27.1,37.2, 25,    19,    60, 0.3525, 0.3822
End
Start
M5,29/06/23,16:08:09,     5,  6737,   417, 1005.6, 300,21.0,29.3, 0.0,  0, 0.0000,     0,24.9,27.1,15.8, 20,     2,     1, 0.0000, 0.0000
M5,29/06/23,16:08:10,     5,  6738,   418, 1005.6, 300,21.0,29.3, 0.0,  0, 0.0000,     0,24.9,27.1,15.8, 20,     3,     2, 0.0000, 0.0000
M5,29/06/23,16:08:11,     5,  6739,   420, 1005.6, 300,21.0,29.2, 0.0,  0, 0.0000,     0,24.9,27.1,15.8, 20,     5,     3, 0.0000, 0.0000
M5,29/06/23,16:08:12,     5,  6740,   421, 1005.6, 300,21.0,29.2, 0.0,  0, 0.0000,     0,24.9,27.1,15.8, 20,     6,     4, 0.0000, 0.0000
M5,29/06/23,16:08:13,     5,  6741,   422, 1005.6, 300,21.0,29.2, 0.0,  0, 0.0000,     0,24.9,27.1,15.8, 20,     7,     5, 0.0000, 0.0000
M5,29/06/23,16:08:14,     5,  6742,   423, 1005.6, 300,21.0,29.2, 0.0,  0, 0.0000,     0,24.9,27.1,15.8, 20,     8,     6, 0.0000, 0.0000
M5,29/06/23,16:08:15,     5,  6743,   424, 1005.6, 300,21.0,29.2, 0.0,  0, 0.0000,     0,24.9,27.1,15.8, 20,     9,     7, 0.0000, 0.0000
M5,29/06/23,16:08:16,     5,  6744,   425, 1005.6, 300,21.1,29.3, 0.0,  0, 0.0000,     0,24.9,27.1,15.8, 20,    10,     8, 0.0000, 0.0000
M5,29/06/23,16:08:17,     5,  6745,   426, 1005.6, 300,21.1,29.3, 0.0,  0, 0.0000,     0,24.9,27.2,15.8, 20,    11,     9, 0.0000, 0.0000
M5,29/06/23,16:08:18,     5,  6746,   426, 1005.6, 300,21.2,29.3, 0.0,  0, 0.0000,     0,24.9,27.2,15.8, 25,    11,    10, 0.0000, 0.0000
M5,29/06/23,16:08:19,     5,  6747,   427, 1005.6, 300,21.2,29.3, 0.0,  0, 0.0000,     0,24.9,27.2,15.8, 25,    12,    11, 0.0000, 0.0000
M5,29/06/23,16:08:20,     5,  6748,   428, 1005.6, 300,21.2,29.3, 0.0,  0, 0.0000,     0,24.9,27.2,15.8, 25,    13,    12, 0.0000, 0.0000
M5,29/06/23,16:08:21,     5,  6749,   429, 1005.6, 300,21.2,29.3, 0.0,  0, 0.0000,     0,24.9,27.2,15.8, 25,    14,    13, 0.9513, 0.9504
M5,29/06/23,16:08:22,     5,  6750,   429, 1005.6, 300,21.2,29.3, 0.0,  0, 0.0000,     0,24.9,27.2,15.8, 25,    15,    14, 0.9699, 0.9099
M5,29/06/23,16:08:23,     5,  6751,   430, 1005.6, 300,21.3,29.2, 0.0,  0, 0.0000,     0,24.9,27.2,15.8, 25,    15,    15, 0.9877, 0.9129
M5,29/06/23,16:08:24,     5,  6752,   431, 1005.6, 300,21.3,29.2, 0.0,  0, 0.0000,     0,24.7,27.2,15.8, 25,    16,    16, 1.0201, 0.8668
M5,29/06/23,16:08:25,     5,  6753,   432, 1005.6, 300,21.3,29.2, 0.0,  0, 0.0000,     0,24.7,27.2,15.8, 25,    17,    17, 1.0395, 0.8959
M5,29/06/23,16:08:26,     5,  6754,   433, 1005.6, 300,21.3,29.2, 0.0,  0, 0.0000,     0,24.7,27.2,15.8, 25,    18,    18, 1.0452, 0.9293
M5,29/06/23,16:08:27,     5,  6755,   434, 1005.6, 300,21.4,29.2, 0.0,  0, 0.0000,     0,24.7,27.2,15.8, 25,    19,    19, 1.0514, 0.9626
M5,29/06/23,16:08:28,     5,  6756,   434, 1005.6, 300,21.4,29.2, 0.0,  0, 0.0000,     0,24.7,27.2,15.8, 25,    19,    20, 1.0328, 1.0384
M5,29/06/23,16:08:29,     5,  6757,   435, 1005.6, 300,21.4,29.2, 0.0,  0, 0.0000,     0,24.7,27.2,15.8, 25,    20,    21, 1.0142, 1.0870
M5,29/06/23,16:08:30,     5,  6758,   436, 1005.6, 300,21.4,29.2, 0.0,  0, 0.0000,     0,24.9,27.2,15.8, 25,    21,    22, 0.9990, 1.1162
M5,29/06/23,16:08:31,     5,  6759,   436, 1005.6, 300,21.4,29.2, 0.0,  0, 0.0000,     0,24.9,27.2,15.8, 25,    21,    23, 0.9775, 1.1485
M5,29/06/23,16:08:32,     5,  6760,   436, 1005.6, 300,21.5,29.2, 0.0,  0, 0.0000,     0,24.9,27.2,15.8, 25,    22,    24, 0.9528, 1.1894
M5,29/06/23,16:08:33,     5,  6761,   437, 1005.6, 300,21.5,29.2, 0.0,  0, 0.0000,     0,24.9,27.2,15.8, 25,    22,    25, 0.9367, 1.1836
M5,29/06/23,16:08:34,     5,  6762,   438, 1005.6, 300,21.5,29.2, 0.0,  0, 0.0000,     0,24.9,27.2,15.8, 25,    23,    26, 0.9288, 1.1571
M5,29/06/23,16:08:35,     5,  6763,   439, 1005.6, 300,21.5,29.2, 0.0,  0, 0.0000,     0,24.9,27.2,15.8, 25,    24,    27, 0.9244, 1.1220
M5,29/06/23,16:08:36,     5,  6764,   440, 1005.6, 300,21.5,29.2, 0.0,  0, 0.0000,     0,24.9,27.2,15.8, 25,    25,    28, 0.9198, 1.0963
M5,29/06/23,16:08:37,     5,  6765,   440, 1005.6, 300,21.6,29.2, 0.0,  0, 0.0000,     0,24.9,27.2,15.8, 25,    26,    29, 0.9196, 1.0685
M5,29/06/23,16:08:38,     5,  6766,   441, 1005.6, 300,21.6,29.2, 0.0,  0, 0.0000,     0,24.9,27.2,15.8, 25,    26,    30, 0.9173, 1.0474
M5,29/06/23,16:08:39,     5,  6767,   442, 1005.6, 300,21.6,29.2, 0.0,  0, 0.0000,     0,24.9,27.2,15.8, 25,    27,    31, 0.9160, 1.0338
M5,29/06/23,16:08:40,     5,  6768,   443, 1005.6, 300,21.6,29.2, 0.0,  0, 0.0000,     0,24.7,27.2,15.8, 25,    28,    32, 0.9152, 1.0151
M5,29/06/23,16:08:41,     5,  6769,   443, 1005.6, 300,21.6,29.2, 0.0,  0, 0.0000,     0,24.7,27.2,15.8, 25,    28,    33, 0.9148, 1.0032
M5,29/06/23,16:08:42,     5,  6770,   444, 1005.6, 300,21.6,29.2, 0.0,  0, 0.0000,     0,24.7,27.2,15.8, 25,    29,    34, 0.9129, 0.9944
M5,29/06/23,16:08:43,     5,  6771,   445, 1005.6, 299,21.6,29.2, 0.0,  0, 0.0000,     0,24.7,27.2,15.8, 25,    30,    35, 0.9107, 0.9882
M5,29/06/23,16:08:44,     5,  6772,   445, 1005.6, 300,21.7,29.2, 0.0,  0, 0.0000,     0,24.7,27.2,15.8, 25,    30,    36, 0.9095, 0.9847
M5,29/06/23,16:08:45,     5,  6773,   446, 1005.6, 299,21.7,29.2, 0.0,  0, 0.0000,     0,24.7,27.2,15.8, 25,    31,    37, 0.9071, 0.9813
M5,29/06/23,16:08:46,     5,  6774,   447, 1005.6, 299,21.7,29.2, 0.0,  0, 0.0000,     0,24.7,27.2,16.0, 25,    32,    38, 0.9054, 0.9793
M5,29/06/23,16:08:47,     5,  6775,   447, 1005.6, 300,21.7,29.2, 0.0,  0, 0.0000,     0,24.7,27.2,16.0, 25,    33,    39, 0.9042, 0.9723
M5,29/06/23,16:08:48,     5,  6776,   448, 1005.6, 300,21.8,29.2, 0.0,  0, 0.0000,     0,24.7,27.2,16.0, 25,    33,    40, 0.9046, 0.9631
M5,29/06/23,16:08:49,     5,  6777,   449, 1005.6, 300,21.8,29.2, 0.0,  0, 0.0000,     0,24.7,27.2,16.0, 25,    34,    41, 0.9042, 0.9562
M5,29/06/23,16:08:50,     5,  6778,   449, 1005.6, 300,21.8,29.2, 0.0,  0, 0.0000,     0,24.7,27.2,16.0, 25,    35,    42, 0.9032, 0.9563
M5,29/06/23,16:08:51,     5,  6779,   450, 1005.6, 300,21.8,29.2, 0.0,  0, 0.0000,     0,24.7,27.2,16.0, 25,    35,    43, 0.9002, 0.9593
M5,29/06/23,16:08:52,     5,  6780,   451, 1005.6, 300,21.8,29.2, 0.0,  0, 0.0000,     0,24.7,27.2,16.0, 25,    36,    44, 0.8970, 0.9632
M5,29/06/23,16:08:54,     5,  6781,   451, 1005.6, 300,21.9,29.2, 0.0,  0, 0.0000,     0,24.7,27.2,16.0, 25,    36,    45, 0.8946, 0.9663
M5,29/06/23,16:08:55,     5,  6782,   452, 1005.6, 300,21.9,29.2, 0.0,  0, 0.0000,     0,24.7,27.2,16.0, 25,    37,    46, 0.8936, 0.9612
M5,29/06/23,16:08:56,     5,  6783,   453, 1005.6, 300,21.9,29.2, 0.0,  0, 0.0000,     0,24.7,27.2,16.0, 25,    38,    47, 0.8921, 0.9605
M5,29/06/23,16:08:57,     5,  6784,   453, 1005.6, 300,21.9,29.2, 0.0,  0, 0.0000,     0,24.7,27.2,15.8, 25,    38,    48, 0.8894, 0.9622
M5,29/06/23,16:08:58,     5,  6785,   454, 1005.6, 300,21.9,29.2, 0.0,  0, 0.0000,     0,24.7,27.2,15.8, 25,    39,    49, 0.8865, 0.9661
M5,29/06/23,16:08:59,     5,  6786,   455, 1005.6, 300,21.9,29.2, 0.0,  0, 0.0000,     0,24.7,27.2,15.8, 25,    40,    50, 0.8843, 0.9658
M5,29/06/23,16:09:00,     5,  6787,   455, 1005.6, 300,21.9,29.2, 0.0,  0, 0.0000,     0,24.7,27.2,15.8, 25,    40,    51, 0.8829, 0.9623
M5,29/06/23,16:09:01,     5,  6788,   456, 1005.6, 300,21.9,29.2, 0.0,  0, 0.0000,     0,24.7,27.2,15.8, 25,    41,    52, 0.8825, 0.9570
M5,29/06/23,16:09:02,     5,  6789,   457, 1005.6, 300,21.9,29.2, 0.0,  0, 0.0000,     0,24.7,27.3,15.8, 25,    42,    53, 0.8818, 0.9521
M5,29/06/23,16:09:03,     5,  6790,   457, 1005.6, 300,22.0,29.2, 0.0,  0, 0.0000,     0,24.7,27.3,16.0, 25,    42,    54, 0.8808, 0.9504
M5,29/06/23,16:09:04,     5,  6791,   458, 1005.6, 300,22.0,29.2, 0.0,  0, 0.0000,     0,24.7,27.3,16.0, 25,    43,    55, 0.8789, 0.9505
M5,29/06/23,16:09:05,     5,  6792,   459, 1005.6, 300,22.0,29.2, 0.0,  0, 0.0000,     0,24.7,27.3,16.0, 25,    44,    56, 0.8777, 0.9508
M5,29/06/23,16:09:06,     5,  6793,   459, 1005.6, 300,22.0,29.2, 0.0,  0, 0.0000,     0,24.7,27.3,16.0, 25,    44,    57, 0.8761, 0.9501
M5,29/06/23,16:09:07,     5,  6794,   460, 1005.6, 300,22.0,29.2, 0.0,  0, 0.0000,     0,24.7,27.3,16.0, 25,    45,    58, 0.8745, 0.9491
M5,29/06/23,16:09:08,     5,  6795,   460, 1005.6, 300,22.0,29.2, 0.0,  0, 0.0000,     0,24.7,27.3,15.8, 25,    46,    59, 0.8729, 0.9498
M5,29/06/23,16:09:09,     5,  6796,   461, 1005.6, 300,22.0,29.2, 0.0,  0, 0.0000,     0,24.7,27.3,15.8, 25,    46,    60, 0.8706, 0.9513
R5,29/06/23,16:09:09,     5,  6796,   461, 1005.6, 300,22.0,29.2, 0.0,  0, 0.0000,     0,24.7,27.3,15.8, 25,    46,    60, 0.8706, 0.9513
End
Start
M5,29/06/23,16:10:57,     5,  6904,   419, 1005.5, 299,21.3,29.2, 0.0,  0, 0.0000,     0,24.7,27.3,16.0, 20,    -2,     1, 0.0000, 0.0000
M5,29/06/23,16:10:58,     5,  6905,   418, 1005.5, 300,21.4,29.2, 0.0,  0, 0.0000,     0,24.7,27.3,16.0, 20,    -3,     2, 0.0000, 0.0000
M5,29/06/23,16:10:59,     5,  6906,   418, 1005.5, 300,21.4,29.2, 0.0,  0, 0.0000,     0,24.7,27.3,16.0, 20,    -3,     3, 0.0000, 0.0000
M5,29/06/23,16:11:00,     5,  6907,   419, 1005.5, 300,21.4,29.2, 0.0,  0, 0.0000,     0,24.7,27.3,15.7, 20,    -2,     4, 0.0000, 0.0000
M5,29/06/23,16:11:01,     5,  6908,   420, 1005.5, 300,21.4,29.2, 0.0,  0, 0.0000,     0,24.7,27.3,15.7, 20,    -1,     5, 0.0000, 0.0000
M5,29/06/23,16:11:02,     5,  6909,   421, 1005.5, 300,21.4,29.2, 0.0,  0, 0.0000,     0,24.7,27.3,15.7, 20,    -0,     6, 0.0000, 0.0000
M5,29/06/23,16:11:03,     5,  6910,   422, 1005.5, 300,21.4,29.2, 0.0,  0, 0.0000,     0,24.7,27.3,15.7, 20,     0,     7, 0.0000, 0.0000
M5,29/06/23,16:11:04,     5,  6911,   423, 1005.5, 300,21.4,29.2, 0.0,  0, 0.0000,     0,24.7,27.3,15.7, 20,     1,     8, 0.0000, 0.0000
M5,29/06/23,16:11:05,     5,  6912,   423, 1005.5, 300,21.4,29.2, 0.0,  0, 0.0000,     0,24.7,27.4,15.5, 20,     2,     9, 0.0000, 0.0000
M5,29/06/23,16:11:06,     5,  6913,   424, 1005.5, 300,21.4,29.2, 0.0,  0, 0.0000,     0,24.7,27.4,15.5, 25,     3,    10, 0.0000, 0.0000
M5,29/06/23,16:11:07,     5,  6914,   425, 1005.5, 300,21.5,29.1, 0.0,  0, 0.0000,     0,24.7,27.4,15.5, 25,     4,    11, 0.0000, 0.0000
M5,29/06/23,16:11:08,     5,  6915,   426, 1005.5, 300,21.5,29.1, 0.0,  0, 0.0000,     0,24.7,27.4,15.5, 25,     5,    12, 0.0000, 0.0000
M5,29/06/23,16:11:09,     5,  6916,   426, 1005.5, 300,21.5,29.1, 0.0,  0, 0.0000,     0,24.7,27.4,15.5, 25,     5,    13, 0.8856, 1.3440
M5,29/06/23,16:11:10,     5,  6917,   427, 1005.5, 300,21.5,29.2, 0.0,  0, 0.0000,     0,24.7,27.4,15.5, 25,     6,    14, 0.8475, 1.1457
M5,29/06/23,16:11:11,     5,  6918,   428, 1005.5, 300,21.5,29.2, 0.0,  0, 0.0000,     0,24.7,27.4,15.6, 25,     7,    15, 0.8594, 0.9544
M5,29/06/23,16:11:12,     5,  6919,   429, 1005.5, 300,21.6,29.2, 0.0,  0, 0.0000,     0,24.7,27.4,15.6, 25,     8,    16, 0.9082, 0.8063
M5,29/06/23,16:11:13,     5,  6920,   430, 1005.5, 300,21.6,29.2, 0.0,  0, 0.0000,     0,24.7,27.4,15.6, 25,     9,    17, 0.9482, 0.7423
M5,29/06/23,16:11:14,     5,  6921,   430, 1005.5, 299,21.6,29.1, 0.0,  0, 0.0000,     0,24.7,27.4,15.6, 25,     9,    18, 0.9475, 0.8263
M5,29/06/23,16:11:15,     5,  6922,   431, 1005.5, 300,21.6,29.1, 0.0,  0, 0.0000,     0,24.7,27.4,15.6, 25,     9,    19, 0.9165, 0.9481
M5,29/06/23,16:11:16,     5,  6923,   431, 1005.5, 300,21.7,29.2, 0.0,  0, 0.0000,     0,24.7,27.4,15.6, 25,    10,    20, 0.8716, 1.0778
M5,29/06/23,16:11:17,     5,  6924,   431, 1005.5, 300,21.7,29.2, 0.0,  0, 0.0000,     0,24.7,27.4,15.6, 25,    10,    21, 0.8333, 1.1245
M5,29/06/23,16:11:18,     5,  6925,   432, 1005.5, 300,21.7,29.2, 0.0,  0, 0.0000,     0,24.7,27.5,15.6, 25,    11,    22, 0.8099, 1.1111
M5,29/06/23,16:11:19,     5,  6926,   433, 1005.5, 300,21.7,29.2, 0.0,  0, 0.0000,     0,24.7,27.5,15.6, 25,    12,    23, 0.8089, 1.0400
M5,29/06/23,16:11:20,     5,  6927,   434, 1005.5, 300,21.7,29.2, 0.0,  0, 0.0000,     0,24.7,27.5,15.6, 25,    13,    24, 0.8179, 0.9530
M5,29/06/23,16:11:21,     5,  6928,   435, 1005.5, 300,21.7,29.1, 0.0,  0, 0.0000,     0,24.7,27.5,15.6, 25,    14,    25, 0.8341, 0.8719
M5,29/06/23,16:11:22,     5,  6929,   436, 1005.5, 300,21.7,29.1, 0.0,  0, 0.0000,     0,24.7,27.5,15.6, 25,    15,    26, 0.8484, 0.8147
M5,29/06/23,16:11:23,     5,  6930,   437, 1005.5, 300,21.8,29.1, 0.0,  0, 0.0000,     0,24.7,27.5,15.6, 25,    15,    27, 0.8634, 0.7773
M5,29/06/23,16:11:24,     5,  6931,   437, 1005.5, 300,21.8,29.1, 0.0,  0, 0.0000,     0,24.7,27.5,15.6, 25,    16,    28, 0.8690, 0.7725
M5,29/06/23,16:11:25,     5,  6932,   438, 1005.5, 300,21.8,29.1, 0.0,  0, 0.0000,     0,24.7,27.5,15.6, 25,    17,    29, 0.8725, 0.7760
M5,29/06/23,16:11:26,     5,  6933,   438, 1005.5, 300,21.8,29.1, 0.0,  0, 0.0000,     0,24.7,27.5,15.6, 25,    17,    30, 0.8787, 0.7763
M5,29/06/23,16:11:27,     5,  6934,   439, 1005.5, 300,21.8,29.1, 0.0,  0, 0.0000,     0,24.7,27.5,15.6, 25,    18,    31, 0.8840, 0.7731
M5,29/06/23,16:11:28,     5,  6935,   440, 1005.5, 300,21.9,29.1, 0.0,  0, 0.0000,     0,24.7,27.5,15.6, 25,    19,    32, 0.8859, 0.7853
M5,29/06/23,16:11:29,     5,  6936,   440, 1005.5, 300,21.9,29.1, 0.0,  0, 0.0000,     0,24.7,27.5,15.6, 25,    19,    33, 0.8821, 0.8116
M5,29/06/23,16:11:30,     5,  6937,   440, 1005.5, 300,21.9,29.1, 0.0,  0, 0.0000,     0,24.7,27.5,15.6, 25,    19,    34, 0.8746, 0.8527
M5,29/06/23,16:11:31,     5,  6938,   441, 1005.5, 300,21.9,29.1, 0.0,  0, 0.0000,     0,24.7,27.5,15.6, 25,    20,    35, 0.8653, 0.8859
M5,29/06/23,16:11:32,     5,  6939,   442, 1005.5, 300,21.9,29.1, 0.0,  0, 0.0000,     0,24.7,27.5,15.7, 25,    21,    36, 0.8593, 0.9020
M5,29/06/23,16:11:33,     5,  6940,   442, 1005.5, 300,22.0,29.2, 0.0,  0, 0.0000,     0,24.7,27.5,15.7, 25,    21,    37, 0.8558, 0.9102
M5,29/06/23,16:11:34,     5,  6941,   443, 1005.5, 300,22.0,29.2, 0.0,  0, 0.0000,     0,24.7,27.5,15.7, 25,    22,    38, 0.8550, 0.9042
M5,29/06/23,16:11:35,     5,  6942,   444, 1005.5, 300,22.0,29.2, 0.0,  0, 0.0000,     0,24.7,27.5,15.7, 25,    23,    39, 0.8564, 0.8951
M5,29/06/23,16:11:36,     5,  6943,   445, 1005.5, 300,22.0,29.2, 0.0,  0, 0.0000,     0,24.7,27.5,15.7, 25,    24,    40, 0.8579, 0.8832
M5,29/06/23,16:11:37,     5,  6944,   446, 1005.5, 300,22.0,29.1, 0.0,  0, 0.0000,     0,24.7,27.5,15.6, 25,    25,    41, 0.8595, 0.8748
M5,29/06/23,16:11:38,     5,  6945,   447, 1005.5, 300,22.0,29.1, 0.0,  0, 0.0000,     0,24.7,27.5,15.6, 25,    25,    42, 0.8615, 0.8645
M5,29/06/23,16:11:39,     5,  6946,   447, 1005.5, 300,22.1,29.1, 0.0,  0, 0.0000,     0,24.7,27.5,15.6, 25,    26,    43, 0.8635, 0.8577
M5,29/06/23,16:11:40,     5,  6947,   448, 1005.5, 300,22.1,29.1, 0.0,  0, 0.0000,     0,24.7,27.5,15.6, 25,    27,    44, 0.8656, 0.8492
M5,29/06/23,16:11:41,     5,  6948,   449, 1005.5, 300,22.1,29.1, 0.0,  0, 0.0000,     0,24.7,27.5,15.6, 25,    28,    45, 0.8682, 0.8401
M5,29/06/23,16:11:42,     5,  6949,   450, 1005.5, 300,22.1,29.1, 0.0,  0, 0.0000,     0,24.7,27.5,15.6, 25,    28,    46, 0.8711, 0.8350
M5,29/06/23,16:11:43,     5,  6950,   450, 1005.5, 300,22.1,29.1, 0.0,  0, 0.0000,     0,24.7,27.5,15.4, 25,    29,    47, 0.8728, 0.8315
M5,29/06/23,16:11:45,     5,  6951,   451, 1005.5, 300,22.1,29.1, 0.0,  0, 0.0000,     0,24.7,27.5,15.4, 25,    29,    48, 0.8726, 0.8356
M5,29/06/23,16:11:46,     5,  6952,   451, 1005.5, 300,22.1,29.1, 0.0,  0, 0.0000,     0,24.7,27.5,15.4, 25,    30,    49, 0.8715, 0.8422
M5,29/06/23,16:11:47,     5,  6953,   452, 1005.5, 300,22.2,29.1, 0.0,  0, 0.0000,     0,24.7,27.5,15.4, 25,    31,    50, 0.8711, 0.8486
M5,29/06/23,16:11:48,     5,  6954,   453, 1005.5, 300,22.2,29.1, 0.0,  0, 0.0000,     0,24.7,27.5,15.4, 25,    31,    51, 0.8707, 0.8509
M5,29/06/23,16:11:49,     5,  6955,   453, 1005.5, 300,22.2,29.1, 0.0,  0, 0.0000,     0,24.4,27.5,15.6, 25,    32,    52, 0.8702, 0.8532
M5,29/06/23,16:11:50,     5,  6956,   454, 1005.5, 300,22.2,29.1, 0.0,  0, 0.0000,     0,24.4,27.5,15.6, 25,    33,    53, 0.8707, 0.8534
M5,29/06/23,16:11:51,     5,  6957,   455, 1005.5, 300,22.2,29.1, 0.0,  0, 0.0000,     0,24.4,27.5,15.6, 25,    34,    54, 0.8708, 0.8537
M5,29/06/23,16:11:52,     5,  6958,   455, 1005.5, 300,22.2,29.1, 0.0,  0, 0.0000,     0,24.4,27.5,15.6, 25,    34,    55, 0.8699, 0.8590
M5,29/06/23,16:11:53,     5,  6959,   456, 1005.5, 300,22.2,29.1, 0.0,  0, 0.0000,     0,24.4,27.5,15.6, 25,    35,    56, 0.8681, 0.8651
M5,29/06/23,16:11:54,     5,  6960,   456, 1005.5, 300,22.2,29.1, 0.0,  0, 0.0000,     0,24.7,27.5,15.6, 25,    35,    57, 0.8671, 0.8692
M5,29/06/23,16:11:55,     5,  6961,   457, 1005.5, 300,22.2,29.1, 0.0,  0, 0.0000,     0,24.7,27.5,15.6, 25,    36,    58, 0.8659, 0.8725
M5,29/06/23,16:11:56,     5,  6962,   458, 1005.5, 300,22.2,29.1, 0.0,  0, 0.0000,     0,24.7,27.6,15.6, 25,    37,    59, 0.8647, 0.8753
M5,29/06/23,16:11:57,     5,  6963,   458, 1005.5, 300,22.3,29.1, 0.0,  0, 0.0000,     0,24.7,27.6,15.6, 25,    37,    60, 0.8643, 0.8781
R5,29/06/23,16:11:57,     5,  6963,   458, 1005.5, 300,22.3,29.1, 0.0,  0, 0.0000,     0,24.7,27.6,15.6, 25,    37,    60, 0.8643, 0.8781
End
Start
M5,29/06/23,16:12:43,     5,  7009,   432, 1005.5, 300,21.0,29.1, 0.0,  0, 0.0000,     0,24.4,27.3,15.4, 20,     0,     1, 0.0000, 0.0000
M5,29/06/23,16:12:44,     5,  7010,   432, 1005.5, 300,21.0,29.1, 0.0,  0, 0.0000,     0,24.4,27.4,15.4, 20,     0,     2, 0.0000, 0.0000
M5,29/06/23,16:12:45,     5,  7011,   433, 1005.5, 300,21.0,29.1, 0.0,  0, 0.0000,     0,24.4,27.4,15.4, 20,     1,     3, 0.0000, 0.0000
M5,29/06/23,16:12:46,     5,  7012,   433, 1005.5, 300,21.0,29.1, 0.0,  0, 0.0000,     0,24.4,27.4,15.4, 20,     1,     4, 0.0000, 0.0000
M5,29/06/23,16:12:47,     5,  7013,   434, 1005.5, 300,21.1,29.1, 0.0,  0, 0.0000,     0,24.4,27.4,15.4, 20,     1,     5, 0.0000, 0.0000
M5,29/06/23,16:12:48,     5,  7014,   434, 1005.5, 300,21.1,29.1, 0.0,  0, 0.0000,     0,24.4,27.4,15.4, 20,     2,     6, 0.0000, 0.0000
M5,29/06/23,16:12:49,     5,  7015,   435, 1005.5, 300,21.1,29.1, 0.0,  0, 0.0000,     0,24.4,27.4,15.4, 20,     3,     7, 0.0000, 0.0000
M5,29/06/23,16:12:50,     5,  7016,   435, 1005.5, 300,21.1,29.1, 0.0,  0, 0.0000,     0,24.4,27.4,15.4, 20,     3,     8, 0.0000, 0.0000
M5,29/06/23,16:12:51,     5,  7017,   436, 1005.5, 300,21.1,29.1, 0.0,  0, 0.0000,     0,24.4,27.4,15.4, 20,     3,     9, 0.0000, 0.0000
M5,29/06/23,16:12:52,     5,  7018,   436, 1005.5, 300,21.2,29.1, 0.0,  0, 0.0000,     0,24.4,27.4,15.4, 25,     4,    10, 0.0000, 0.0000
M5,29/06/23,16:12:53,     5,  7019,   436, 1005.5, 300,21.2,29.1, 0.0,  0, 0.0000,     0,24.4,27.4,15.4, 25,     4,    11, 0.0000, 0.0000
M5,29/06/23,16:12:54,     5,  7020,   437, 1005.5, 300,21.2,29.1, 0.0,  0, 0.0000,     0,24.4,27.4,15.4, 25,     5,    12, 0.0000, 0.0000
M5,29/06/23,16:12:55,     5,  7021,   438, 1005.5, 300,21.2,29.1, 0.0, 21, 0.0000,     0,24.4,27.4,15.4, 25,     5,    13, 0.6120, 0.3025
M5,29/06/23,16:12:56,     5,  7022,   438, 1005.5, 300,21.3,29.1, 0.0, 21, 0.0000,     0,24.4,27.4,15.4, 25,     6,    14, 0.6414, 0.4543
M5,29/06/23,16:12:57,     5,  7023,   439, 1005.5, 300,21.3,29.1, 0.0, 21, 0.0000,     0,24.4,27.4,15.4, 25,     7,    15, 0.6740, 0.4766
M5,29/06/23,16:12:58,     5,  7024,   439, 1005.5, 300,21.3,29.1, 0.0,  0, 0.0000,     0,24.4,27.4,15.4, 25,     7,    16, 0.6801, 0.5491
M5,29/06/23,16:12:59,     5,  7025,   440, 1005.5, 300,21.3,29.1, 0.0,  0, 0.0000,     0,24.4,27.4,15.4, 25,     8,    17, 0.7175, 0.5205
M5,29/06/23,16:13:00,     5,  7026,   441, 1005.5, 300,21.3,29.1, 0.0, 21, 0.0000,     0,24.4,27.4,15.4, 25,     9,    18, 0.7402, 0.5296
M5,29/06/23,16:13:01,     5,  7027,   441, 1005.5, 300,21.4,29.1, 0.0,  0, 0.0000,     0,24.4,27.4,15.4, 25,     9,    19, 0.7494, 0.5875
M5,29/06/23,16:13:02,     5,  7028,   442, 1005.5, 300,21.4,29.1, 0.0,  0, 0.0000,     0,24.4,27.4,15.4, 25,    10,    20, 0.7557, 0.6158
M5,29/06/23,16:13:03,     5,  7029,   442, 1005.5, 300,21.4,29.1, 0.0,  0, 0.0000,     0,24.4,27.4,15.4, 25,    10,    21, 0.7563, 0.6587
M5,29/06/23,16:13:04,     5,  7030,   443, 1005.5, 300,21.4,29.1, 0.0,  0, 0.0000,     0,24.4,27.4,15.4, 25,    11,    22, 0.7510, 0.6971
M5,29/06/23,16:13:05,     5,  7031,   444, 1005.5, 300,21.4,29.1, 0.0,  0, 0.0000,     0,24.4,27.4,15.4, 25,    11,    23, 0.7500, 0.7103
M5,29/06/23,16:13:06,     5,  7032,   444, 1005.5, 300,21.5,29.1, 0.0,  0, 0.0000,     0,24.4,27.4,15.4, 25,    12,    24, 0.7488, 0.7311
M5,29/06/23,16:13:07,     5,  7033,   445, 1005.5, 300,21.5,29.1, 0.0,  0, 0.0000,     0,24.4,27.4,15.4, 25,    13,    25, 0.7480, 0.7342
M5,29/06/23,16:13:08,     5,  7034,   445, 1005.5, 300,21.5,29.1, 0.0,  0, 0.0000,     0,24.4,27.4,15.4, 25,    13,    26, 0.7505, 0.7318
M5,29/06/23,16:13:09,     5,  7035,   446, 1005.5, 300,21.5,29.1, 0.0,  0, 0.0000,     0,24.4,27.4,15.4, 25,    14,    27, 0.7528, 0.7254
M5,29/06/23,16:13:10,     5,  7036,   447, 1005.5, 300,21.6,29.1, 0.0,  0, 0.0000,     0,24.4,27.4,15.4, 25,    14,    28, 0.7536, 0.7305
M5,29/06/23,16:13:11,     5,  7037,   447, 1005.5, 300,21.6,29.1, 0.0,  0, 0.0000,     0,24.4,27.4,15.4, 25,    15,    29, 0.7544, 0.7293
M5,29/06/23,16:13:12,     5,  7038,   448, 1005.5, 300,21.7,29.1, 0.0,  0, 0.0000,     0,24.4,27.4,15.4, 25,    15,    30, 0.7528, 0.7459
M5,29/06/23,16:13:13,     5,  7039,   448, 1005.5, 300,21.7,29.1, 0.0,  0, 0.0000,     0,24.4,27.4,15.4, 25,    16,    31, 0.7509, 0.7508
M5,29/06/23,16:13:14,     5,  7040,   449, 1005.5, 300,21.7,29.1, 0.0,  0, 0.0000,     0,24.4,27.4,15.4, 25,    17,    32, 0.7490, 0.7549
M5,29/06/23,16:13:15,     5,  7041,   449, 1005.5, 300,21.7,29.1, 0.0,  0, 0.0000,     0,24.4,27.4,15.4, 25,    17,    33, 0.7496, 0.7551
M5,29/06/23,16:13:16,     5,  7042,   450, 1005.5, 300,21.7,29.1, 0.0,  0, 0.0000,     0,24.4,27.4,15.4, 25,    18,    34, 0.7499, 0.7509
M5,29/06/23,16:13:17,     5,  7043,   451, 1005.5, 300,21.7,29.1, 0.0,  0, 0.0000,     0,24.4,27.4,15.4, 25,    19,    35, 0.7518, 0.7461
M5,29/06/23,16:13:18,     5,  7044,   451, 1005.5, 300,21.7,29.1, 0.0,  0, 0.0000,     0,24.4,27.4,15.4, 25,    19,    36, 0.7532, 0.7398
M5,29/06/23,16:13:19,     5,  7045,   452, 1005.5, 300,21.8,29.1, 0.0,  0, 0.0000,     0,24.4,27.4,15.4, 25,    20,    37, 0.7574, 0.7288
M5,29/06/23,16:13:20,     5,  7046,   453, 1005.5, 300,21.8,29.1, 0.0,  0, 0.0000,     0,24.4,27.4,15.4, 25,    21,    38, 0.7606, 0.7192
M5,29/06/23,16:13:21,     5,  7047,   453, 1005.5, 300,21.8,29.1, 0.0,  0, 0.0000,     0,24.4,27.4,15.4, 25,    21,    39, 0.7624, 0.7163
M5,29/06/23,16:13:22,     5,  7048,   454, 1005.5, 300,21.8,29.1, 0.0,  0, 0.0000,     0,24.4,27.4,15.4, 25,    22,    40, 0.7635, 0.7184
M5,29/06/23,16:13:23,     5,  7049,   455, 1005.5, 300,21.8,29.1, 0.0,  0, 0.0000,     0,24.4,27.4,15.4, 25,    23,    41, 0.7645, 0.7183
M5,29/06/23,16:13:24,     5,  7050,   455, 1005.5, 300,21.9,29.1, 0.0,  0, 0.0000,     0,24.4,27.4,15.4, 25,    23,    42, 0.7654, 0.7222
M5,29/06/23,16:13:25,     5,  7051,   455, 1005.5, 300,21.9,29.1, 0.0,  0, 0.0000,     0,24.4,27.4,15.4, 25,    23,    43, 0.7616, 0.7391
M5,29/06/23,16:13:26,     5,  7052,   455, 1005.5, 300,21.9,29.1, 0.0,  0, 0.0000,     0,24.4,27.4,15.4, 25,    23,    44, 0.7564, 0.7615
M5,29/06/23,16:13:27,     5,  7053,   456, 1005.5, 300,21.9,29.1, 0.0,  0, 0.0000,     0,24.4,27.4,15.4, 25,    24,    45, 0.7519, 0.7760
M5,29/06/23,16:13:28,     5,  7054,   457, 1005.5, 300,21.9,29.1, 0.0,  0, 0.0000,     0,24.4,27.4,15.4, 25,    25,    46, 0.7493, 0.7815
M5,29/06/23,16:13:29,     5,  7055,   458, 1005.5, 300,21.9,29.1, 0.0,  0, 0.0000,     0,24.4,27.4,15.4, 25,    26,    47, 0.7489, 0.7811
M5,29/06/23,16:13:30,     5,  7056,   458, 1005.5, 300,21.9,29.1, 0.0,  0, 0.0000,     0,24.4,27.5,15.4, 25,    26,    48, 0.7484, 0.7784
M5,29/06/23,16:13:31,     5,  7057,   459, 1005.5, 300,22.0,29.1, 0.0,  0, 0.0000,     0,24.4,27.4,15.4, 25,    27,    49, 0.7487, 0.7750
M5,29/06/23,16:13:32,     5,  7058,   460, 1005.5, 300,22.0,29.1, 0.0,  0, 0.0000,     0,24.4,27.5,15.4, 25,    27,    50, 0.7482, 0.7730
M5,29/06/23,16:13:33,     5,  7059,   460, 1005.5, 300,22.0,29.1, 0.0,  0, 0.0000,     0,24.4,27.5,15.4, 25,    28,    51, 0.7478, 0.7728
M5,29/06/23,16:13:34,     5,  7060,   460, 1005.5, 300,22.0,29.1, 0.0,  0, 0.0000,     0,24.4,27.5,15.4, 25,    28,    52, 0.7465, 0.7742
M5,29/06/23,16:13:35,     5,  7061,   461, 1005.5, 300,22.0,29.1, 0.0,  0, 0.0000,     0,24.4,27.5,15.4, 25,    29,    53, 0.7458, 0.7740
M5,29/06/23,16:13:36,     5,  7062,   461, 1005.5, 300,22.0,29.1, 0.0,  0, 0.0000,     0,24.4,27.5,15.4, 25,    29,    54, 0.7441, 0.7767
M5,29/06/23,16:13:37,     5,  7063,   462, 1005.5, 300,22.0,29.1, 0.0,  0, 0.0000,     0,24.4,27.4,15.4, 25,    29,    55, 0.7411, 0.7838
M5,29/06/23,16:13:38,     5,  7064,   462, 1005.5, 300,22.1,29.1, 0.0,  0, 0.0000,     0,24.4,27.5,15.4, 25,    30,    56, 0.7385, 0.7926
M5,29/06/23,16:13:39,     5,  7065,   463, 1005.5, 300,22.1,29.1, 0.0,  0, 0.0000,     0,24.4,27.5,15.4, 25,    31,    57, 0.7358, 0.7973
M5,29/06/23,16:13:40,     5,  7066,   464, 1005.5, 300,22.1,29.1, 0.0,  0, 0.0000,     0,24.4,27.5,15.4, 25,    31,    58, 0.7342, 0.7975
M5,29/06/23,16:13:41,     5,  7067,   464, 1005.5, 300,22.1,29.1, 0.0,  0, 0.0000,     0,24.4,27.5,15.4, 25,    32,    59, 0.7330, 0.7960
M5,29/06/23,16:13:42,     5,  7068,   465, 1005.5, 300,22.1,29.1, 0.0,  0, 0.0000,     0,24.4,27.5,15.4, 25,    33,    60, 0.7328, 0.7938
R5,29/06/23,16:13:42,     5,  7068,   465, 1005.5, 300,22.1,29.1, 0.0,  0, 0.0000,     0,24.4,27.5,15.4, 25,    33,    60, 0.7328, 0.7938
End
Zero
Start
M5,29/06/23,16:18:08,     6,  7332,   414, 1005.5, 300,20.9,28.9, 0.0,  0, 0.0000,     0,24.4,26.7,12.8, 20,     1,     1, 0.0000, 0.0000
M5,29/06/23,16:18:09,     6,  7333,   415, 1005.5, 300,21.0,28.9, 0.0,  0, 0.0000,     0,24.4,26.8,12.8, 20,     2,     2, 0.0000, 0.0000
M5,29/06/23,16:18:10,     6,  7334,   415, 1005.5, 300,21.0,28.9, 0.0,  0, 0.0000,     0,24.4,26.8,12.6, 20,     3,     3, 0.0000, 0.0000
M5,29/06/23,16:18:11,     6,  7335,   416, 1005.5, 300,21.0,28.9, 0.0,  0, 0.0000,     0,24.4,26.8,12.6, 20,     3,     4, 0.0000, 0.0000
M5,29/06/23,16:18:12,     6,  7336,   417, 1005.5, 300,21.0,28.9, 0.0,  0, 0.0000,     0,24.4,26.8,12.6, 20,     4,     5, 0.0000, 0.0000
M5,29/06/23,16:18:13,     6,  7337,   417, 1005.5, 300,21.0,28.9, 0.0,  0, 0.0000,     0,24.4,26.8,12.6, 20,     5,     6, 0.0000, 0.0000
M5,29/06/23,16:18:14,     6,  7338,   418, 1005.5, 300,21.0,28.9, 0.0,  0, 0.0000,     0,24.4,26.8,12.6, 20,     5,     7, 0.0000, 0.0000
M5,29/06/23,16:18:15,     6,  7339,   419, 1005.5, 300,21.0,28.9, 0.0,  0, 0.0000,     0,24.4,26.8,12.4, 20,     6,     8, 0.0000, 0.0000
M5,29/06/23,16:18:16,     6,  7340,   420, 1005.5, 300,21.1,28.9, 0.0,  0, 0.0000,     0,24.4,26.8,12.4, 20,     7,     9, 0.0000, 0.0000
M5,29/06/23,16:18:17,     6,  7341,   420, 1005.5, 300,21.1,28.9, 0.0,  0, 0.0000,     0,24.4,26.9,12.4, 25,     7,    10, 0.0000, 0.0000
M5,29/06/23,16:18:18,     6,  7342,   421, 1005.5, 300,21.1,28.9, 0.0,  0, 0.0000,     0,24.4,26.9,12.4, 25,     8,    11, 0.0000, 0.0000
M5,29/06/23,16:18:19,     6,  7343,   422, 1005.5, 300,21.1,28.9, 0.0,  0, 0.0000,     0,24.4,26.9,12.4, 25,     9,    12, 0.0000, 0.0000
M5,29/06/23,16:18:20,     6,  7344,   422, 1005.5, 300,21.1,28.9, 0.0, 21, 0.0000,     0,24.4,26.9,12.6, 25,     9,    13, 0.9348, 0.6191
M5,29/06/23,16:18:21,     6,  7345,   423, 1005.5, 300,21.1,28.9, 0.0,  0, 0.0000,     0,24.4,26.9,12.6, 25,    10,    14, 0.9316, 0.8106
M5,29/06/23,16:18:22,     6,  7346,   423, 1005.6, 300,21.1,28.9, 0.0,  0, 0.0000,     0,24.4,26.9,12.6, 25,    11,    15, 0.8860, 0.9653
M5,29/06/23,16:18:23,     6,  7347,   424, 1005.6, 300,21.2,28.9, 0.0,  0, 0.0000,     0,24.4,26.9,12.6, 25,    11,    16, 0.8673, 0.9753
M5,29/06/23,16:18:24,     6,  7348,   425, 1005.6, 300,21.2,28.9, 0.0,  0, 0.0000,     0,24.4,26.9,12.6, 25,    12,    17, 0.8562, 0.9533
M5,29/06/23,16:18:25,     6,  7349,   425, 1005.6, 300,21.2,28.9, 0.0,  0, 0.0000,     0,24.4,26.9,12.6, 25,    13,    18, 0.8527, 0.9318
M5,29/06/23,16:18:26,     6,  7350,   426, 1005.6, 300,21.2,28.9, 0.0,  0, 0.0000,     0,24.4,26.9,12.8, 25,    14,    19, 0.8718, 0.8481
M5,29/06/23,16:18:27,     6,  7351,   427, 1005.6, 300,21.2,28.9, 0.0,  0, 0.0000,     0,24.4,26.9,12.8, 25,    14,    20, 0.8926, 0.8012
M5,29/06/23,16:18:28,     6,  7352,   428, 1005.6, 300,21.2,28.9, 0.0,  0, 0.0000,     0,24.4,26.9,12.8, 25,    15,    21, 0.8933, 0.8225
M5,29/06/23,16:18:29,     6,  7353,   428, 1005.6, 300,21.2,28.9, 0.0,  0, 0.0000,     0,24.4,26.9,12.8, 25,    15,    22, 0.8852, 0.8632
M5,29/06/23,16:18:30,     6,  7354,   429, 1005.6, 300,21.3,28.9, 0.0,  0, 0.0000,     0,24.4,26.9,12.8, 25,    16,    23, 0.8800, 0.8865
M5,29/06/23,16:18:31,     6,  7355,   429, 1005.6, 300,21.3,28.9, 0.0,  0, 0.0000,     0,24.4,26.9,12.8, 25,    17,    24, 0.8697, 0.9144
M5,29/06/23,16:18:32,     6,  7356,   430, 1005.6, 300,21.3,28.9, 0.0,  0, 0.0000,     0,24.4,27.0,12.8, 25,    17,    25, 0.8590, 0.9416
M5,29/06/23,16:18:33,     6,  7357,   430, 1005.6, 300,21.3,28.9, 0.0,  0, 0.0000,     0,24.4,27.0,12.8, 25,    17,    26, 0.8463, 0.9625
M5,29/06/23,16:18:34,     6,  7358,   431, 1005.6, 300,21.3,28.9, 0.0,  0, 0.0000,     0,24.4,27.0,12.8, 25,    18,    27, 0.8419, 0.9546
M5,29/06/23,16:18:35,     6,  7359,   432, 1005.6, 300,21.3,28.9, 0.0,  0, 0.0000,     0,24.4,27.0,12.8, 25,    19,    28, 0.8415, 0.9320
M5,29/06/23,16:18:36,     6,  7360,   433, 1005.6, 300,21.3,28.9, 0.0,  0, 0.0000,     0,24.4,27.0,12.6, 25,    20,    29, 0.8401, 0.9179
M5,29/06/23,16:18:37,     6,  7361,   433, 1005.6, 300,21.4,28.9, 0.0,  0, 0.0000,     0,24.4,27.0,12.6, 25,    20,    30, 0.8375, 0.9158
M5,29/06/23,16:18:38,     6,  7362,   433, 1005.6, 300,21.4,28.9, 0.0,  0, 0.0000,     0,24.4,27.0,12.6, 25,    21,    31, 0.8298, 0.9267
M5,29/06/23,16:18:39,     6,  7363,   434, 1005.6, 300,21.4,28.9, 0.0,  0, 0.0000,     0,24.4,27.0,12.6, 25,    21,    32, 0.8229, 0.9374
M5,29/06/23,16:18:40,     6,  7364,   435, 1005.6, 300,21.4,28.9, 0.0,  0, 0.0000,     0,24.4,27.0,12.6, 25,    22,    33, 0.8170, 0.9380
M5,29/06/23,16:18:41,     6,  7365,   435, 1005.6, 300,21.4,28.9, 0.0,  0, 0.0000,     0,24.4,27.0,12.6, 25,    22,    34, 0.8119, 0.9410
M5,29/06/23,16:18:42,     6,  7366,   436, 1005.6, 300,21.4,28.9, 0.0,  0, 0.0000,     0,24.4,27.0,12.6, 25,    23,    35, 0.8073, 0.9368
M5,29/06/23,16:18:43,     6,  7367,   437, 1005.6, 300,21.5,28.9, 0.0,  0, 0.0000,     0,24.4,27.0,12.6, 25,    24,    36, 0.8059, 0.9233
M5,29/06/23,16:18:44,     6,  7368,   437, 1005.6, 300,21.5,28.9, 0.0,  0, 0.0000,     0,24.4,27.0,12.6, 25,    25,    37, 0.8065, 0.9040
M5,29/06/23,16:18:45,     6,  7369,   438, 1005.6, 300,21.5,28.9, 0.0,  0, 0.0000,     0,24.4,27.0,12.6, 25,    25,    38, 0.8072, 0.8873
M5,29/06/23,16:18:46,     6,  7370,   439, 1005.6, 300,21.5,28.9, 0.0,  0, 0.0000,     0,24.4,27.0,12.6, 25,    26,    39, 0.8089, 0.8735
M5,29/06/23,16:18:47,     6,  7371,   440, 1005.6, 300,21.5,28.9, 0.0,  0, 0.0000,     0,24.4,27.0,12.8, 25,    27,    40, 0.8124, 0.8518
M5,29/06/23,16:18:48,     6,  7372,   441, 1005.6, 300,21.5,28.9, 0.0,  0, 0.0000,     0,24.4,27.0,12.8, 25,    28,    41, 0.8172, 0.8309
M5,29/06/23,16:18:49,     6,  7373,   441, 1005.6, 300,21.5,28.9, 0.0,  0, 0.0000,     0,24.4,27.0,12.8, 25,    28,    42, 0.8222, 0.8105
M5,29/06/23,16:18:50,     6,  7374,   442, 1005.6, 300,21.5,28.9, 0.0,  0, 0.0000,     0,24.4,27.0,12.8, 25,    29,    43, 0.8256, 0.7994
M5,29/06/23,16:18:51,     6,  7375,   442, 1005.6, 300,21.5,28.9, 0.0,  0, 0.0000,     0,24.4,27.1,12.8, 25,    29,    44, 0.8263, 0.7984
M5,29/06/23,16:18:52,     6,  7376,   443, 1005.6, 300,21.5,28.9, 0.0,  0, 0.0000,     0,24.4,27.1,12.4, 25,    30,    45, 0.8261, 0.8009
M5,29/06/23,16:18:53,     6,  7377,   443, 1005.6, 300,21.6,28.9, 0.0,  0, 0.0000,     0,24.4,27.1,12.4, 25,    30,    46, 0.8260, 0.8068
M5,29/06/23,16:18:54,     6,  7378,   444, 1005.6, 300,21.6,28.9, 0.0,  0, 0.0000,     0,24.4,27.1,12.4, 25,    31,    47, 0.8262, 0.8071
M5,29/06/23,16:18:55,     6,  7379,   445, 1005.6, 300,21.6,28.9, 0.0,  0, 0.0000,     0,24.4,27.1,12.4, 25,    32,    48, 0.8268, 0.8075
M5,29/06/23,16:18:56,     6,  7380,   445, 1005.6, 300,21.6,28.9, 0.0,  0, 0.0000,     0,24.4,27.1,12.4, 25,    32,    49, 0.8268, 0.8084
M5,29/06/23,16:18:57,     6,  7381,   446, 1005.6, 300,21.6,28.9, 0.0,  0, 0.0000,     0,24.4,27.1,12.4, 25,    33,    50, 0.8280, 0.8065
M5,29/06/23,16:18:58,     6,  7382,   447, 1005.6, 300,21.6,28.9, 0.0,  0, 0.0000,     0,24.4,27.1,12.4, 25,    34,    51, 0.8288, 0.8046
M5,29/06/23,16:18:59,     6,  7383,   447, 1005.6, 300,21.6,28.9, 0.0,  0, 0.0000,     0,24.4,27.1,12.4, 25,    35,    52, 0.8295, 0.8030
M5,29/06/23,16:19:00,     6,  7384,   448, 1005.6, 299,21.6,28.9, 0.0,  0, 0.0000,     0,24.4,27.1,12.4, 25,    35,    53, 0.8305, 0.8018
M5,29/06/23,16:19:01,     6,  7385,   448, 1005.6, 300,21.6,28.9, 0.0,  0, 0.0000,     0,24.4,27.1,12.4, 25,    36,    54, 0.8300, 0.8053
M5,29/06/23,16:19:02,     6,  7386,   449, 1005.6, 300,21.7,28.9, 0.0,  0, 0.0000,     0,24.4,27.1,12.4, 25,    36,    55, 0.8301, 0.8083
M5,29/06/23,16:19:03,     6,  7387,   450, 1005.6, 300,21.7,28.9, 0.0,  0, 0.0000,     0,24.4,27.1,12.4, 25,    37,    56, 0.8304, 0.8082
M5,29/06/23,16:19:04,     6,  7388,   451, 1005.6, 300,21.7,28.9, 0.0,  0, 0.0000,     0,24.4,27.1,12.4, 25,    38,    57, 0.8311, 0.8083
M5,29/06/23,16:19:05,     6,  7389,   451, 1005.6, 300,21.7,28.9, 0.0,  0, 0.0000,     0,24.4,27.1,12.4, 25,    38,    58, 0.8309, 0.8100
M5,29/06/23,16:19:06,     6,  7390,   452, 1005.6, 300,21.7,28.9, 0.0,  0, 0.0000,     0,24.4,27.1,12.4, 25,    39,    59, 0.8308, 0.8113
M5,29/06/23,16:19:07,     6,  7391,   452, 1005.6, 300,21.7,28.9, 0.0,  0, 0.0000,     0,24.4,27.1,12.4, 25,    39,    60, 0.8304, 0.8142
R5,29/06/23,16:19:07,     6,  7391,   452, 1005.6, 300,21.7,28.9, 0.0,  0, 0.0000,     0,24.4,27.1,12.4, 25,    39,    60, 0.8304, 0.8142
End
Start
M5,29/06/23,16:19:52,     6,  7436,   415, 1005.6, 300,21.2,28.9, 0.0,  0, 0.0000,     0,24.4,26.6,12.8, 20,     1,     1, 0.0000, 0.0000
M5,29/06/23,16:19:53,     6,  7437,   416, 1005.6, 300,21.2,28.9, 0.0,  0, 0.0000,     0,24.4,26.7,12.8, 20,     2,     2, 0.0000, 0.0000
M5,29/06/23,16:19:54,     6,  7438,   417, 1005.6, 300,21.2,28.9, 0.0,  0, 0.0000,     0,24.4,26.7,12.8, 20,     4,     3, 0.0000, 0.0000
M5,29/06/23,16:19:55,     6,  7439,   418, 1005.6, 300,21.2,28.9, 0.0,  0, 0.0000,     0,24.4,26.7,12.8, 20,     5,     4, 0.0000, 0.0000
M5,29/06/23,16:19:56,     6,  7440,   419, 1005.6, 300,21.2,28.9, 0.0,  0, 0.0000,     0,24.4,26.7,12.4, 20,     5,     5, 0.0000, 0.0000
M5,29/06/23,16:19:57,     6,  7441,   419, 1005.6, 300,21.2,28.9, 0.0,  0, 0.0000,     0,24.4,26.7,12.4, 20,     6,     6, 0.0000, 0.0000
M5,29/06/23,16:19:58,     6,  7442,   420, 1005.6, 300,21.2,28.9, 0.0,  0, 0.0000,     0,24.4,26.7,12.4, 20,     7,     7, 0.0000, 0.0000
M5,29/06/23,16:19:59,     6,  7443,   421, 1005.6, 300,21.3,28.9, 0.0,  0, 0.0000,     0,24.4,26.7,12.4, 20,     8,     8, 0.0000, 0.0000
M5,29/06/23,16:20:00,     6,  7444,   422, 1005.6, 300,21.3,28.9, 0.0,  0, 0.0000,     0,24.4,26.7,12.4, 20,     9,     9, 0.0000, 0.0000
M5,29/06/23,16:20:01,     6,  7445,   423, 1005.6, 300,21.3,28.9, 0.0,  0, 0.0000,     0,24.4,26.8,12.4, 25,     9,    10, 0.0000, 0.0000
M5,29/06/23,16:20:02,     6,  7446,   424, 1005.6, 300,21.3,28.9, 0.0,  0, 0.0000,     0,24.4,26.8,12.2, 25,    10,    11, 0.0000, 0.0000
M5,29/06/23,16:20:03,     6,  7447,   425, 1005.6, 300,21.3,28.9, 0.0,  0, 0.0000,     0,24.4,26.8,12.2, 25,    11,    12, 0.0000, 0.0000
M5,29/06/23,16:20:04,     6,  7448,   425, 1005.6, 300,21.3,28.9, 0.0,  0, 0.0000,     0,24.4,26.8,12.2, 25,    12,    13, 0.9955, 1.1521
M5,29/06/23,16:20:05,     6,  7449,   426, 1005.6, 300,21.3,28.9, 0.0,  0, 0.0000,     0,24.4,26.8,12.2, 25,    12,    14, 0.9094, 1.2082
M5,29/06/23,16:20:06,     6,  7450,   427, 1005.6, 300,21.4,28.9, 0.0,  0, 0.0000,     0,24.4,26.8,12.2, 25,    13,    15, 0.9095, 1.0580
M5,29/06/23,16:20:07,     6,  7451,   427, 1005.6, 300,21.4,28.9, 0.0,  0, 0.0000,     0,24.4,26.8,12.2, 25,    14,    16, 0.9006, 1.0038
M5,29/06/23,16:20:08,     6,  7452,   428, 1005.6, 300,21.4,28.9, 0.0,  0, 0.0000,     0,24.4,26.8,12.2, 25,    14,    17, 0.8922, 0.9778
M5,29/06/23,16:20:09,     6,  7453,   428, 1005.6, 300,21.4,28.9, 0.0,  0, 0.0000,     0,24.4,26.8,12.2, 25,    15,    18, 0.8877, 0.9638
M5,29/06/23,16:20:10,     6,  7454,   429, 1005.6, 300,21.4,28.9, 0.0,  0, 0.0000,     0,24.4,26.9,12.2, 25,    16,    19, 0.8930, 0.9193
M5,29/06/23,16:20:11,     6,  7455,   430, 1005.6, 300,21.4,28.9, 0.0,  0, 0.0000,     0,24.4,26.9,12.2, 25,    17,    20, 0.9047, 0.8800
M5,29/06/23,16:20:12,     6,  7456,   431, 1005.6, 300,21.4,28.9, 0.0,  0, 0.0000,     0,24.4,26.9,12.2, 25,    17,    21, 0.9083, 0.8736
M5,29/06/23,16:20:13,     6,  7457,   431, 1005.6, 300,21.5,28.9, 0.0,  0, 0.0000,     0,24.4,26.9,12.2, 25,    18,    22, 0.9108, 0.8824
M5,29/06/23,16:20:14,     6,  7458,   432, 1005.6, 300,21.5,28.9, 0.0,  0, 0.0000,     0,24.4,26.9,12.2, 25,    19,    23, 0.9150, 0.8739
M5,29/06/23,16:20:15,     6,  7459,   433, 1005.6, 300,21.5,28.9, 0.0,  0, 0.0000,     0,24.4,26.9,12.2, 25,    20,    24, 0.9213, 0.8615
M5,29/06/23,16:20:16,     6,  7460,   434, 1005.6, 300,21.5,28.9, 0.0,  0, 0.0000,     0,24.4,26.9,12.2, 25,    20,    25, 0.9276, 0.8567
M5,29/06/23,16:20:18,     6,  7461,   435, 1005.6, 300,21.5,28.9, 0.0,  0, 0.0000,     0,24.4,26.9,12.2, 25,    21,    26, 0.9336, 0.8504
M5,29/06/23,16:20:19,     6,  7462,   436, 1005.6, 300,21.5,28.9, 0.0,  0, 0.0000,     0,24.4,26.9,12.4, 25,    22,    27, 0.9405, 0.8448
M5,29/06/23,16:20:20,     6,  7463,   436, 1005.6, 300,21.5,28.9, 0.0,  0, 0.0000,     0,24.4,26.9,12.4, 25,    23,    28, 0.9436, 0.8511
M5,29/06/23,16:20:21,     6,  7464,   437, 1005.6, 300,21.6,28.9, 0.0,  0, 0.0000,     0,24.4,26.9,12.4, 25,    23,    29, 0.9499, 0.8554
M5,29/06/23,16:20:22,     6,  7465,   438, 1005.6, 300,21.6,28.9, 0.0,  0, 0.0000,     0,24.4,26.9,12.4, 25,    24,    30, 0.9542, 0.8555
M5,29/06/23,16:20:23,     6,  7466,   439, 1005.6, 300,21.6,28.9, 0.0,  0, 0.0000,     0,24.4,26.9,12.4, 25,    25,    31, 0.9587, 0.8550
M5,29/06/23,16:20:24,     6,  7467,   439, 1005.6, 300,21.6,28.9, 0.0,  0, 0.0000,     0,24.4,26.9,12.2, 25,    26,    32, 0.9634, 0.8544
M5,29/06/23,16:20:25,     6,  7468,   440, 1005.6, 300,21.6,28.9, 0.0,  0, 0.0000,     0,24.4,26.9,12.2, 25,    27,    33, 0.9658, 0.8615
M5,29/06/23,16:20:26,     6,  7469,   441, 1005.6, 300,21.6,28.9, 0.0,  0, 0.0000,     0,24.4,26.9,12.2, 25,    27,    34, 0.9692, 0.8666
M5,29/06/23,16:20:27,     6,  7470,   442, 1005.6, 300,21.6,28.9, 0.0,  0, 0.0000,     0,24.4,26.9,12.2, 25,    28,    35, 0.9722, 0.8695
M5,29/06/23,16:20:28,     6,  7471,   442, 1005.6, 300,21.7,28.9, 0.0,  0, 0.0000,     0,24.4,26.9,12.2, 25,    29,    36, 0.9742, 0.8780
M5,29/06/23,16:20:29,     6,  7472,   443, 1005.6, 300,21.7,28.9, 0.0,  0, 0.0000,     0,24.4,26.9,12.2, 25,    30,    37, 0.9745, 0.8887
M5,29/06/23,16:20:30,     6,  7473,   444, 1005.6, 300,21.7,28.9, 0.0,  0, 0.0000,     0,24.4,26.9,12.2, 25,    30,    38, 0.9745, 0.9010
M5,29/06/23,16:20:31,     6,  7474,   444, 1005.6, 300,21.7,28.9, 0.0,  0, 0.0000,     0,24.4,26.9,12.2, 25,    31,    39, 0.9733, 0.9133
M5,29/06/23,16:20:32,     6,  7475,   445, 1005.6, 300,21.7,28.9, 0.0,  0, 0.0000,     0,24.4,26.9,12.2, 25,    32,    40, 0.9716, 0.9255
M5,29/06/23,16:20:33,     6,  7476,   446, 1005.6, 300,21.7,28.9, 0.0,  0, 0.0000,     0,24.4,26.9,12.2, 25,    33,    41, 0.9724, 0.9290
M5,29/06/23,16:20:34,     6,  7477,   447, 1005.6, 300,21.7,28.9, 0.0,  0, 0.0000,     0,24.4,26.9,12.2, 25,    33,    42, 0.9732, 0.9303
M5,29/06/23,16:20:35,     6,  7478,   448, 1005.6, 300,21.7,28.9, 0.0,  0, 0.0000,     0,24.4,27.0,12.6, 25,    34,    43, 0.9736, 0.9344
M5,29/06/23,16:20:36,     6,  7479,   448, 1005.6, 300,21.7,28.9, 0.0,  0, 0.0000,     0,24.4,27.0,12.6, 25,    35,    44, 0.9741, 0.9359
M5,29/06/23,16:20:37,     6,  7480,   449, 1005.6, 300,21.7,28.9, 0.0,  0, 0.0000,     0,24.4,27.0,12.6, 25,    36,    45, 0.9749, 0.9372
M5,29/06/23,16:20:38,     6,  7481,   450, 1005.6, 300,21.7,28.9, 0.0,  0, 0.0000,     0,24.4,27.0,12.6, 25,    36,    46, 0.9749, 0.9403
M5,29/06/23,16:20:39,     6,  7482,   451, 1005.6, 300,21.7,28.9, 0.0,  0, 0.0000,     0,24.4,27.0,12.6, 25,    37,    47, 0.9744, 0.9447
M5,29/06/23,16:20:40,     6,  7483,   451, 1005.6, 300,21.8,28.9, 0.0,  0, 0.0000,     0,24.4,27.0,12.6, 25,    38,    48, 0.9743, 0.9507
M5,29/06/23,16:20:41,     6,  7484,   452, 1005.6, 300,21.8,28.9, 0.0,  0, 0.0000,     0,24.4,27.0,12.6, 25,    38,    49, 0.9739, 0.9535
M5,29/06/23,16:20:42,     6,  7485,   453, 1005.6, 300,21.8,28.9, 0.0,  0, 0.0000,     0,24.4,27.0,12.6, 25,    39,    50, 0.9739, 0.9545
M5,29/06/23,16:20:43,     6,  7486,   454, 1005.6, 300,21.8,28.9, 0.0,  0, 0.0000,     0,24.4,27.0,12.6, 25,    40,    51, 0.9750, 0.9516
M5,29/06/23,16:20:44,     6,  7487,   455, 1005.6, 300,21.8,28.9, 0.0,  0, 0.0000,     0,24.4,27.0,12.6, 25,    41,    52, 0.9760, 0.9514
M5,29/06/23,16:20:45,     6,  7488,   455, 1005.6, 300,21.8,28.9, 0.0,  0, 0.0000,     0,24.4,27.0,12.6, 25,    42,    53, 0.9755, 0.9546
M5,29/06/23,16:20:46,     6,  7489,   456, 1005.6, 300,21.9,28.9, 0.0,  0, 0.0000,     0,24.4,27.0,12.6, 25,    42,    54, 0.9751, 0.9589
M5,29/06/23,16:20:47,     6,  7490,   457, 1005.6, 300,21.9,28.9, 0.0,  0, 0.0000,     0,24.4,27.0,12.6, 25,    43,    55, 0.9747, 0.9609
M5,29/06/23,16:20:48,     6,  7491,   457, 1005.6, 300,21.9,28.9, 0.0,  0, 0.0000,     0,24.4,27.0,12.6, 25,    44,    56, 0.9741, 0.9637
M5,29/06/23,16:20:49,     6,  7492,   458, 1005.6, 300,21.9,28.9, 0.0,  0, 0.0000,     0,24.4,27.0,12.6, 25,    44,    57, 0.9734, 0.9670
M5,29/06/23,16:20:50,     6,  7493,   458, 1005.6, 300,21.9,28.9, 0.0,  0, 0.0000,     0,24.4,27.0,12.6, 25,    45,    58, 0.9718, 0.9724
M5,29/06/23,16:20:51,     6,  7494,   459, 1005.6, 300,21.9,28.9, 0.0,  0, 0.0000,     0,24.4,27.0,12.4, 25,    45,    59, 0.9700, 0.9798
M5,29/06/23,16:20:52,     6,  7495,   460, 1005.6, 300,21.9,28.9, 0.0,  0, 0.0000,     0,24.4,27.0,12.4, 25,    46,    60, 0.9679, 0.9862
R5,29/06/23,16:20:52,     6,  7495,   460, 1005.6, 300,21.9,28.9, 0.0,  0, 0.0000,     0,24.4,27.0,12.4, 25,    46,    60, 0.9679, 0.9862
End
Start
M5,29/06/23,16:21:55,     6,  7558,   416, 1005.6, 300,21.1,28.8, 0.0,  0, 0.0000,     0,24.4,26.5,12.1, 20,     1,     1, 0.0000, 0.0000
M5,29/06/23,16:21:56,     6,  7559,   417, 1005.6, 300,21.1,28.8, 0.0,  0, 0.0000,     0,24.4,26.6,12.1, 20,     3,     2, 0.0000, 0.0000
M5,29/06/23,16:21:57,     6,  7560,   419, 1005.6, 300,21.1,28.8, 0.0,  0, 0.0000,     0,24.4,26.6,12.1, 20,     4,     3, 0.0000, 0.0000
M5,29/06/23,16:21:58,     6,  7561,   420, 1005.6, 300,21.1,28.8, 0.0,  0, 0.0000,     0,24.4,26.6,12.1, 20,     6,     4, 0.0000, 0.0000
M5,29/06/23,16:21:59,     6,  7562,   421, 1005.6, 300,21.1,28.8, 0.0,  0, 0.0000,     0,24.4,26.6,12.1, 20,     7,     5, 0.0000, 0.0000
M5,29/06/23,16:22:00,     6,  7563,   422, 1005.6, 300,21.1,28.8, 0.0,  0, 0.0000,     0,24.4,26.6,12.2, 20,     8,     6, 0.0000, 0.0000
M5,29/06/23,16:22:01,     6,  7564,   423, 1005.6, 300,21.1,28.8, 0.0,  0, 0.0000,     0,24.4,26.6,12.2, 20,     9,     7, 0.0000, 0.0000
M5,29/06/23,16:22:02,     6,  7565,   425, 1005.6, 300,21.1,28.8, 0.0,  0, 0.0000,     0,24.4,26.6,12.2, 20,    11,     8, 0.0000, 0.0000
M5,29/06/23,16:22:03,     6,  7566,   426, 1005.6, 300,21.1,28.8, 0.0,  0, 0.0000,     0,24.4,26.6,12.2, 20,    12,     9, 0.0000, 0.0000
M5,29/06/23,16:22:04,     6,  7567,   427, 1005.6, 300,21.1,28.8, 0.0,  0, 0.0000,     0,24.4,26.7,12.2, 25,    13,    10, 0.0000, 0.0000
M5,29/06/23,16:22:05,     6,  7568,   428, 1005.6, 300,21.2,28.8, 0.0,  0, 0.0000,     0,24.4,26.7,12.2, 25,    14,    11, 0.0000, 0.0000
M5,29/06/23,16:22:06,     6,  7569,   429, 1005.6, 300,21.2,28.8, 0.0,  0, 0.0000,     0,24.4,26.7,12.2, 25,    15,    12, 0.0000, 0.0000
M5,29/06/23,16:22:07,     6,  7570,   430, 1005.6, 300,21.2,28.8, 0.0,  0, 0.0000,     0,24.4,26.7,12.2, 25,    16,    13, 1.3585, 1.3470
M5,29/06/23,16:22:08,     6,  7571,   431, 1005.6, 300,21.2,28.8, 0.0,  0, 0.0000,     0,24.4,26.7,12.2, 25,    17,    14, 1.3356, 1.3865
M5,29/06/23,16:22:09,     6,  7572,   432, 1005.6, 300,21.3,28.8, 0.0,  0, 0.0000,     0,24.4,26.7,12.2, 25,    18,    15, 1.2952, 1.4565
M5,29/06/23,16:22:10,     6,  7573,   433, 1005.6, 300,21.3,28.8, 0.0,  0, 0.0000,     0,24.4,26.7,12.2, 25,    19,    16, 1.2757, 1.4187
M5,29/06/23,16:22:11,     6,  7574,   434, 1005.6, 300,21.3,28.8, 0.0,  0, 0.0000,     0,24.4,26.7,12.2, 25,    19,    17, 1.2497, 1.4183
M5,29/06/23,16:22:12,     6,  7575,   434, 1005.6, 300,21.3,28.8, 0.0,  0, 0.0000,     0,24.4,26.7,12.2, 25,    20,    18, 1.2277, 1.4181
M5,29/06/23,16:22:13,     6,  7576,   435, 1005.6, 300,21.3,28.8, 0.0,  0, 0.0000,     0,24.4,26.7,12.2, 25,    21,    19, 1.2058, 1.4078
M5,29/06/23,16:22:14,     6,  7577,   436, 1005.6, 300,21.3,28.8, 0.0,  0, 0.0000,     0,24.4,26.7,12.2, 25,    22,    20, 1.1896, 1.3945
M5,29/06/23,16:22:15,     6,  7578,   437, 1005.6, 300,21.3,28.8, 0.0,  0, 0.0000,     0,24.4,26.7,12.2, 25,    23,    21, 1.1739, 1.3761
M5,29/06/23,16:22:16,     6,  7579,   438, 1005.6, 300,21.4,28.8, 0.0,  0, 0.0000,     0,24.4,26.7,12.2, 25,    24,    22, 1.1697, 1.3375
M5,29/06/23,16:22:17,     6,  7580,   439, 1005.6, 300,21.4,28.8, 0.0,  0, 0.0000,     0,24.4,26.8,12.2, 25,    25,    23, 1.1660, 1.3022
M5,29/06/23,16:22:18,     6,  7581,   440, 1005.6, 300,21.4,28.8, 0.0,  0, 0.0000,     0,24.4,26.8,12.2, 25,    26,    24, 1.1627, 1.2832
M5,29/06/23,16:22:19,     6,  7582,   441, 1005.6, 300,21.4,28.8, 0.0,  0, 0.0000,     0,24.4,26.8,12.2, 25,    26,    25, 1.1572, 1.2701
M5,29/06/23,16:22:20,     6,  7583,   441, 1005.6, 300,21.4,28.8, 0.0,  0, 0.0000,     0,24.4,26.8,12.2, 25,    27,    26, 1.1517, 1.2609
M5,29/06/23,16:22:21,     6,  7584,   442, 1005.6, 300,21.5,28.8, 0.0,  0, 0.0000,     0,24.4,26.8,12.2, 25,    28,    27, 1.1477, 1.2549
M5,29/06/23,16:22:22,     6,  7585,   443, 1005.6, 300,21.5,28.8, 0.0,  0, 0.0000,     0,24.4,26.8,12.2, 25,    29,    28, 1.1425, 1.2486
M5,29/06/23,16:22:23,     6,  7586,   444, 1005.6, 300,21.5,28.8, 0.0,  0, 0.0000,     0,24.4,26.8,12.2, 25,    30,    29, 1.1419, 1.2337
M5,29/06/23,16:22:24,     6,  7587,   445, 1005.6, 300,21.5,28.8, 0.0,  0, 0.0000,     0,24.4,26.8,12.2, 25,    31,    30, 1.1397, 1.2228
M5,29/06/23,16:22:25,     6,  7588,   446, 1005.6, 300,21.5,28.8, 0.0,  0, 0.0000,     0,24.4,26.8,12.2, 25,    32,    31, 1.1375, 1.2155
M5,29/06/23,16:22:26,     6,  7589,   447, 1005.6, 300,21.5,28.8, 0.0,  0, 0.0000,     0,24.4,26.8,12.2, 25,    33,    32, 1.1371, 1.2020
M5,29/06/23,16:22:27,     6,  7590,   448, 1005.6, 300,21.5,28.8, 0.0,  0, 0.0000,     0,24.4,26.8,12.2, 25,    34,    33, 1.1384, 1.1859
M5,29/06/23,16:22:28,     6,  7591,   449, 1005.6, 300,21.6,28.8, 0.0,  0, 0.0000,     0,24.4,26.8,12.2, 25,    35,    34, 1.1419, 1.1703
M5,29/06/23,16:22:29,     6,  7592,   450, 1005.6, 300,21.6,28.8, 0.0,  0, 0.0000,     0,24.4,26.8,12.2, 25,    36,    35, 1.1450, 1.1540
M5,29/06/23,16:22:30,     6,  7593,   451, 1005.6, 300,21.6,28.8, 0.0,  0, 0.0000,     0,24.4,26.8,12.2, 25,    37,    36, 1.1505, 1.1331
M5,29/06/23,16:22:31,     6,  7594,   451, 1005.6, 300,21.6,28.8, 0.0,  0, 0.0000,     0,24.4,26.8,12.2, 25,    37,    37, 1.1526, 1.1266
M5,29/06/23,16:22:32,     6,  7595,   452, 1005.6, 300,21.6,28.8, 0.0,  0, 0.0000,     0,24.4,26.8,12.2, 25,    38,    38, 1.1515, 1.1357
M5,29/06/23,16:22:33,     6,  7596,   453, 1005.6, 300,21.6,28.8, 0.0,  0, 0.0000,     0,24.4,26.8,12.2, 25,    38,    39, 1.1468, 1.1531
M5,29/06/23,16:22:34,     6,  7597,   454, 1005.6, 300,21.6,28.8, 0.0,  0, 0.0000,     0,24.4,26.8,12.2, 25,    39,    40, 1.1438, 1.1616
M5,29/06/23,16:22:35,     6,  7598,   455, 1005.6, 300,21.6,28.8, 0.0,  0, 0.0000,     0,24.4,26.8,12.2, 25,    40,    41, 1.1428, 1.1648
M5,29/06/23,16:22:36,     6,  7599,   455, 1005.6, 300,21.6,28.8, 0.0,  0, 0.0000,     0,24.4,26.8,12.2, 25,    41,    42, 1.1400, 1.1712
M5,29/06/23,16:22:37,     6,  7600,   456, 1005.6, 300,21.7,28.8, 0.0,  0, 0.0000,     0,24.4,26.8,12.2, 25,    42,    43, 1.1361, 1.1821
M5,29/06/23,16:22:38,     6,  7601,   457, 1005.6, 300,21.7,28.8, 0.0,  0, 0.0000,     0,24.4,26.8,12.2, 25,    42,    44, 1.1323, 1.1897
M5,29/06/23,16:22:39,     6,  7602,   458, 1005.6, 300,21.7,28.8, 0.0,  0, 0.0000,     0,24.4,26.8,12.2, 25,    43,    45, 1.1302, 1.1919
M5,29/06/23,16:22:40,     6,  7603,   459, 1005.6, 300,21.7,28.8, 0.0,  0, 0.0000,     0,24.4,26.8,12.2, 25,    44,    46, 1.1288, 1.1895
M5,29/06/23,16:22:41,     6,  7604,   460, 1005.6, 300,21.7,28.8, 0.0,  0, 0.0000,     0,24.4,26.8,12.2, 25,    46,    47, 1.1285, 1.1843
M5,29/06/23,16:22:42,     6,  7605,   460, 1005.6, 300,21.7,28.8, 0.0,  0, 0.0000,     0,24.4,26.8,12.2, 25,    46,    48, 1.1271, 1.1831
M5,29/06/23,16:22:43,     6,  7606,   461, 1005.6, 300,21.7,28.8, 0.0,  0, 0.0000,     0,24.4,26.8,12.2, 25,    47,    49, 1.1241, 1.1876
M5,29/06/23,16:22:44,     6,  7607,   462, 1005.6, 300,21.8,28.8, 0.0,  0, 0.0000,     0,24.4,26.8,12.2, 25,    47,    50, 1.1214, 1.1941
M5,29/06/23,16:22:45,     6,  7608,   462, 1005.6, 300,21.8,28.8, 0.0,  0, 0.0000,     0,24.4,26.8,12.2, 25,    48,    51, 1.1183, 1.1979
M5,29/06/23,16:22:46,     6,  7609,   463, 1005.6, 300,21.8,28.8, 0.0,  0, 0.0000,     0,24.4,26.8,12.2, 25,    49,    52, 1.1163, 1.1980
M5,29/06/23,16:22:47,     6,  7610,   464, 1005.6, 300,21.8,28.8, 0.0,  0, 0.0000,     0,24.4,26.8,12.2, 25,    50,    53, 1.1149, 1.1948
R5,29/06/23,16:22:47,     6,  7610,   464, 1005.6, 300,21.8,28.8, 0.0,  0, 0.0000,     0,24.4,26.8,12.2, 25,    50,    53, 1.1149, 1.1948
End
