Tag(M3),Date,Time,Plot_No,Rec_No,CO2,Pressure,Flow,H2O,Tsen,O2,Error,Aux_V,PAR,Tsoil,Tair,Msoil
Zero
Start
M5,30/06/23,15:19:33,     4,  5864,   424, 1002.7, 299,20.3,28.0, 0.0,  0, 0.0000,     0,26.4,26.7,30.8, 20,     1,     1, 0.0000, 0.0000
M5,30/06/23,15:19:34,     4,  5865,   425, 1002.7, 299,20.3,28.0, 0.0,  0, 0.0000,     0,26.4,26.7,30.8, 20,     2,     2, 0.0000, 0.0000
M5,30/06/23,15:19:35,     4,  5866,   426, 1002.7, 300,20.3,28.0, 0.0,  0, 0.0000,     0,26.4,26.8,30.8, 20,     3,     3, 0.0000, 0.0000
M5,30/06/23,15:19:36,     4,  5867,   426, 1002.6, 300,20.3,28.0, 0.0,  0, 0.0000,     0,26.4,26.8,30.8, 20,     3,     4, 0.0000, 0.0000
M5,30/06/23,15:19:37,     4,  5868,   427, 1002.6, 300,20.3,28.0, 0.0,  0, 0.0000,     0,26.4,26.8,30.8, 20,     4,     5, 0.0000, 0.0000
M5,30/06/23,15:19:38,     4,  5869,   428, 1002.6, 301,20.3,28.0, 0.0,  0, 0.0000,     0,26.4,26.8,30.8, 20,     5,     6, 0.0000, 0.0000
M5,30/06/23,15:19:39,     4,  5870,   429, 1002.6, 300,20.3,28.0, 0.0,  0, 0.0000,     0,26.4,26.8,30.8, 20,     6,     7, 0.0000, 0.0000
M5,30/06/23,15:19:40,     4,  5871,   430, 1002.6, 300,20.3,28.0, 0.0,  0, 0.0000,     0,26.4,26.8,30.8, 20,     7,     8, 0.0000, 0.0000
M5,30/06/23,15:19:41,     4,  5872,   431, 1002.6, 300,20.3,28.0, 0.0,  0, 0.0000,     0,26.4,26.8,30.8, 20,     7,     9, 0.0000, 0.0000
M5,30/06/23,15:19:42,     4,  5873,   431, 1002.6, 300,20.4,28.0, 0.0,  0, 0.0000,     0,26.4,26.9,30.8, 25,     8,    10, 0.0000, 0.0000
M5,30/06/23,15:19:43,     4,  5874,   432, 1002.6, 300,20.4,28.0, 0.0,  0, 0.0000,     0,26.4,26.9,30.8, 25,     9,    11, 0.0000, 0.0000
M5,30/06/23,15:19:44,     4,  5875,   432, 1002.6, 300,20.4,28.0, 0.0,  0, 0.0000,     0,26.4,26.9,30.8, 25,     9,    12, 0.0000, 0.0000
M5,30/06/23,15:19:45,     4,  5876,   432, 1002.6, 300,20.4,28.0, 0.0,  0, 0.0000,     0,26.4,26.9,30.8, 25,     9,    13, 0.4896, 0.7896
M5,30/06/23,15:19:46,     4,  5877,   433, 1002.6, 300,20.4,28.0, 0.0,  0, 0.0000,     0,26.4,26.9,30.8, 25,    10,    14, 0.4902, 0.5968
M5,30/06/23,15:19:47,     4,  5878,   434, 1002.6, 300,20.5,28.0, 0.0,  0, 0.0000,     0,26.4,26.9,31.0, 25,    10,    15, 0.5390, 0.4443
M5,30/06/23,15:19:48,     4,  5879,   434, 1002.6, 300,20.5,28.0, 0.0,  0, 0.0000,     0,26.4,26.9,31.0, 25,    11,    16, 0.5618, 0.4303
M5,30/06/23,15:19:49,     4,  5880,   434, 1002.6, 300,20.5,28.0, 0.0,  0, 0.0000,     0,26.4,26.9,31.0, 25,    11,    17, 0.5587, 0.5020
M5,30/06/23,15:19:50,     4,  5881,   435, 1002.6, 300,20.5,28.0, 0.0,  0, 0.0000,     0,26.4,26.9,31.0, 25,    12,    18, 0.5449, 0.5550
M5,30/06/23,15:19:51,     4,  5882,   435, 1002.6, 300,20.5,28.0, 0.0,  0, 0.0000,     0,26.4,26.9,31.0, 25,    12,    19, 0.5324, 0.5903
M5,30/06/23,15:19:52,     4,  5883,   435, 1002.6, 300,20.5,28.0, 0.0,  0, 0.0000,     0,26.4,26.9,31.0, 25,    12,    20, 0.5184, 0.6078
M5,30/06/23,15:19:53,     4,  5884,   436, 1002.6, 300,20.5,28.0, 0.0,  0, 0.0000,     0,26.4,26.9,30.8, 25,    13,    21, 0.5061, 0.6147
M5,30/06/23,15:19:54,     4,  5885,   436, 1002.6, 300,20.6,28.0, 0.0,  0, 0.0000,     0,26.4,26.9,30.8, 25,    13,    22, 0.5045, 0.5977
M5,30/06/23,15:19:55,     4,  5886,   437, 1002.6, 300,20.6,28.0, 0.0,  0, 0.0000,     0,26.4,27.0,30.8, 25,    14,    23, 0.5104, 0.5527
M5,30/06/23,15:19:56,     4,  5887,   437, 1002.6, 300,20.7,28.0, 0.0,  0, 0.0000,     0,26.4,27.0,30.8, 25,    14,    24, 0.5189, 0.5227
M5,30/06/23,15:19:57,     4,  5888,   438, 1002.6, 300,20.7,28.0, 0.0,  0, 0.0000,     0,26.4,27.0,30.8, 25,    15,    25, 0.5205, 0.5138
M5,30/06/23,15:19:58,     4,  5889,   438, 1002.6, 300,20.7,28.0, 0.0,  0, 0.0000,     0,26.4,27.0,30.8, 25,    15,    26, 0.5253, 0.5056
M5,30/06/23,15:19:59,     4,  5890,   439, 1002.6, 300,20.7,28.0, 0.0,  0, 0.0000,     0,26.4,27.0,30.8, 25,    16,    27, 0.5321, 0.4844
M5,30/06/23,15:20:00,     4,  5891,   439, 1002.6, 300,20.7,28.0, 0.0,  0, 0.0000,     0,26.4,27.0,30.8, 25,    16,    28, 0.5286, 0.5023
M5,30/06/23,15:20:01,     4,  5892,   439, 1002.6, 300,20.8,28.0, 0.0,  0, 0.0000,     0,26.4,27.0,30.8, 25,    16,    29, 0.5224, 0.5302
M5,30/06/23,15:20:02,     4,  5893,   439, 1002.6, 300,20.8,28.0, 0.0,  0, 0.0000,     0,26.4,27.0,30.8, 25,    16,    30, 0.5128, 0.5585
M5,30/06/23,15:20:03,     4,  5894,   440, 1002.6, 300,20.8,28.0, 0.0,  0, 0.0000,     0,26.4,27.0,30.8, 25,    16,    31, 0.5083, 0.5706
M5,30/06/23,15:20:04,     4,  5895,   440, 1002.6, 300,20.8,28.0, 0.0,  0, 0.0000,     0,26.4,27.0,30.8, 25,    17,    32, 0.5025, 0.5779
M5,30/06/23,15:20:05,     4,  5896,   441, 1002.6, 300,20.8,28.0, 0.0,  0, 0.0000,     0,26.4,27.0,30.8, 25,    17,    33, 0.4997, 0.5762
M5,30/06/23,15:20:06,     4,  5897,   441, 1002.6, 300,20.8,28.0, 0.0,  0, 0.0000,     0,26.4,27.0,30.8, 25,    18,    34, 0.4999, 0.5620
M5,30/06/23,15:20:07,     4,  5898,   442, 1002.6, 300,20.8,28.0, 0.0,  0, 0.0000,     0,26.4,27.0,30.8, 25,    19,    35, 0.5046, 0.5350
M5,30/06/23,15:20:08,     4,  5899,   443, 1002.6, 300,20.9,28.0, 0.0,  0, 0.0000,     0,26.4,27.0,30.8, 25,    19,    36, 0.5104, 0.5144
M5,30/06/23,15:20:09,     4,  5900,   443, 1002.6, 300,20.9,28.0, 0.0,  0, 0.0000,     0,26.2,27.0,30.8, 25,    20,    37, 0.5139, 0.4999
M5,30/06/23,15:20:10,     4,  5901,   443, 1002.6, 300,20.9,28.0, 0.0,  0, 0.0000,     0,26.2,27.0,30.8, 25,    20,    38, 0.5164, 0.4932
M5,30/06/23,15:20:11,     4,  5902,   443, 1002.6, 300,20.9,28.0, 0.0,  0, 0.0000,     0,26.2,27.0,30.8, 25,    20,    39, 0.5161, 0.4953
M5,30/06/23,15:20:12,     4,  5903,   444, 1002.6, 300,21.0,28.0, 0.0,  0, 0.0000,     0,26.2,27.0,30.8, 25,    21,    40, 0.5162, 0.5002
M5,30/06/23,15:20:13,     4,  5904,   444, 1002.6, 300,21.0,28.0, 0.0,  0, 0.0000,     0,26.2,27.0,30.8, 25,    21,    41, 0.5160, 0.5012
M5,30/06/23,15:20:14,     4,  5905,   445, 1002.6, 300,21.0,28.0, 0.0,  0, 0.0000,     0,26.2,27.0,31.0, 25,    21,    42, 0.5163, 0.5051
M5,30/06/23,15:20:15,     4,  5906,   445, 1002.6, 300,21.0,28.0, 0.0,  0, 0.0000,     0,26.2,27.0,31.0, 25,    22,    43, 0.5141, 0.5127
M5,30/06/23,15:20:16,     4,  5907,   445, 1002.6, 300,21.0,28.0, 0.0,  0, 0.0000,     0,26.2,27.0,31.0, 25,    22,    44, 0.5127, 0.5164
M5,30/06/23,15:20:17,     4,  5908,   446, 1002.6, 300,21.1,28.0, 0.0,  0, 0.0000,     0,26.2,27.0,31.0, 25,    23,    45, 0.5129, 0.5182
M5,30/06/23,15:20:18,     4,  5909,   446, 1002.6, 300,21.1,28.0, 0.0,  0, 0.0000,     0,26.2,27.0,31.0, 25,    23,    46, 0.5127, 0.5170
M5,30/06/23,15:20:19,     4,  5910,   447, 1002.6, 300,21.1,28.0, 0.0,  0, 0.0000,     0,26.2,27.0,31.0, 25,    23,    47, 0.5123, 0.5175
M5,30/06/23,15:20:20,     4,  5911,   447, 1002.6, 300,21.1,28.0, 0.0,  0, 0.0000,     0,26.2,27.0,31.0, 25,    24,    48, 0.5113, 0.5190
M5,30/06/23,15:20:21,     4,  5912,   447, 1002.6, 300,21.1,28.0, 0.0,  0, 0.0000,     0,26.2,27.0,31.0, 25,    24,    49, 0.5109, 0.5219
M5,30/06/23,15:20:22,     4,  5913,   448, 1002.6, 300,21.1,28.0, 0.0,  0, 0.0000,     0,26.2,27.0,31.0, 25,    25,    50, 0.5102, 0.5221
M5,30/06/23,15:20:23,     4,  5914,   448, 1002.6, 300,21.1,28.0, 0.0,  0, 0.0000,     0,26.2,27.0,31.0, 25,    25,    51, 0.5093, 0.5231
M5,30/06/23,15:20:24,     4,  5915,   449, 1002.6, 300,21.2,28.0, 0.0,  0, 0.0000,     0,26.2,27.0,31.0, 25,    26,    52, 0.5102, 0.5207
M5,30/06/23,15:20:25,     4,  5916,   449, 1002.6, 300,21.2,28.0, 0.0,  0, 0.0000,     0,26.2,27.0,31.0, 25,    26,    53, 0.5106, 0.5169
M5,30/06/23,15:20:26,     4,  5917,   450, 1002.6, 300,21.2,28.0, 0.0,  0, 0.0000,     0,26.2,27.0,31.0, 25,    26,    54, 0.5110, 0.5151
M5,30/06/23,15:20:27,     4,  5918,   450, 1002.6, 300,21.2,28.0, 0.0,  0, 0.0000,     0,26.2,27.0,31.0, 25,    27,    55, 0.5114, 0.5123
M5,30/06/23,15:20:28,     4,  5919,   450, 1002.6, 300,21.3,28.0, 0.0,  0, 0.0000,     0,26.2,27.0,31.0, 25,    27,    56, 0.5119, 0.5114
M5,30/06/23,15:20:29,     4,  5920,   451, 1002.6, 300,21.3,28.0, 0.0,  0, 0.0000,     0,26.2,27.0,31.0, 25,    28,    57, 0.5114, 0.5122
M5,30/06/23,15:20:30,     4,  5921,   451, 1002.6, 300,21.3,28.0, 0.0,  0, 0.0000,     0,26.2,27.0,30.9, 25,    28,    58, 0.5108, 0.5136
M5,30/06/23,15:20:31,     4,  5922,   451, 1002.6, 300,21.3,28.0, 0.0,  0, 0.0000,     0,26.2,27.0,30.9, 25,    28,    59, 0.5104, 0.5160
M5,30/06/23,15:20:32,     4,  5923,   452, 1002.6, 300,21.3,28.0, 0.0,  0, 0.0000,     0,26.2,27.0,30.9, 25,    28,    60, 0.5089, 0.5199
R5,30/06/23,15:20:32,     4,  5923,   452, 1002.6, 300,21.3,28.0, 0.0,  0, 0.0000,     0,26.2,27.0,30.9, 25,    28,    60, 0.5089, 0.5199
End
Start
M5,30/06/23,15:21:16,     4,  5967,   414, 1002.7, 300,20.2,27.9, 0.0,  0, 0.0000,     0,25.9,26.4,30.9, 20,     2,     1, 0.0000, 0.0000
M5,30/06/23,15:21:17,     4,  5968,   415, 1002.7, 300,20.2,27.9, 0.0,  0, 0.0000,     0,25.9,26.4,30.9, 20,     3,     2, 0.0000, 0.0000
M5,30/06/23,15:21:18,     4,  5969,   416, 1002.7, 300,20.2,27.9, 0.0,  0, 0.0000,     0,25.9,26.4,30.9, 20,     4,     3, 0.0000, 0.0000
M5,30/06/23,15:21:19,     4,  5970,   417, 1002.7, 300,20.2,27.9, 0.0,  0, 0.0000,     0,25.9,26.5,30.9, 20,     4,     4, 0.0000, 0.0000
M5,30/06/23,15:21:20,     4,  5971,   418, 1002.7, 300,20.2,27.9, 0.0,  0, 0.0000,     0,25.9,26.5,30.9, 20,     5,     5, 0.0000, 0.0000
M5,30/06/23,15:21:21,     4,  5972,   418, 1002.7, 300,20.2,27.9, 0.0,  0, 0.0000,     0,25.9,26.5,30.9, 20,     5,     6, 0.0000, 0.0000
M5,30/06/23,15:21:22,     4,  5973,   418, 1002.7, 300,20.2,27.9, 0.0,  0, 0.0000,     0,25.9,26.5,30.9, 20,     6,     7, 0.0000, 0.0000
M5,30/06/23,15:21:23,     4,  5974,   419, 1002.6, 300,20.2,27.9, 0.0,  0, 0.0000,     0,25.9,26.5,30.9, 20,     6,     8, 0.0000, 0.0000
M5,30/06/23,15:21:24,     4,  5975,   419, 1002.6, 300,20.2,27.9, 0.0,  0, 0.0000,     0,25.9,26.6,30.9, 20,     7,     9, 0.0000, 0.0000
M5,30/06/23,15:21:25,     4,  5976,   419, 1002.6, 300,20.2,27.9, 0.0,  0, 0.0000,     0,25.9,26.6,30.9, 25,     7,    10, 0.0000, 0.0000
M5,30/06/23,15:21:26,     4,  5977,   420, 1002.6, 300,20.2,27.9, 0.0,  0, 0.0000,     0,25.9,26.6,30.9, 25,     8,    11, 0.0000, 0.0000
M5,30/06/23,15:21:27,     4,  5978,   421, 1002.6, 300,20.2,27.9, 0.0,  0, 0.0000,     0,25.9,26.6,30.9, 25,     8,    12, 0.0000, 0.0000
M5,30/06/23,15:21:28,     4,  5979,   422, 1002.6, 300,20.3,27.9, 0.0,  0, 0.0000,     0,25.9,26.6,30.9, 25,     9,    13, 0.8892, 0.8891
M5,30/06/23,15:21:29,     4,  5980,   422, 1002.6, 300,20.3,27.9, 0.0,  0, 0.0000,     0,25.9,26.6,30.9, 25,    10,    14, 0.8775, 0.9005
M5,30/06/23,15:21:30,     4,  5981,   423, 1002.6, 300,20.3,27.9, 0.0,  0, 0.0000,     0,25.9,26.7,30.9, 25,    10,    15, 0.8371, 0.9752
M5,30/06/23,15:21:31,     4,  5982,   423, 1002.6, 300,20.3,27.9, 0.0,  0, 0.0000,     0,25.9,26.7,30.9, 25,    11,    16, 0.7962, 0.9998
M5,30/06/23,15:21:32,     4,  5983,   424, 1002.6, 300,20.3,27.9, 0.0,  0, 0.0000,     0,25.9,26.7,30.9, 25,    11,    17, 0.7794, 0.9521
M5,30/06/23,15:21:33,     4,  5984,   424, 1002.6, 300,20.4,27.9, 0.0,  0, 0.0000,     0,25.9,26.7,30.9, 25,    12,    18, 0.7636, 0.9364
M5,30/06/23,15:21:34,     4,  5985,   425, 1002.6, 300,20.4,27.9, 0.0,  0, 0.0000,     0,25.9,26.7,30.6, 25,    12,    19, 0.7231, 0.9840
M5,30/06/23,15:21:35,     4,  5986,   425, 1002.6, 300,20.4,27.9, 0.0,  0, 0.0000,     0,25.9,26.7,30.6, 25,    12,    20, 0.6883, 1.0042
M5,30/06/23,15:21:36,     4,  5987,   425, 1002.6, 300,20.4,27.9, 0.0,  0, 0.0000,     0,25.9,26.7,30.6, 25,    13,    21, 0.6560, 1.0027
M5,30/06/23,15:21:37,     4,  5988,   426, 1002.6, 300,20.4,27.9, 0.0,  0, 0.0000,     0,25.9,26.7,30.6, 25,    13,    22, 0.6373, 0.9717
M5,30/06/23,15:21:38,     4,  5989,   426, 1002.6, 300,20.4,27.9, 0.0,  0, 0.0000,     0,25.9,26.7,30.6, 25,    14,    23, 0.6227, 0.9274
M5,30/06/23,15:21:39,     4,  5990,   427, 1002.6, 300,20.4,27.9, 0.0,  0, 0.0000,     0,25.9,26.7,30.8, 25,    14,    24, 0.6128, 0.8824
M5,30/06/23,15:21:40,     4,  5991,   427, 1002.6, 300,20.5,27.9, 0.0,  0, 0.0000,     0,25.9,26.7,30.8, 25,    14,    25, 0.6034, 0.8554
M5,30/06/23,15:21:41,     4,  5992,   427, 1002.6, 300,20.5,27.9, 0.0,  0, 0.0000,     0,25.9,26.7,30.8, 25,    15,    26, 0.5918, 0.8359
M5,30/06/23,15:21:42,     4,  5993,   428, 1002.6, 300,20.5,27.9, 0.0,  0, 0.0000,     0,25.9,26.7,30.8, 25,    15,    27, 0.5818, 0.8225
M5,30/06/23,15:21:43,     4,  5994,   428, 1002.6, 300,20.5,27.9, 0.0,  0, 0.0000,     0,25.9,26.7,30.8, 25,    15,    28, 0.5706, 0.8105
M5,30/06/23,15:21:44,     4,  5995,   428, 1002.6, 300,20.6,27.9, 0.0,  0, 0.0000,     0,25.9,26.8,30.8, 25,    16,    29, 0.5638, 0.7907
M5,30/06/23,15:21:45,     4,  5996,   429, 1002.6, 300,20.6,27.9, 0.0,  0, 0.0000,     0,25.9,26.8,30.9, 25,    17,    30, 0.5611, 0.7573
M5,30/06/23,15:21:46,     4,  5997,   430, 1002.6, 300,20.6,27.9, 0.0,  0, 0.0000,     0,25.9,26.8,30.9, 25,    17,    31, 0.5608, 0.7283
M5,30/06/23,15:21:47,     4,  5998,   430, 1002.6, 300,20.6,27.9, 0.0,  0, 0.0000,     0,25.9,26.8,30.9, 25,    18,    32, 0.5623, 0.6940
M5,30/06/23,15:21:48,     4,  5999,   431, 1002.6, 300,20.6,27.9, 0.0,  0, 0.0000,     0,25.9,26.8,30.9, 25,    18,    33, 0.5639, 0.6662
M5,30/06/23,15:21:49,     4,  6000,   431, 1002.6, 300,20.7,27.9, 0.0,  0, 0.0000,     0,25.9,26.8,30.9, 25,    18,    34, 0.5641, 0.6554
M5,30/06/23,15:21:50,     4,  6001,   431, 1002.6, 300,20.7,27.9, 0.0,  0, 0.0000,     0,25.9,26.8,30.9, 25,    19,    35, 0.5616, 0.6489
M5,30/06/23,15:21:51,     4,  6002,   432, 1002.6, 300,20.7,27.9, 0.0,  0, 0.0000,     0,25.9,26.8,30.9, 25,    19,    36, 0.5623, 0.6359
M5,30/06/23,15:21:52,     4,  6003,   433, 1002.6, 300,20.7,27.9, 0.0,  0, 0.0000,     0,25.9,26.8,30.9, 25,    20,    37, 0.5625, 0.6232
M5,30/06/23,15:21:53,     4,  6004,   433, 1002.6, 300,20.8,27.9, 0.0,  0, 0.0000,     0,25.9,26.8,30.9, 25,    20,    38, 0.5623, 0.6174
M5,30/06/23,15:21:54,     4,  6005,   433, 1002.6, 300,20.8,27.9, 0.0,  0, 0.0000,     0,25.9,26.8,30.9, 25,    21,    39, 0.5606, 0.6150
M5,30/06/23,15:21:55,     4,  6006,   434, 1002.6, 300,20.8,27.9, 0.0,  0, 0.0000,     0,25.9,26.8,30.9, 25,    21,    40, 0.5594, 0.6109
M5,30/06/23,15:21:56,     4,  6007,   434, 1002.6, 300,20.8,27.9, 0.0,  0, 0.0000,     0,25.9,26.8,30.9, 25,    22,    41, 0.5598, 0.6068
M5,30/06/23,15:21:57,     4,  6008,   435, 1002.6, 300,20.8,27.9, 0.0,  0, 0.0000,     0,25.9,26.8,30.9, 25,    22,    42, 0.5584, 0.6049
M5,30/06/23,15:21:58,     4,  6009,   435, 1002.6, 300,20.9,27.9, 0.0,  0, 0.0000,     0,25.9,26.8,30.9, 25,    22,    43, 0.5580, 0.6023
M5,30/06/23,15:22:00,     4,  6010,   435, 1002.6, 300,20.9,27.9, 0.0,  0, 0.0000,     0,25.9,26.8,30.9, 25,    23,    44, 0.5565, 0.6015
M5,30/06/23,15:22:01,     4,  6011,   436, 1002.6, 300,20.9,27.9, 0.0,  0, 0.0000,     0,25.9,26.8,30.9, 25,    23,    45, 0.5560, 0.5998
M5,30/06/23,15:22:02,     4,  6012,   436, 1002.6, 300,20.9,27.9, 0.0,  0, 0.0000,     0,25.6,26.8,30.9, 25,    24,    46, 0.5544, 0.5995
M5,30/06/23,15:22:03,     4,  6013,   437, 1002.6, 300,20.9,27.9, 0.0,  0, 0.0000,     0,25.6,26.8,30.9, 25,    24,    47, 0.5533, 0.5977
M5,30/06/23,15:22:04,     4,  6014,   437, 1002.6, 300,20.9,27.9, 0.0,  0, 0.0000,     0,25.6,26.8,30.9, 25,    24,    48, 0.5525, 0.5983
M5,30/06/23,15:22:05,     4,  6015,   437, 1002.6, 300,20.9,27.9, 0.0,  0, 0.0000,     0,25.6,26.8,30.9, 25,    25,    49, 0.5507, 0.5994
M5,30/06/23,15:22:06,     4,  6016,   438, 1002.6, 300,21.0,27.9, 0.0,  0, 0.0000,     0,25.6,26.8,30.9, 25,    25,    50, 0.5492, 0.6019
M5,30/06/23,15:22:07,     4,  6017,   438, 1002.6, 301,21.0,27.9, 0.0,  0, 0.0000,     0,25.6,26.8,30.9, 25,    25,    51, 0.5469, 0.6043
M5,30/06/23,15:22:08,     4,  6018,   439, 1002.6, 300,21.0,27.9, 0.0,  0, 0.0000,     0,25.6,26.8,30.9, 25,    26,    52, 0.5461, 0.6026
M5,30/06/23,15:22:09,     4,  6019,   439, 1002.6, 300,21.0,27.9, 0.0,  0, 0.0000,     0,25.6,26.8,30.9, 25,    27,    53, 0.5459, 0.5973
M5,30/06/23,15:22:10,     4,  6020,   440, 1002.6, 300,21.0,27.9, 0.0,  0, 0.0000,     0,25.6,26.8,30.9, 25,    27,    54, 0.5460, 0.5934
M5,30/06/23,15:22:11,     4,  6021,   440, 1002.6, 300,21.0,27.9, 0.0,  0, 0.0000,     0,25.6,26.8,30.9, 25,    28,    55, 0.5459, 0.5887
M5,30/06/23,15:22:12,     4,  6022,   441, 1002.7, 300,21.0,27.9, 0.0,  0, 0.0000,     0,25.6,26.8,30.8, 25,    28,    56, 0.5454, 0.5860
M5,30/06/23,15:22:13,     4,  6023,   441, 1002.7, 300,21.1,27.9, 0.0,  0, 0.0000,     0,25.6,26.8,30.8, 25,    28,    57, 0.5451, 0.5851
M5,30/06/23,15:22:14,     4,  6024,   441, 1002.7, 300,21.1,27.9, 0.0,  0, 0.0000,     0,25.6,26.8,30.8, 25,    29,    58, 0.5445, 0.5830
M5,30/06/23,15:22:15,     4,  6025,   442, 1002.7, 300,21.1,27.9, 0.0,  0, 0.0000,     0,25.6,26.8,30.8, 25,    29,    59, 0.5446, 0.5807
M5,30/06/23,15:22:16,     4,  6026,   442, 1002.6, 300,21.1,27.9, 0.0,  0, 0.0000,     0,25.6,26.8,30.8, 25,    30,    60, 0.5440, 0.5791
R5,30/06/23,15:22:16,     4,  6026,   442, 1002.6, 300,21.1,27.9, 0.0,  0, 0.0000,     0,25.6,26.8,30.8, 25,    30,    60, 0.5440, 0.5791
End
Start
M5,30/06/23,15:23:01,     4,  6071,   424, 1002.7, 300,20.6,27.9, 0.0,  0, 0.0000,     0,25.6,26.2,30.7, 20,     0,     1, 0.0000, 0.0000
M5,30/06/23,15:23:02,     4,  6072,   425, 1002.7, 300,20.6,27.9, 0.0,  0, 0.0000,     0,25.6,26.2,30.7, 20,     0,     2, 0.0000, 0.0000
M5,30/06/23,15:23:03,     4,  6073,   426, 1002.7, 300,20.6,27.9, 0.0,  0, 0.0000,     0,25.6,26.3,30.7, 20,     1,     3, 0.0000, 0.0000
M5,30/06/23,15:23:04,     4,  6074,   427, 1002.7, 300,20.6,27.9, 0.0,  0, 0.0000,     0,25.6,26.3,30.7, 20,     2,     4, 0.0000, 0.0000
M5,30/06/23,15:23:05,     4,  6075,   427, 1002.7, 300,20.6,27.9, 0.0,  0, 0.0000,     0,25.6,26.3,30.7, 20,     3,     5, 0.0000, 0.0000
M5,30/06/23,15:23:06,     4,  6076,   428, 1002.7, 300,20.6,27.9, 0.0,  0, 0.0000,     0,25.6,26.3,30.6, 20,     4,     6, 0.0000, 0.0000
M5,30/06/23,15:23:07,     4,  6077,   428, 1002.7, 301,20.6,27.9, 0.0,  0, 0.0000,     0,25.6,26.3,30.6, 20,     4,     7, 0.0000, 0.0000
M5,30/06/23,15:23:08,     4,  6078,   429, 1002.7, 301,20.6,27.9, 0.0,  0, 0.0000,     0,25.6,26.3,30.6, 20,     5,     8, 0.0000, 0.0000
M5,30/06/23,15:23:09,     4,  6079,   430, 1002.6, 300,20.6,27.9, 0.0,  0, 0.0000,     0,25.6,26.3,30.6, 20,     5,     9, 0.0000, 0.0000
M5,30/06/23,15:23:10,     4,  6080,   430, 1002.6, 300,20.6,27.9, 0.0,  0, 0.0000,     0,25.6,26.3,30.6, 25,     6,    10, 0.0000, 0.0000
M5,30/06/23,15:23:11,     4,  6081,   431, 1002.6, 300,20.6,27.9, 0.0,  0, 0.0000,     0,25.6,26.3,30.5, 25,     6,    11, 0.0000, 0.0000
M5,30/06/23,15:23:12,     4,  6082,   431, 1002.6, 300,20.6,27.9, 0.0,  0, 0.0000,     0,25.6,26.3,30.5, 25,     7,    12, 0.0000, 0.0000
M5,30/06/23,15:23:13,     4,  6083,   432, 1002.6, 300,20.7,27.9, 0.0,  0, 0.0000,     0,25.6,26.3,30.5, 25,     7,    13, 0.6642, 0.5136
M5,30/06/23,15:23:14,     4,  6084,   432, 1002.6, 300,20.7,27.9, 0.0,  0, 0.0000,     0,25.6,26.4,30.5, 25,     8,    14, 0.7041, 0.5313
M5,30/06/23,15:23:15,     4,  6085,   433, 1002.6, 300,20.7,27.9, 0.0,  0, 0.0000,     0,25.6,26.4,30.5, 25,     8,    15, 0.6774, 0.6946
M5,30/06/23,15:23:16,     4,  6086,   433, 1002.6, 300,20.7,27.9, 0.0,  0, 0.0000,     0,25.6,26.4,30.5, 25,     9,    16, 0.6363, 0.7789
M5,30/06/23,15:23:17,     4,  6087,   433, 1002.6, 300,20.7,27.9, 0.0,  0, 0.0000,     0,25.6,26.4,30.5, 25,     9,    17, 0.5840, 0.8507
M5,30/06/23,15:23:18,     4,  6088,   434, 1002.7, 300,20.7,27.9, 0.0,  0, 0.0000,     0,25.6,26.4,30.5, 25,     9,    18, 0.5462, 0.8474
M5,30/06/23,15:23:19,     4,  6089,   434, 1002.7, 300,20.8,27.9, 0.0,  0, 0.0000,     0,25.6,26.4,30.5, 25,    10,    19, 0.5213, 0.8183
M5,30/06/23,15:23:20,     4,  6090,   434, 1002.7, 300,20.8,27.9, 0.0,  0, 0.0000,     0,25.6,26.4,30.5, 25,    10,    20, 0.5102, 0.7534
M5,30/06/23,15:23:21,     4,  6091,   435, 1002.6, 300,20.8,27.9, 0.0,  0, 0.0000,     0,25.6,26.4,30.5, 25,    11,    21, 0.5080, 0.6867
M5,30/06/23,15:23:22,     4,  6092,   435, 1002.6, 300,20.8,27.9, 0.0,  0, 0.0000,     0,25.6,26.4,30.4, 25,    11,    22, 0.5119, 0.6328
M5,30/06/23,15:23:23,     4,  6093,   436, 1002.6, 300,20.8,27.9, 0.0,  0, 0.0000,     0,25.6,26.4,30.4, 25,    11,    23, 0.5099, 0.6059
M5,30/06/23,15:23:24,     4,  6094,   436, 1002.6, 300,20.8,27.8, 0.0,  0, 0.0000,     0,25.6,26.4,30.4, 25,    12,    24, 0.5119, 0.5785
M5,30/06/23,15:23:25,     4,  6095,   437, 1002.6, 300,20.8,27.8, 0.0,  0, 0.0000,     0,25.6,26.4,30.4, 25,    13,    25, 0.5192, 0.5386
M5,30/06/23,15:23:26,     4,  6096,   437, 1002.6, 300,20.9,27.9, 0.0,  0, 0.0000,     0,25.6,26.4,30.4, 25,    13,    26, 0.5314, 0.5002
M5,30/06/23,15:23:27,     4,  6097,   438, 1002.6, 300,20.9,27.9, 0.0,  0, 0.0000,     0,25.6,26.4,30.7, 25,    14,    27, 0.5401, 0.4763
M5,30/06/23,15:23:28,     4,  6098,   438, 1002.6, 300,20.9,27.9, 0.0,  0, 0.0000,     0,25.6,26.4,30.7, 25,    14,    28, 0.5474, 0.4629
M5,30/06/23,15:23:29,     4,  6099,   439, 1002.7, 300,20.9,27.9, 0.0,  0, 0.0000,     0,25.6,26.4,30.7, 25,    15,    29, 0.5516, 0.4676
M5,30/06/23,15:23:30,     4,  6100,   439, 1002.7, 300,20.9,27.9, 0.0,  0, 0.0000,     0,25.6,26.4,30.7, 25,    15,    30, 0.5509, 0.4830
M5,30/06/23,15:23:31,     4,  6101,   439, 1002.7, 300,20.9,27.8, 0.0,  0, 0.0000,     0,25.6,26.5,30.7, 25,    15,    31, 0.5469, 0.5091
M5,30/06/23,15:23:32,     4,  6102,   439, 1002.7, 300,20.9,27.8, 0.0,  0, 0.0000,     0,25.4,26.5,30.4, 25,    15,    32, 0.5397, 0.5384
M5,30/06/23,15:23:33,     4,  6103,   440, 1002.7, 300,21.0,27.9, 0.0,  0, 0.0000,     0,25.4,26.5,30.4, 25,    15,    33, 0.5339, 0.5621
M5,30/06/23,15:23:34,     4,  6104,   440, 1002.6, 300,21.0,27.9, 0.0,  0, 0.0000,     0,25.4,26.5,30.4, 25,    16,    34, 0.5274, 0.5787
M5,30/06/23,15:23:35,     4,  6105,   440, 1002.6, 300,21.0,27.9, 0.0,  0, 0.0000,     0,25.4,26.5,30.4, 25,    16,    35, 0.5213, 0.5912
M5,30/06/23,15:23:36,     4,  6106,   441, 1002.6, 300,21.0,27.8, 0.0,  0, 0.0000,     0,25.4,26.5,30.4, 25,    16,    36, 0.5160, 0.6008
M5,30/06/23,15:23:37,     4,  6107,   441, 1002.6, 300,21.0,27.8, 0.0,  0, 0.0000,     0,25.4,26.5,30.4, 25,    17,    37, 0.5120, 0.6019
M5,30/06/23,15:23:38,     4,  6108,   442, 1002.6, 300,21.0,27.9, 0.0,  0, 0.0000,     0,25.4,26.5,30.6, 25,    17,    38, 0.5090, 0.6038
M5,30/06/23,15:23:39,     4,  6109,   442, 1002.6, 300,21.0,27.9, 0.0,  0, 0.0000,     0,25.4,26.5,30.6, 25,    18,    39, 0.5065, 0.5996
M5,30/06/23,15:23:40,     4,  6110,   443, 1002.6, 300,21.1,27.8, 0.0,  0, 0.0000,     0,25.4,26.5,30.6, 25,    18,    40, 0.5055, 0.5927
M5,30/06/23,15:23:41,     4,  6111,   443, 1002.6, 300,21.1,27.8, 0.0,  0, 0.0000,     0,25.4,26.5,30.6, 25,    19,    41, 0.5049, 0.5835
M5,30/06/23,15:23:42,     4,  6112,   443, 1002.6, 300,21.1,27.8, 0.0,  0, 0.0000,     0,25.4,26.5,30.6, 25,    19,    42, 0.5042, 0.5775
M5,30/06/23,15:23:43,     4,  6113,   444, 1002.6, 300,21.1,27.8, 0.0,  0, 0.0000,     0,25.4,26.5,30.7, 25,    19,    43, 0.5029, 0.5731
M5,30/06/23,15:23:44,     4,  6114,   444, 1002.6, 300,21.1,27.8, 0.0,  0, 0.0000,     0,25.4,26.5,30.7, 25,    20,    44, 0.5013, 0.5702
M5,30/06/23,15:23:45,     4,  6115,   445, 1002.6, 300,21.1,27.8, 0.0,  0, 0.0000,     0,25.4,26.5,30.7, 25,    20,    45, 0.5010, 0.5656
M5,30/06/23,15:23:46,     4,  6116,   445, 1002.6, 300,21.1,27.8, 0.0,  0, 0.0000,     0,25.4,26.5,30.7, 25,    21,    46, 0.4998, 0.5620
M5,30/06/23,15:23:47,     4,  6117,   445, 1002.6, 300,21.2,27.8, 0.0,  0, 0.0000,     0,25.4,26.5,30.7, 25,    21,    47, 0.4992, 0.5604
M5,30/06/23,15:23:48,     4,  6118,   446, 1002.6, 300,21.2,27.8, 0.0,  0, 0.0000,     0,25.4,26.5,30.7, 25,    21,    48, 0.4977, 0.5589
M5,30/06/23,15:23:49,     4,  6119,   446, 1002.6, 299,21.2,27.8, 0.0,  0, 0.0000,     0,25.4,26.5,30.7, 25,    22,    49, 0.4962, 0.5581
M5,30/06/23,15:23:50,     4,  6120,   447, 1002.6, 300,21.2,27.8, 0.0,  0, 0.0000,     0,25.4,26.5,30.7, 25,    22,    50, 0.4957, 0.5536
M5,30/06/23,15:23:51,     4,  6121,   447, 1002.6, 300,21.2,27.8, 0.0,  0, 0.0000,     0,25.4,26.5,30.7, 25,    23,    51, 0.4962, 0.5454
M5,30/06/23,15:23:52,     4,  6122,   448, 1002.7, 300,21.2,27.8, 0.0,  0, 0.0000,     0,25.4,26.5,30.7, 25,    23,    52, 0.4975, 0.5377
M5,30/06/23,15:23:53,     4,  6123,   448, 1002.7, 300,21.2,27.8, 0.0,  0, 0.0000,     0,25.4,26.5,30.7, 25,    24,    53, 0.4980, 0.5317
M5,30/06/23,15:23:54,     4,  6124,   449, 1002.7, 300,21.3,27.8, 0.0,  0, 0.0000,     0,25.4,26.5,30.7, 25,    24,    54, 0.4991, 0.5259
M5,30/06/23,15:23:55,     4,  6125,   449, 1002.7, 300,21.3,27.8, 0.0,  0, 0.0000,     0,25.4,26.5,30.7, 25,    25,    55, 0.5001, 0.5194
M5,30/06/23,15:23:56,     4,  6126,   449, 1002.6, 300,21.3,27.8, 0.0,  0, 0.0000,     0,25.4,26.5,30.7, 25,    25,    56, 0.5011, 0.5153
M5,30/06/23,15:23:57,     4,  6127,   450, 1002.6, 300,21.3,27.8, 0.0,  0, 0.0000,     0,25.4,26.5,30.7, 25,    25,    57, 0.5014, 0.5122
M5,30/06/23,15:23:58,     4,  6128,   450, 1002.6, 300,21.3,27.8, 0.0,  0, 0.0000,     0,25.4,26.5,30.7, 25,    26,    58, 0.5024, 0.5068
M5,30/06/23,15:23:59,     4,  6129,   451, 1002.6, 300,21.3,27.8, 0.0,  0, 0.0000,     0,25.4,26.5,30.7, 25,    27,    59, 0.5037, 0.5015
M5,30/06/23,15:24:00,     4,  6130,   451, 1002.6, 300,21.3,27.8, 0.0,  0, 0.0000,     0,25.4,26.5,30.7, 25,    27,    60, 0.5050, 0.4962
R5,30/06/23,15:24:00,     4,  6130,   451, 1002.6, 300,21.3,27.8, 0.0,  0, 0.0000,     0,25.4,26.5,30.7, 25,    27,    60, 0.5050, 0.4962
End
Start
M5,30/06/23,15:24:58,     4,  6187,   420, 1002.7, 300,20.4,27.8, 0.0,  0, 0.0000,     0,25.1,26.3,30.5, 20,     1,     1, 0.0000, 0.0000
M5,30/06/23,15:24:59,     4,  6188,   421, 1002.7, 300,20.4,27.8, 0.0,  0, 0.0000,     0,25.1,26.4,30.5, 20,     1,     2, 0.0000, 0.0000
M5,30/06/23,15:25:00,     4,  6189,   422, 1002.7, 300,20.4,27.8, 0.0,  0, 0.0000,     0,25.1,26.4,30.5, 20,     2,     3, 0.0000, 0.0000
M5,30/06/23,15:25:01,     4,  6190,   422, 1002.7, 300,20.4,27.8, 0.0,  0, 0.0000,     0,25.1,26.4,30.5, 20,     3,     4, 0.0000, 0.0000
M5,30/06/23,15:25:02,     4,  6191,   423, 1002.7, 300,20.4,27.8, 0.0,  0, 0.0000,     0,25.1,26.4,30.5, 20,     3,     5, 0.0000, 0.0000
M5,30/06/23,15:25:03,     4,  6192,   423, 1002.7, 299,20.4,27.8, 0.0,  0, 0.0000,     0,25.1,26.4,30.5, 20,     4,     6, 0.0000, 0.0000
M5,30/06/23,15:25:04,     4,  6193,   424, 1002.7, 300,20.4,27.8, 0.0,  0, 0.0000,     0,25.1,26.5,30.7, 20,     4,     7, 0.0000, 0.0000
M5,30/06/23,15:25:05,     4,  6194,   424, 1002.7, 300,20.4,27.8, 0.0,  0, 0.0000,     0,25.1,26.5,30.7, 20,     5,     8, 0.0000, 0.0000
M5,30/06/23,15:25:06,     4,  6195,   425, 1002.7, 300,20.5,27.8, 0.0,  0, 0.0000,     0,25.1,26.5,30.7, 20,     5,     9, 0.0000, 0.0000
M5,30/06/23,15:25:07,     4,  6196,   425, 1002.7, 300,20.5,27.8, 0.0,  0, 0.0000,     0,25.1,26.5,30.7, 25,     6,    10, 0.0000, 0.0000
M5,30/06/23,15:25:08,     4,  6197,   426, 1002.7, 300,20.5,27.8, 0.0,  0, 0.0000,     0,25.1,26.5,30.7, 25,     7,    11, 0.0000, 0.0000
M5,30/06/23,15:25:09,     4,  6198,   427, 1002.7, 300,20.5,27.8, 0.0,  0, 0.0000,     0,25.1,26.6,30.7, 25,     7,    12, 0.0000, 0.0000
M5,30/06/23,15:25:10,     4,  6199,   427, 1002.7, 300,20.5,27.8, 0.0,  0, 0.0000,     0,25.1,26.6,30.7, 25,     8,    13, 0.7458, 1.1954
M5,30/06/23,15:25:11,     4,  6200,   428, 1002.7, 300,20.6,27.8, 0.0,  0, 0.0000,     0,25.1,26.6,30.7, 25,     8,    14, 0.6529, 1.1075
M5,30/06/23,15:25:12,     4,  6201,   428, 1002.7, 300,20.6,27.8, 0.0,  0, 0.0000,     0,25.1,26.6,30.7, 25,     9,    15, 0.6430, 0.8793
M5,30/06/23,15:25:13,     4,  6202,   429, 1002.7, 300,20.6,27.8, 0.0,  0, 0.0000,     0,25.1,26.6,30.7, 25,     9,    16, 0.6147, 0.8328
M5,30/06/23,15:25:14,     4,  6203,   429, 1002.7, 300,20.6,27.8, 0.0,  0, 0.0000,     0,25.1,26.6,30.7, 25,     9,    17, 0.5682, 0.8535
M5,30/06/23,15:25:15,     4,  6204,   429, 1002.7, 300,20.6,27.8, 0.0,  0, 0.0000,     0,25.1,26.6,30.7, 25,     9,    18, 0.5110, 0.9016
M5,30/06/23,15:25:16,     4,  6205,   429, 1002.7, 300,20.6,27.8, 0.0,  0, 0.0000,     0,25.1,26.6,30.7, 25,     9,    19, 0.4529, 0.9234
M5,30/06/23,15:25:17,     4,  6206,   430, 1002.7, 300,20.6,27.8, 0.0,  0, 0.0000,     0,25.1,26.6,30.7, 25,    10,    20, 0.4462, 0.7905
M5,30/06/23,15:25:18,     4,  6207,   430, 1002.7, 300,20.7,27.8, 0.0,  0, 0.0000,     0,25.1,26.6,30.7, 25,    11,    21, 0.4666, 0.6382
M5,30/06/23,15:25:19,     4,  6208,   431, 1002.7, 300,20.7,27.8, 0.0,  0, 0.0000,     0,25.1,26.6,30.7, 25,    11,    22, 0.4883, 0.5234
M5,30/06/23,15:25:20,     4,  6209,   432, 1002.7, 300,20.7,27.8, 0.0,  0, 0.0000,     0,25.1,26.6,30.7, 25,    12,    23, 0.5066, 0.4613
M5,30/06/23,15:25:21,     4,  6210,   432, 1002.7, 300,20.7,27.8, 0.0,  0, 0.0000,     0,25.1,26.6,30.7, 25,    12,    24, 0.5203, 0.4267
M5,30/06/23,15:25:22,     4,  6211,   433, 1002.7, 300,20.7,27.8, 0.0,  0, 0.0000,     0,25.1,26.6,30.7, 25,    13,    25, 0.5325, 0.4117
M5,30/06/23,15:25:23,     4,  6212,   433, 1002.7, 300,20.7,27.8, 0.0,  0, 0.0000,     0,25.1,26.7,30.7, 25,    13,    26, 0.5415, 0.4063
M5,30/06/23,15:25:24,     4,  6213,   433, 1002.7, 300,20.7,27.8, 0.0,  0, 0.0000,     0,25.1,26.7,30.7, 25,    14,    27, 0.5453, 0.4190
M5,30/06/23,15:25:25,     4,  6214,   434, 1002.7, 300,20.8,27.8, 0.0,  0, 0.0000,     0,25.1,26.7,30.7, 25,    14,    28, 0.5469, 0.4407
M5,30/06/23,15:25:26,     4,  6215,   434, 1002.7, 300,20.8,27.8, 0.0,  0, 0.0000,     0,25.1,26.7,30.7, 25,    15,    29, 0.5510, 0.4447
M5,30/06/23,15:25:27,     4,  6216,   435, 1002.7, 300,20.8,27.8, 0.0,  0, 0.0000,     0,25.1,26.7,30.7, 25,    15,    30, 0.5578, 0.4416
M5,30/06/23,15:25:28,     4,  6217,   436, 1002.7, 300,20.8,27.8, 0.0,  0, 0.0000,     0,25.1,26.7,30.7, 25,    16,    31, 0.5630, 0.4419
M5,30/06/23,15:25:29,     4,  6218,   436, 1002.7, 300,20.8,27.8, 0.0,  0, 0.0000,     0,25.1,26.7,30.7, 25,    16,    32, 0.5708, 0.4385
M5,30/06/23,15:25:30,     4,  6219,   437, 1002.7, 300,20.8,27.8, 0.0,  0, 0.0000,     0,25.1,26.6,30.7, 25,    17,    33, 0.5761, 0.4393
M5,30/06/23,15:25:31,     4,  6220,   437, 1002.7, 300,20.8,27.8, 0.0,  0, 0.0000,     0,24.9,26.6,30.7, 25,    18,    34, 0.5816, 0.4393
M5,30/06/23,15:25:32,     4,  6221,   438, 1002.7, 300,20.9,27.8, 0.0,  0, 0.0000,     0,24.9,26.6,30.7, 25,    18,    35, 0.5855, 0.4495
M5,30/06/23,15:25:33,     4,  6222,   438, 1002.7, 300,20.9,27.8, 0.0,  0, 0.0000,     0,24.9,26.6,30.7, 25,    18,    36, 0.5863, 0.4642
M5,30/06/23,15:25:34,     4,  6223,   438, 1002.7, 300,20.9,27.8, 0.0,  0, 0.0000,     0,24.9,26.6,30.7, 25,    19,    37, 0.5875, 0.4769
M5,30/06/23,15:25:35,     4,  6224,   439, 1002.7, 300,20.9,27.8, 0.0,  0, 0.0000,     0,24.9,26.6,30.7, 25,    19,    38, 0.5883, 0.4872
M5,30/06/23,15:25:36,     4,  6225,   439, 1002.7, 300,21.0,27.8, 0.0,  0, 0.0000,     0,24.9,26.6,30.7, 25,    20,    39, 0.5901, 0.4971
M5,30/06/23,15:25:37,     4,  6226,   440, 1002.7, 300,21.0,27.8, 0.0,  0, 0.0000,     0,24.9,26.6,30.7, 25,    20,    40, 0.5909, 0.5043
M5,30/06/23,15:25:38,     4,  6227,   440, 1002.7, 300,21.0,27.8, 0.0,  0, 0.0000,     0,24.9,26.6,30.7, 25,    21,    41, 0.5909, 0.5151
M5,30/06/23,15:25:39,     4,  6228,   441, 1002.7, 300,21.0,27.8, 0.0,  0, 0.0000,     0,24.9,26.6,30.7, 25,    21,    42, 0.5896, 0.5273
M5,30/06/23,15:25:40,     4,  6229,   441, 1002.7, 300,21.0,27.8, 0.0,  0, 0.0000,     0,24.9,26.6,30.7, 25,    21,    43, 0.5886, 0.5366
M5,30/06/23,15:25:41,     4,  6230,   441, 1002.7, 300,21.0,27.8, 0.0,  0, 0.0000,     0,24.9,26.7,30.4, 25,    22,    44, 0.5874, 0.5478
M5,30/06/23,15:25:42,     4,  6231,   442, 1002.7, 300,21.0,27.8, 0.0,  0, 0.0000,     0,24.9,26.7,30.4, 25,    22,    45, 0.5861, 0.5557
M5,30/06/23,15:25:43,     4,  6232,   443, 1002.7, 300,21.1,27.8, 0.0,  0, 0.0000,     0,24.9,26.6,30.4, 25,    23,    46, 0.5864, 0.5590
M5,30/06/23,15:25:44,     4,  6233,   443, 1002.7, 300,21.1,27.8, 0.0,  0, 0.0000,     0,24.9,26.6,30.4, 25,    24,    47, 0.5872, 0.5579
M5,30/06/23,15:25:45,     4,  6234,   444, 1002.7, 300,21.1,27.8, 0.0,  0, 0.0000,     0,24.9,26.6,30.4, 25,    24,    48, 0.5890, 0.5546
M5,30/06/23,15:25:46,     4,  6235,   444, 1002.7, 300,21.1,27.8, 0.0,  0, 0.0000,     0,24.9,26.6,30.4, 25,    25,    49, 0.5904, 0.5519
M5,30/06/23,15:25:47,     4,  6236,   445, 1002.7, 300,21.1,27.8, 0.0,  0, 0.0000,     0,24.9,26.6,30.7, 25,    25,    50, 0.5917, 0.5500
M5,30/06/23,15:25:48,     4,  6237,   445, 1002.7, 300,21.1,27.8, 0.0,  0, 0.0000,     0,24.9,26.6,30.7, 25,    26,    51, 0.5932, 0.5490
M5,30/06/23,15:25:49,     4,  6238,   446, 1002.7, 300,21.1,27.8, 0.0,  0, 0.0000,     0,24.9,26.6,30.7, 25,    26,    52, 0.5929, 0.5529
M5,30/06/23,15:25:50,     4,  6239,   446, 1002.7, 300,21.1,27.8, 0.0,  0, 0.0000,     0,24.9,26.6,30.7, 25,    26,    53, 0.5928, 0.5590
M5,30/06/23,15:25:51,     4,  6240,   446, 1002.7, 300,21.1,27.8, 0.0,  0, 0.0000,     0,24.9,26.6,30.7, 25,    27,    54, 0.5919, 0.5643
M5,30/06/23,15:25:52,     4,  6241,   447, 1002.7, 300,21.2,27.8, 0.0,  0, 0.0000,     0,24.9,26.6,30.7, 25,    27,    55, 0.5914, 0.5687
M5,30/06/23,15:25:53,     4,  6242,   447, 1002.7, 300,21.2,27.8, 0.0,  0, 0.0000,     0,24.9,26.6,30.7, 25,    27,    56, 0.5903, 0.5739
M5,30/06/23,15:25:54,     4,  6243,   447, 1002.7, 300,21.2,27.8, 0.0,  0, 0.0000,     0,24.9,26.6,30.7, 25,    28,    57, 0.5883, 0.5817
M5,30/06/23,15:25:55,     4,  6244,   448, 1002.7, 300,21.2,27.8, 0.0,  0, 0.0000,     0,24.9,26.6,30.7, 25,    28,    58, 0.5866, 0.5899
M5,30/06/23,15:25:56,     4,  6245,   448, 1002.7, 300,21.2,27.8, 0.0,  0, 0.0000,     0,24.9,26.6,30.7, 25,    28,    59, 0.5842, 0.5976
M5,30/06/23,15:25:57,     4,  6246,   448, 1002.7, 300,21.2,27.8, 0.0,  0, 0.0000,     0,24.9,26.6,30.7, 25,    28,    60, 0.5814, 0.6069
R5,30/06/23,15:25:57,     4,  6246,   448, 1002.7, 300,21.2,27.8, 0.0,  0, 0.0000,     0,24.9,26.6,30.7, 25,    28,    60, 0.5814, 0.6069
End
Start
M5,30/06/23,15:31:20,     5,  6567,   413, 1002.6, 300,19.9,27.5, 0.0,  0, 0.0000,     0,23.7,25.2,15.2, 20,     0,     1, 0.0000, 0.0000
M5,30/06/23,15:31:21,     5,  6568,   413, 1002.6, 300,19.9,27.5, 0.0,  0, 0.0000,     0,23.7,25.2,15.2, 20,     1,     2, 0.0000, 0.0000
M5,30/06/23,15:31:22,     5,  6569,   414, 1002.6, 300,19.9,27.5, 0.0,  0, 0.0000,     0,23.7,25.2,15.2, 20,     2,     3, 0.0000, 0.0000
M5,30/06/23,15:31:23,     5,  6570,   415, 1002.6, 300,20.0,27.5, 0.0,  0, 0.0000,     0,23.7,25.2,15.2, 20,     2,     4, 0.0000, 0.0000
M5,30/06/23,15:31:24,     5,  6571,   415, 1002.6, 300,20.0,27.5, 0.0,  0, 0.0000,     0,23.7,25.2,15.2, 20,     3,     5, 0.0000, 0.0000
M5,30/06/23,15:31:25,     5,  6572,   416, 1002.6, 300,20.0,27.5, 0.0,  0, 0.0000,     0,23.7,25.2,15.2, 20,     4,     6, 0.0000, 0.0000
M5,30/06/23,15:31:26,     5,  6573,   417, 1002.6, 300,20.0,27.5, 0.0,  0, 0.0000,     0,23.7,25.2,15.2, 20,     5,     7, 0.0000, 0.0000
M5,30/06/23,15:31:27,     5,  6574,   418, 1002.6, 300,20.0,27.5, 0.0,  0, 0.0000,     0,23.7,25.2,15.2, 20,     6,     8, 0.0000, 0.0000
M5,30/06/23,15:31:28,     5,  6575,   419, 1002.6, 300,20.0,27.5, 0.0,  0, 0.0000,     0,23.7,25.2,15.2, 20,     6,     9, 0.0000, 0.0000
M5,30/06/23,15:31:29,     5,  6576,   419, 1002.6, 300,20.0,27.5, 0.0,  0, 0.0000,     0,23.7,25.2,15.2, 25,     7,    10, 0.0000, 0.0000
M5,30/06/23,15:31:30,     5,  6577,   420, 1002.6, 300,20.1,27.5, 0.0,  0, 0.0000,     0,23.7,25.2,15.2, 25,     8,    11, 0.0000, 0.0000
M5,30/06/23,15:31:31,     5,  6578,   421, 1002.6, 300,20.1,27.5, 0.0,  0, 0.0000,     0,23.7,25.3,15.2, 25,     8,    12, 0.0000, 0.0000
M5,30/06/23,15:31:32,     5,  6579,   421, 1002.6, 300,20.1,27.5, 0.0,  0, 0.0000,     0,23.7,25.3,15.2, 25,     9,    13, 0.8674, 0.8655
M5,30/06/23,15:31:33,     5,  6580,   422, 1002.6, 300,20.1,27.5, 0.0,  0, 0.0000,     0,23.7,25.3,15.2, 25,    10,    14, 0.8781, 0.8314
M5,30/06/23,15:31:34,     5,  6581,   423, 1002.6, 300,20.1,27.5, 0.0,  0, 0.0000,     0,23.7,25.3,15.2, 25,    10,    15, 0.8664, 0.8710
M5,30/06/23,15:31:35,     5,  6582,   424, 1002.6, 300,20.2,27.5, 0.0,  0, 0.0000,     0,23.7,25.3,15.2, 25,    11,    16, 0.8777, 0.8515
M5,30/06/23,15:31:36,     5,  6583,   424, 1002.6, 300,20.2,27.5, 0.0,  0, 0.0000,     0,23.7,25.3,15.2, 25,    12,    17, 0.8877, 0.8297
M5,30/06/23,15:31:37,     5,  6584,   425, 1002.6, 300,20.3,27.5, 0.0,  0, 0.0000,     0,23.7,25.3,15.2, 25,    13,    18, 0.8884, 0.8596
M5,30/06/23,15:31:38,     5,  6585,   426, 1002.6, 300,20.3,27.5, 0.0,  0, 0.0000,     0,23.7,25.3,15.2, 25,    13,    19, 0.8801, 0.8857
M5,30/06/23,15:31:39,     5,  6586,   426, 1002.6, 300,20.3,27.5, 0.0,  0, 0.0000,     0,23.7,25.3,15.2, 25,    14,    20, 0.8732, 0.9071
M5,30/06/23,15:31:40,     5,  6587,   427, 1002.6, 300,20.3,27.5, 0.0,  0, 0.0000,     0,23.7,25.3,15.2, 25,    15,    21, 0.8714, 0.8968
M5,30/06/23,15:31:41,     5,  6588,   428, 1002.6, 300,20.3,27.5, 0.0,  0, 0.0000,     0,23.7,25.3,15.2, 25,    16,    22, 0.8673, 0.8977
M5,30/06/23,15:31:42,     5,  6589,   429, 1002.6, 300,20.4,27.5, 0.0,  0, 0.0000,     0,23.7,25.3,15.2, 25,    16,    23, 0.8704, 0.8876
M5,30/06/23,15:31:43,     5,  6590,   430, 1002.6, 301,20.4,27.5, 0.0,  0, 0.0000,     0,23.7,25.3,15.2, 25,    17,    24, 0.8730, 0.8711
M5,30/06/23,15:31:44,     5,  6591,   430, 1002.6, 301,20.4,27.5, 0.0,  0, 0.0000,     0,23.7,25.3,15.2, 25,    18,    25, 0.8790, 0.8572
M5,30/06/23,15:31:45,     5,  6592,   431, 1002.6, 300,20.4,27.5, 0.0,  0, 0.0000,     0,23.7,25.4,15.2, 25,    19,    26, 0.8834, 0.8437
M5,30/06/23,15:31:46,     5,  6593,   432, 1002.6, 300,20.5,27.5, 0.0,  0, 0.0000,     0,23.7,25.4,15.2, 25,    19,    27, 0.8872, 0.8466
M5,30/06/23,15:31:47,     5,  6594,   432, 1002.6, 300,20.5,27.5, 0.0,  0, 0.0000,     0,23.7,25.4,15.2, 25,    20,    28, 0.8833, 0.8637
M5,30/06/23,15:31:48,     5,  6595,   433, 1002.6, 300,20.6,27.5, 0.0,  0, 0.0000,     0,23.7,25.4,15.2, 25,    21,    29, 0.8799, 0.8792
M5,30/06/23,15:31:49,     5,  6596,   434, 1002.6, 300,20.6,27.5, 0.0,  0, 0.0000,     0,23.7,25.4,15.2, 25,    21,    30, 0.8753, 0.8912
M5,30/06/23,15:31:50,     5,  6597,   434, 1002.6, 300,20.6,27.5, 0.0,  0, 0.0000,     0,23.7,25.4,15.2, 25,    22,    31, 0.8685, 0.9086
M5,30/06/23,15:31:51,     5,  6598,   435, 1002.6, 300,20.6,27.5, 0.0,  0, 0.0000,     0,23.7,25.4,15.2, 25,    22,    32, 0.8638, 0.9217
M5,30/06/23,15:31:52,     5,  6599,   436, 1002.6, 300,20.6,27.5, 0.0,  0, 0.0000,     0,23.7,25.4,15.2, 25,    23,    33, 0.8602, 0.9224
M5,30/06/23,15:31:53,     5,  6600,   436, 1002.6, 300,20.7,27.5, 0.0,  0, 0.0000,     0,23.7,25.4,15.2, 25,    24,    34, 0.8565, 0.9288
M5,30/06/23,15:31:54,     5,  6601,   437, 1002.6, 300,20.7,27.5, 0.0,  0, 0.0000,     0,23.7,25.4,15.2, 25,    24,    35, 0.8520, 0.9316
M5,30/06/23,15:31:55,     5,  6602,   438, 1002.6, 300,20.8,27.5, 0.0,  0, 0.0000,     0,23.7,25.4,15.2, 25,    25,    36, 0.8510, 0.9289
M5,30/06/23,15:31:56,     5,  6603,   439, 1002.6, 300,20.8,27.5, 0.0,  0, 0.0000,     0,23.7,25.4,15.2, 25,    26,    37, 0.8528, 0.9100
M5,30/06/23,15:31:57,     5,  6604,   439, 1002.6, 300,20.8,27.5, 0.0,  0, 0.0000,     0,23.7,25.4,15.2, 25,    27,    38, 0.8537, 0.8972
M5,30/06/23,15:31:58,     5,  6605,   440, 1002.6, 300,20.8,27.5, 0.0,  0, 0.0000,     0,23.7,25.4,15.2, 25,    28,    39, 0.8559, 0.8844
M5,30/06/23,15:31:59,     5,  6606,   441, 1002.6, 300,20.8,27.5, 0.0,  0, 0.0000,     0,23.7,25.4,15.2, 25,    29,    40, 0.8580, 0.8715
M5,30/06/23,15:32:00,     5,  6607,   442, 1002.6, 300,20.8,27.5, 0.0,  0, 0.0000,     0,23.7,25.4,15.2, 25,    29,    41, 0.8603, 0.8643
M5,30/06/23,15:32:01,     5,  6608,   442, 1002.6, 300,20.8,27.5, 0.0,  0, 0.0000,     0,23.7,25.4,15.2, 25,    30,    42, 0.8609, 0.8595
M5,30/06/23,15:32:02,     5,  6609,   443, 1002.6, 300,20.9,27.5, 0.0,  0, 0.0000,     0,23.7,25.4,15.2, 25,    31,    43, 0.8626, 0.8542
M5,30/06/23,15:32:03,     5,  6610,   444, 1002.6, 300,20.9,27.5, 0.0,  0, 0.0000,     0,23.7,25.4,15.2, 25,    32,    44, 0.8633, 0.8512
M5,30/06/23,15:32:04,     5,  6611,   445, 1002.6, 300,20.9,27.5, 0.0,  0, 0.0000,     0,23.7,25.4,15.2, 25,    32,    45, 0.8635, 0.8501
M5,30/06/23,15:32:05,     5,  6612,   445, 1002.6, 300,21.0,27.5, 0.0,  0, 0.0000,     0,23.7,25.4,15.2, 25,    33,    46, 0.8643, 0.8516
M5,30/06/23,15:32:06,     5,  6613,   446, 1002.6, 300,21.0,27.5, 0.0,  0, 0.0000,     0,23.7,25.4,15.2, 25,    34,    47, 0.8639, 0.8529
M5,30/06/23,15:32:07,     5,  6614,   447, 1002.6, 300,21.0,27.5, 0.0,  0, 0.0000,     0,23.5,25.4,15.2, 25,    34,    48, 0.8636, 0.8554
M5,30/06/23,15:32:08,     5,  6615,   447, 1002.6, 300,21.0,27.5, 0.0,  0, 0.0000,     0,23.5,25.4,15.2, 25,    35,    49, 0.8635, 0.8553
M5,30/06/23,15:32:09,     5,  6616,   449, 1002.6, 300,21.0,27.5, 0.0,  0, 0.0000,     0,23.5,25.4,15.2, 25,    36,    50, 0.8650, 0.8515
M5,30/06/23,15:32:10,     5,  6617,   449, 1002.6, 300,21.0,27.5, 0.0,  0, 0.0000,     0,23.5,25.4,15.2, 25,    37,    51, 0.8662, 0.8467
M5,30/06/23,15:32:11,     5,  6618,   450, 1002.6, 301,21.1,27.5, 0.0,  0, 0.0000,     0,23.5,25.4,15.2, 25,    38,    52, 0.8684, 0.8425
M5,30/06/23,15:32:12,     5,  6619,   451, 1002.6, 300,21.1,27.5, 0.0,  0, 0.0000,     0,23.5,25.4,15.2, 25,    38,    53, 0.8689, 0.8419
M5,30/06/23,15:32:13,     5,  6620,   451, 1002.6, 300,21.1,27.5, 0.0,  0, 0.0000,     0,23.5,25.4,15.2, 25,    39,    54, 0.8692, 0.8416
M5,30/06/23,15:32:14,     5,  6621,   452, 1002.6, 300,21.1,27.5, 0.0,  0, 0.0000,     0,23.5,25.4,15.2, 25,    40,    55, 0.8692, 0.8447
M5,30/06/23,15:32:15,     5,  6622,   453, 1002.6, 300,21.1,27.5, 0.0,  0, 0.0000,     0,23.5,25.4,15.2, 25,    40,    56, 0.8686, 0.8477
M5,30/06/23,15:32:16,     5,  6623,   453, 1002.6, 300,21.2,27.5, 0.0,  0, 0.0000,     0,23.5,25.4,15.2, 25,    41,    57, 0.8679, 0.8530
M5,30/06/23,15:32:17,     5,  6624,   454, 1002.6, 300,21.2,27.5, 0.0,  0, 0.0000,     0,23.5,25.4,15.2, 25,    42,    58, 0.8671, 0.8558
M5,30/06/23,15:32:18,     5,  6625,   455, 1002.6, 300,21.2,27.5, 0.0,  0, 0.0000,     0,23.5,25.4,15.2, 25,    42,    59, 0.8667, 0.8591
M5,30/06/23,15:32:19,     5,  6626,   455, 1002.6, 300,21.2,27.5, 0.0,  0, 0.0000,     0,23.5,25.4,15.2, 25,    43,    60, 0.8657, 0.8618
R5,30/06/23,15:32:19,     5,  6626,   455, 1002.6, 300,21.2,27.5, 0.0,  0, 0.0000,     0,23.5,25.4,15.2, 25,    43,    60, 0.8657, 0.8618
End
Start
M5,30/06/23,15:33:03,     5,  6670,   416, 1002.6, 300,20.0,27.4, 0.0,  0, 0.0000,     0,23.5,25.1,15.2, 20,     1,     1, 0.0000, 0.0000
M5,30/06/23,15:33:04,     5,  6671,   417, 1002.6, 300,20.0,27.4, 0.0,  0, 0.0000,     0,23.5,25.1,15.2, 20,     2,     2, 0.0000, 0.0000
M5,30/06/23,15:33:05,     5,  6672,   418, 1002.6, 300,20.0,27.4, 0.0,  0, 0.0000,     0,23.5,25.1,15.2, 20,     3,     3, 0.0000, 0.0000
M5,30/06/23,15:33:06,     5,  6673,   418, 1002.6, 300,20.0,27.4, 0.0,  0, 0.0000,     0,23.3,25.1,15.3, 20,     3,     4, 0.0000, 0.0000
M5,30/06/23,15:33:07,     5,  6674,   419, 1002.6, 300,20.0,27.4, 0.0,  0, 0.0000,     0,23.3,25.1,15.3, 20,     4,     5, 0.0000, 0.0000
M5,30/06/23,15:33:08,     5,  6675,   420, 1002.6, 300,20.0,27.4, 0.0,  0, 0.0000,     0,23.3,25.1,15.3, 20,     5,     6, 0.0000, 0.0000
M5,30/06/23,15:33:09,     5,  6676,   420, 1002.6, 301,20.1,27.4, 0.0,  0, 0.0000,     0,23.3,25.1,15.3, 20,     5,     7, 0.0000, 0.0000
M5,30/06/23,15:33:10,     5,  6677,   421, 1002.6, 300,20.1,27.4, 0.0,  0, 0.0000,     0,23.3,25.1,15.3, 20,     6,     8, 0.0000, 0.0000
M5,30/06/23,15:33:11,     5,  6678,   422, 1002.6, 300,20.1,27.4, 0.0,  0, 0.0000,     0,23.3,25.1,15.2, 20,     7,     9, 0.0000, 0.0000
M5,30/06/23,15:33:12,     5,  6679,   423, 1002.6, 300,20.1,27.4, 0.0,  0, 0.0000,     0,23.3,25.1,15.2, 25,     8,    10, 0.0000, 0.0000
M5,30/06/23,15:33:13,     5,  6680,   423, 1002.6, 300,20.1,27.4, 0.0,  0, 0.0000,     0,23.3,25.1,15.2, 25,     9,    11, 0.0000, 0.0000
M5,30/06/23,15:33:14,     5,  6681,   424, 1002.6, 300,20.2,27.4, 0.0,  0, 0.0000,     0,23.3,25.1,15.2, 25,     9,    12, 0.0000, 0.0000
M5,30/06/23,15:33:15,     5,  6682,   425, 1002.6, 300,20.2,27.4, 0.0,  0, 0.0000,     0,23.3,25.1,15.2, 25,    10,    13, 0.9827, 1.0027
M5,30/06/23,15:33:17,     5,  6683,   426, 1002.6, 300,20.2,27.4, 0.0,  0, 0.0000,     0,23.3,25.1,15.2, 25,    11,    14, 0.9448, 1.0702
M5,30/06/23,15:33:18,     5,  6684,   426, 1002.6, 300,20.2,27.4, 0.0,  0, 0.0000,     0,23.3,25.1,15.2, 25,    11,    15, 0.9078, 1.0742
M5,30/06/23,15:33:19,     5,  6685,   427, 1002.6, 300,20.3,27.4, 0.0,  0, 0.0000,     0,23.3,25.1,15.2, 25,    12,    16, 0.8865, 1.0564
M5,30/06/23,15:33:20,     5,  6686,   428, 1002.6, 300,20.3,27.4, 0.0,  0, 0.0000,     0,23.3,25.1,15.2, 25,    13,    17, 0.8662, 1.0297
M5,30/06/23,15:33:21,     5,  6687,   429, 1002.6, 300,20.3,27.4, 0.0,  0, 0.0000,     0,23.3,25.1,15.2, 25,    14,    18, 0.8673, 0.9731
M5,30/06/23,15:33:22,     5,  6688,   429, 1002.6, 300,20.3,27.4, 0.0,  0, 0.0000,     0,23.3,25.1,15.2, 25,    14,    19, 0.8609, 0.9486
M5,30/06/23,15:33:23,     5,  6689,   430, 1002.6, 300,20.3,27.4, 0.0,  0, 0.0000,     0,23.3,25.1,15.2, 25,    15,    20, 0.8543, 0.9351
M5,30/06/23,15:33:24,     5,  6690,   431, 1002.6, 300,20.4,27.4, 0.0,  0, 0.0000,     0,23.3,25.1,15.2, 25,    16,    21, 0.8507, 0.9305
M5,30/06/23,15:33:25,     5,  6691,   431, 1002.6, 300,20.4,27.4, 0.0,  0, 0.0000,     0,23.3,25.1,15.2, 25,    16,    22, 0.8445, 0.9229
M5,30/06/23,15:33:26,     5,  6692,   432, 1002.6, 300,20.5,27.4, 0.0,  0, 0.0000,     0,23.3,25.1,15.2, 25,    17,    23, 0.8470, 0.9024
M5,30/06/23,15:33:27,     5,  6693,   433, 1002.6, 300,20.5,27.4, 0.0,  0, 0.0000,     0,23.3,25.1,15.2, 25,    18,    24, 0.8500, 0.8759
M5,30/06/23,15:33:28,     5,  6694,   433, 1002.6, 300,20.5,27.4, 0.0,  0, 0.0000,     0,23.3,25.1,15.2, 25,    18,    25, 0.8477, 0.8801
M5,30/06/23,15:33:29,     5,  6695,   434, 1002.6, 300,20.5,27.4, 0.0,  0, 0.0000,     0,23.3,25.2,15.2, 25,    19,    26, 0.8398, 0.8947
M5,30/06/23,15:33:30,     5,  6696,   434, 1002.6, 299,20.5,27.4, 0.0,  0, 0.0000,     0,23.3,25.2,15.2, 25,    19,    27, 0.8299, 0.9125
M5,30/06/23,15:33:31,     5,  6697,   435, 1002.6, 300,20.6,27.4, 0.0,  0, 0.0000,     0,23.3,25.2,15.2, 25,    20,    28, 0.8244, 0.9219
M5,30/06/23,15:33:32,     5,  6698,   436, 1002.6, 300,20.6,27.4, 0.0,  0, 0.0000,     0,23.3,25.2,15.2, 25,    21,    29, 0.8180, 0.9221
M5,30/06/23,15:33:33,     5,  6699,   436, 1002.6, 300,20.6,27.4, 0.0,  0, 0.0000,     0,23.3,25.2,15.2, 25,    21,    30, 0.8140, 0.9195
M5,30/06/23,15:33:34,     5,  6700,   437, 1002.6, 299,20.6,27.4, 0.0,  0, 0.0000,     0,23.3,25.1,15.2, 25,    22,    31, 0.8103, 0.9116
M5,30/06/23,15:33:35,     5,  6701,   438, 1002.6, 300,20.7,27.4, 0.0,  0, 0.0000,     0,23.3,25.1,15.2, 25,    23,    32, 0.8085, 0.9047
M5,30/06/23,15:33:36,     5,  6702,   438, 1002.6, 300,20.7,27.4, 0.0,  0, 0.0000,     0,23.3,25.1,15.2, 25,    23,    33, 0.8057, 0.8968
M5,30/06/23,15:33:37,     5,  6703,   439, 1002.6, 300,20.7,27.4, 0.0,  0, 0.0000,     0,23.3,25.1,15.2, 25,    24,    34, 0.8069, 0.8766
M5,30/06/23,15:33:38,     5,  6704,   441, 1002.6, 300,20.8,27.4, 0.0,  0, 0.0000,     0,23.3,25.1,15.2, 25,    26,    35, 0.8139, 0.8456
M5,30/06/23,15:33:39,     5,  6705,   441, 1002.6, 300,20.8,27.4, 0.0,  0, 0.0000,     0,23.3,25.1,15.2, 25,    26,    36, 0.8198, 0.8184
M5,30/06/23,15:33:40,     5,  6706,   442, 1002.6, 300,20.8,27.4, 0.0,  0, 0.0000,     0,23.3,25.2,15.2, 25,    27,    37, 0.8254, 0.8020
M5,30/06/23,15:33:41,     5,  6707,   443, 1002.6, 299,20.8,27.4, 0.0,  0, 0.0000,     0,23.3,25.1,15.2, 25,    28,    38, 0.8287, 0.7913
M5,30/06/23,15:33:42,     5,  6708,   443, 1002.6, 299,20.9,27.4, 0.0,  0, 0.0000,     0,23.3,25.1,15.2, 25,    28,    39, 0.8309, 0.7910
M5,30/06/23,15:33:43,     5,  6709,   444, 1002.6, 301,20.9,27.4, 0.0,  0, 0.0000,     0,23.3,25.1,15.2, 25,    29,    40, 0.8328, 0.7873
M5,30/06/23,15:33:44,     5,  6710,   445, 1002.6, 301,20.9,27.4, 0.0,  0, 0.0000,     0,23.3,25.1,15.2, 25,    30,    41, 0.8348, 0.7871
M5,30/06/23,15:33:45,     5,  6711,   445, 1002.6, 300,20.9,27.4, 0.0,  0, 0.0000,     0,23.3,25.1,15.2, 25,    30,    42, 0.8356, 0.7879
M5,30/06/23,15:33:46,     5,  6712,   446, 1002.6, 300,20.9,27.4, 0.0,  0, 0.0000,     0,23.3,25.1,15.2, 25,    31,    43, 0.8360, 0.7899
M5,30/06/23,15:33:47,     5,  6713,   447, 1002.6, 300,21.0,27.4, 0.0,  0, 0.0000,     0,23.3,25.1,15.2, 25,    32,    44, 0.8359, 0.7969
M5,30/06/23,15:33:48,     5,  6714,   447, 1002.6, 300,21.0,27.4, 0.0,  0, 0.0000,     0,23.3,25.1,15.2, 25,    32,    45, 0.8360, 0.7994
M5,30/06/23,15:33:49,     5,  6715,   448, 1002.6, 300,21.0,27.4, 0.0,  0, 0.0000,     0,23.3,25.1,15.2, 25,    33,    46, 0.8371, 0.7996
M5,30/06/23,15:33:50,     5,  6716,   449, 1002.6, 300,21.0,27.4, 0.0,  0, 0.0000,     0,23.3,25.1,15.2, 25,    34,    47, 0.8375, 0.8004
M5,30/06/23,15:33:51,     5,  6717,   449, 1002.6, 300,21.1,27.4, 0.0,  0, 0.0000,     0,23.3,25.1,15.2, 25,    34,    48, 0.8377, 0.8056
M5,30/06/23,15:33:52,     5,  6718,   450, 1002.6, 300,21.1,27.4, 0.0,  0, 0.0000,     0,23.3,25.1,15.2, 25,    35,    49, 0.8378, 0.8071
M5,30/06/23,15:33:53,     5,  6719,   451, 1002.6, 299,21.1,27.4, 0.0,  0, 0.0000,     0,23.3,25.1,15.2, 25,    36,    50, 0.8376, 0.8090
M5,30/06/23,15:33:54,     5,  6720,   452, 1002.6, 300,21.1,27.3, 0.0,  0, 0.0000,     0,23.3,25.1,15.2, 25,    37,    51, 0.8379, 0.8107
M5,30/06/23,15:33:55,     5,  6721,   452, 1002.6, 300,21.1,27.3, 0.0,  0, 0.0000,     0,23.3,25.1,15.2, 25,    38,    52, 0.8384, 0.8102
M5,30/06/23,15:33:56,     5,  6722,   453, 1002.6, 300,21.1,27.4, 0.0,  0, 0.0000,     0,23.3,25.1,15.2, 25,    38,    53, 0.8400, 0.8090
M5,30/06/23,15:33:57,     5,  6723,   454, 1002.6, 300,21.1,27.4, 0.0,  0, 0.0000,     0,23.3,25.1,15.2, 25,    39,    54, 0.8411, 0.8060
M5,30/06/23,15:33:58,     5,  6724,   455, 1002.6, 300,21.2,27.4, 0.0,  0, 0.0000,     0,23.3,25.1,15.2, 25,    40,    55, 0.8420, 0.8070
M5,30/06/23,15:33:59,     5,  6725,   455, 1002.6, 300,21.2,27.4, 0.0,  0, 0.0000,     0,23.3,25.1,15.2, 25,    40,    56, 0.8406, 0.8138
M5,30/06/23,15:34:00,     5,  6726,   455, 1002.6, 300,21.2,27.4, 0.0,  0, 0.0000,     0,23.3,25.1,15.2, 25,    40,    57, 0.8382, 0.8235
M5,30/06/23,15:34:01,     5,  6727,   456, 1002.6, 300,21.2,27.3, 0.0,  0, 0.0000,     0,23.3,25.1,15.2, 25,    41,    58, 0.8366, 0.8299
M5,30/06/23,15:34:02,     5,  6728,   457, 1002.6, 300,21.2,27.3, 0.0,  0, 0.0000,     0,23.3,25.1,15.2, 25,    42,    59, 0.8355, 0.8336
M5,30/06/23,15:34:03,     5,  6729,   458, 1002.6, 300,21.2,27.3, 0.0,  0, 0.0000,     0,23.3,25.1,15.2, 25,    43,    60, 0.8354, 0.8356
R5,30/06/23,15:34:03,     5,  6729,   458, 1002.6, 300,21.2,27.3, 0.0,  0, 0.0000,     0,23.3,25.1,15.2, 25,    43,    60, 0.8354, 0.8356
End
Start
M5,30/06/23,15:35:05,     5,  6791,   417, 1002.5, 300,20.1,27.3, 0.0,  0, 0.0000,     0,23.0,24.7,15.2, 20,     1,     1, 0.0000, 0.0000
M5,30/06/23,15:35:06,     5,  6792,   419, 1002.5, 300,20.1,27.3, 0.0,  0, 0.0000,     0,23.0,24.7,15.2, 20,     3,     2, 0.0000, 0.0000
M5,30/06/23,15:35:07,     5,  6793,   419, 1002.5, 300,20.1,27.3, 0.0,  0, 0.0000,     0,23.0,24.7,15.2, 20,     4,     3, 0.0000, 0.0000
M5,30/06/23,15:35:08,     5,  6794,   420, 1002.6, 300,20.1,27.3, 0.0,  0, 0.0000,     0,23.0,24.7,15.2, 20,     5,     4, 0.0000, 0.0000
M5,30/06/23,15:35:09,     5,  6795,   421, 1002.6, 300,20.1,27.3, 0.0,  0, 0.0000,     0,23.0,24.7,15.2, 20,     6,     5, 0.0000, 0.0000
M5,30/06/23,15:35:10,     5,  6796,   422, 1002.6, 300,20.2,27.3, 0.0,  0, 0.0000,     0,23.0,24.7,15.2, 20,     7,     6, 0.0000, 0.0000
M5,30/06/23,15:35:11,     5,  6797,   423, 1002.6, 300,20.2,27.3, 0.0,  0, 0.0000,     0,23.0,24.7,15.2, 20,     8,     7, 0.0000, 0.0000
M5,30/06/23,15:35:12,     5,  6798,   424, 1002.6, 300,20.2,27.3, 0.0,  0, 0.0000,     0,23.0,24.7,15.2, 20,     8,     8, 0.0000, 0.0000
M5,30/06/23,15:35:13,     5,  6799,   424, 1002.6, 301,20.2,27.3, 0.0,  0, 0.0000,     0,23.0,24.8,15.2, 20,     8,     9, 0.0000, 0.0000
M5,30/06/23,15:35:14,     5,  6800,   425, 1002.6, 300,20.3,27.3, 0.0,  0, 0.0000,     0,23.0,24.8,15.2, 25,     9,    10, 0.0000, 0.0000
M5,30/06/23,15:35:15,     5,  6801,   425, 1002.6, 301,20.3,27.3, 0.0,  0, 0.0000,     0,23.0,24.8,15.1, 25,    10,    11, 0.0000, 0.0000
M5,30/06/23,15:35:16,     5,  6802,   426, 1002.6, 300,20.3,27.3, 0.0,  0, 0.0000,     0,23.0,24.8,15.1, 25,    10,    12, 0.0000, 0.0000
M5,30/06/23,15:35:17,     5,  6803,   427, 1002.6, 300,20.3,27.3, 0.0, 21, 0.0000,     0,23.0,24.8,15.1, 25,    11,    13, 0.8432, 0.4074
M5,30/06/23,15:35:18,     5,  6804,   428, 1002.6, 300,20.3,27.3, 0.0, 21, 0.0000,     0,23.0,24.8,15.1, 25,    12,    14, 0.9396, 0.4899
M5,30/06/23,15:35:19,     5,  6805,   429, 1002.6, 300,20.4,27.3, 0.0, 21, 0.0000,     0,23.0,24.8,15.1, 25,    13,    15, 1.0052, 0.6023
M5,30/06/23,15:35:20,     5,  6806,   430, 1002.5, 300,20.4,27.3, 0.0,  0, 0.0000,     0,23.0,24.8,15.1, 25,    14,    16, 1.0238, 0.7396
M5,30/06/23,15:35:21,     5,  6807,   430, 1002.5, 300,20.4,27.3, 0.0,  0, 0.0000,     0,23.0,24.8,15.1, 25,    14,    17, 0.9974, 0.9270
M5,30/06/23,15:35:22,     5,  6808,   431, 1002.5, 300,20.4,27.3, 0.0,  0, 0.0000,     0,23.0,24.8,15.1, 25,    15,    18, 0.9693, 1.0224
M5,30/06/23,15:35:23,     5,  6809,   432, 1002.5, 300,20.5,27.3, 0.0,  0, 0.0000,     0,23.0,24.8,15.1, 25,    16,    19, 0.9499, 1.0705
M5,30/06/23,15:35:24,     5,  6810,   432, 1002.5, 300,20.5,27.3, 0.0,  0, 0.0000,     0,23.0,24.8,15.1, 25,    17,    20, 0.9376, 1.0619
M5,30/06/23,15:35:25,     5,  6811,   433, 1002.5, 300,20.5,27.3, 0.0,  0, 0.0000,     0,23.0,24.8,15.1, 25,    17,    21, 0.9245, 1.0594
M5,30/06/23,15:35:26,     5,  6812,   434, 1002.5, 300,20.6,27.3, 0.0,  0, 0.0000,     0,23.0,24.8,15.1, 25,    18,    22, 0.9218, 1.0410
M5,30/06/23,15:35:27,     5,  6813,   434, 1002.5, 300,20.6,27.3, 0.0,  0, 0.0000,     0,23.0,24.9,15.1, 25,    19,    23, 0.9082, 1.0480
M5,30/06/23,15:35:28,     5,  6814,   435, 1002.5, 300,20.6,27.3, 0.0,  0, 0.0000,     0,23.0,24.9,15.1, 25,    19,    24, 0.9020, 1.0352
M5,30/06/23,15:35:29,     5,  6815,   436, 1002.5, 300,20.6,27.3, 0.0,  0, 0.0000,     0,23.0,24.9,15.1, 25,    20,    25, 0.8943, 1.0256
M5,30/06/23,15:35:30,     5,  6816,   436, 1002.5, 300,20.7,27.3, 0.0,  0, 0.0000,     0,23.0,24.9,15.1, 25,    21,    26, 0.8888, 1.0200
M5,30/06/23,15:35:31,     5,  6817,   437, 1002.5, 300,20.7,27.3, 0.0,  0, 0.0000,     0,23.0,24.9,15.1, 25,    21,    27, 0.8816, 1.0132
M5,30/06/23,15:35:32,     5,  6818,   438, 1002.5, 300,20.7,27.3, 0.0,  0, 0.0000,     0,23.0,24.9,15.1, 25,    22,    28, 0.8750, 1.0067
M5,30/06/23,15:35:33,     5,  6819,   438, 1002.5, 300,20.7,27.3, 0.0,  0, 0.0000,     0,23.0,24.9,15.1, 25,    23,    29, 0.8705, 1.0016
M5,30/06/23,15:35:34,     5,  6820,   439, 1002.5, 300,20.7,27.3, 0.0,  0, 0.0000,     0,23.0,24.9,15.1, 25,    23,    30, 0.8630, 1.0005
M5,30/06/23,15:35:35,     5,  6821,   440, 1002.5, 300,20.8,27.3, 0.0,  0, 0.0000,     0,23.0,24.9,15.1, 25,    24,    31, 0.8603, 0.9903
M5,30/06/23,15:35:36,     5,  6822,   441, 1002.5, 300,20.8,27.3, 0.0,  0, 0.0000,     0,23.0,24.9,15.1, 25,    25,    32, 0.8584, 0.9731
M5,30/06/23,15:35:37,     5,  6823,   441, 1002.5, 300,20.9,27.3, 0.0,  0, 0.0000,     0,23.0,24.9,15.1, 25,    26,    33, 0.8575, 0.9617
M5,30/06/23,15:35:38,     5,  6824,   442, 1002.5, 300,20.9,27.3, 0.0,  0, 0.0000,     0,23.0,24.9,15.1, 25,    26,    34, 0.8570, 0.9457
M5,30/06/23,15:35:39,     5,  6825,   443, 1002.5, 300,20.9,27.2, 0.0,  0, 0.0000,     0,23.0,24.9,15.1, 25,    27,    35, 0.8585, 0.9294
M5,30/06/23,15:35:40,     5,  6826,   444, 1002.5, 300,20.9,27.2, 0.0,  0, 0.0000,     0,23.0,24.9,15.1, 25,    28,    36, 0.8584, 0.9176
M5,30/06/23,15:35:41,     5,  6827,   444, 1002.5, 300,20.9,27.2, 0.0,  0, 0.0000,     0,23.0,24.9,15.1, 25,    28,    37, 0.8564, 0.9147
M5,30/06/23,15:35:42,     5,  6828,   445, 1002.5, 300,21.0,27.3, 0.0,  0, 0.0000,     0,23.0,24.9,15.1, 25,    29,    38, 0.8540, 0.9184
M5,30/06/23,15:35:43,     5,  6829,   445, 1002.5, 300,21.0,27.3, 0.0,  0, 0.0000,     0,23.0,24.9,15.1, 25,    30,    39, 0.8507, 0.9199
M5,30/06/23,15:35:44,     5,  6830,   446, 1002.5, 300,21.0,27.2, 0.0,  0, 0.0000,     0,23.0,24.9,15.1, 25,    30,    40, 0.8483, 0.9209
M5,30/06/23,15:35:45,     5,  6831,   447, 1002.5, 300,21.0,27.2, 0.0,  0, 0.0000,     0,23.0,24.9,15.1, 25,    31,    41, 0.8465, 0.9167
M5,30/06/23,15:35:46,     5,  6832,   448, 1002.5, 300,21.0,27.2, 0.0,  0, 0.0000,     0,23.0,24.9,15.1, 25,    32,    42, 0.8457, 0.9140
M5,30/06/23,15:35:47,     5,  6833,   448, 1002.5, 300,21.0,27.2, 0.0,  0, 0.0000,     0,23.0,24.9,15.1, 25,    32,    43, 0.8440, 0.9109
M5,30/06/23,15:35:48,     5,  6834,   449, 1002.5, 300,21.0,27.2, 0.0,  0, 0.0000,     0,23.0,24.9,15.1, 25,    33,    44, 0.8423, 0.9082
M5,30/06/23,15:35:49,     5,  6835,   450, 1002.5, 300,21.1,27.2, 0.0,  0, 0.0000,     0,23.0,24.9,15.1, 25,    34,    45, 0.8413, 0.9063
M5,30/06/23,15:35:50,     5,  6836,   450, 1002.5, 300,21.1,27.2, 0.0,  0, 0.0000,     0,23.0,24.9,15.1, 25,    34,    46, 0.8397, 0.9040
M5,30/06/23,15:35:51,     5,  6837,   451, 1002.5, 300,21.1,27.2, 0.0,  0, 0.0000,     0,23.0,24.9,15.1, 25,    35,    47, 0.8386, 0.9023
M5,30/06/23,15:35:52,     5,  6838,   452, 1002.5, 300,21.1,27.2, 0.0,  0, 0.0000,     0,22.8,24.9,14.8, 25,    36,    48, 0.8386, 0.8947
M5,30/06/23,15:35:53,     5,  6839,   453, 1002.5, 300,21.2,27.2, 0.0,  0, 0.0000,     0,22.8,24.9,14.8, 25,    37,    49, 0.8397, 0.8866
M5,30/06/23,15:35:54,     5,  6840,   453, 1002.5, 300,21.2,27.2, 0.0,  0, 0.0000,     0,22.8,24.9,14.8, 25,    38,    50, 0.8403, 0.8788
M5,30/06/23,15:35:55,     5,  6841,   454, 1002.5, 300,21.2,27.2, 0.0,  0, 0.0000,     0,22.8,24.9,14.8, 25,    39,    51, 0.8419, 0.8680
M5,30/06/23,15:35:56,     5,  6842,   455, 1002.5, 300,21.2,27.2, 0.0,  0, 0.0000,     0,22.8,24.9,14.8, 25,    40,    52, 0.8444, 0.8580
M5,30/06/23,15:35:57,     5,  6843,   456, 1002.5, 300,21.2,27.2, 0.0,  0, 0.0000,     0,22.8,24.9,14.8, 25,    40,    53, 0.8453, 0.8523
M5,30/06/23,15:35:58,     5,  6844,   456, 1002.5, 300,21.2,27.2, 0.0,  0, 0.0000,     0,22.8,24.9,14.8, 25,    41,    54, 0.8464, 0.8486
M5,30/06/23,15:35:59,     5,  6845,   457, 1002.5, 300,21.2,27.2, 0.0,  0, 0.0000,     0,22.8,24.9,14.8, 25,    41,    55, 0.8468, 0.8457
M5,30/06/23,15:36:00,     5,  6846,   458, 1002.5, 300,21.3,27.2, 0.0,  0, 0.0000,     0,22.8,24.9,14.8, 25,    42,    56, 0.8467, 0.8460
M5,30/06/23,15:36:01,     5,  6847,   458, 1002.5, 300,21.3,27.2, 0.0,  0, 0.0000,     0,22.8,24.9,14.8, 25,    42,    57, 0.8458, 0.8483
M5,30/06/23,15:36:02,     5,  6848,   459, 1002.5, 300,21.3,27.2, 0.0,  0, 0.0000,     0,22.8,24.9,14.8, 25,    43,    58, 0.8446, 0.8546
M5,30/06/23,15:36:03,     5,  6849,   459, 1002.5, 300,21.3,27.2, 0.0,  0, 0.0000,     0,22.8,24.9,15.2, 25,    43,    59, 0.8428, 0.8594
M5,30/06/23,15:36:04,     5,  6850,   460, 1002.5, 300,21.3,27.2, 0.0,  0, 0.0000,     0,22.8,24.9,15.2, 25,    44,    60, 0.8411, 0.8634
R5,30/06/23,15:36:04,     5,  6850,   460, 1002.5, 300,21.3,27.2, 0.0,  0, 0.0000,     0,22.8,24.9,15.2, 25,    44,    60, 0.8411, 0.8634
End
Zero
Start
M5,30/06/23,15:40:46,     6,  7130,   430, 1002.4, 300,20.2,27.0, 0.0,  0, 0.0000,     0,22.8,24.3, 6.0, 20,     1,     1, 0.0000, 0.0000
M5,30/06/23,15:40:47,     6,  7131,   430, 1002.4, 300,20.2,27.0, 0.0,  0, 0.0000,     0,22.8,24.3, 6.0, 20,     2,     2, 0.0000, 0.0000
M5,30/06/23,15:40:48,     6,  7132,   431, 1002.4, 300,20.2,27.0, 0.0,  0, 0.0000,     0,22.8,24.3, 6.2, 20,     2,     3, 0.0000, 0.0000
M5,30/06/23,15:40:49,     6,  7133,   432, 1002.4, 300,20.2,27.0, 0.0,  0, 0.0000,     0,22.8,24.3, 6.2, 20,     3,     4, 0.0000, 0.0000
M5,30/06/23,15:40:50,     6,  7134,   433, 1002.4, 300,20.2,27.0, 0.0,  0, 0.0000,     0,22.8,24.3, 6.2, 20,     4,     5, 0.0000, 0.0000
M5,30/06/23,15:40:51,     6,  7135,   433, 1002.4, 300,20.2,27.0, 0.0,  0, 0.0000,     0,22.8,24.4, 6.2, 20,     4,     6, 0.0000, 0.0000
M5,30/06/23,15:40:52,     6,  7136,   433, 1002.4, 300,20.3,27.0, 0.0,  0, 0.0000,     0,22.8,24.4, 6.2, 20,     5,     7, 0.0000, 0.0000
M5,30/06/23,15:40:53,     6,  7137,   434, 1002.4, 300,20.3,27.0, 0.0,  0, 0.0000,     0,22.8,24.4, 5.9, 20,     5,     8, 0.0000, 0.0000
M5,30/06/23,15:40:54,     6,  7138,   434, 1002.4, 300,20.3,27.0, 0.0,  0, 0.0000,     0,22.8,24.4, 5.9, 20,     5,     9, 0.0000, 0.0000
M5,30/06/23,15:40:55,     6,  7139,   434, 1002.4, 300,20.3,27.0, 0.0,  0, 0.0000,     0,22.8,24.4, 5.9, 25,     5,    10, 0.0000, 0.0000
M5,30/06/23,15:40:56,     6,  7140,   435, 1002.4, 300,20.3,27.0, 0.0,  0, 0.0000,     0,22.8,24.4, 5.9, 25,     6,    11, 0.0000, 0.0000
M5,30/06/23,15:40:57,     6,  7141,   435, 1002.4, 300,20.3,27.0, 0.0,  0, 0.0000,     0,22.8,24.4, 5.9, 25,     6,    12, 0.0000, 0.0000
M5,30/06/23,15:40:58,     6,  7142,   435, 1002.4, 300,20.3,27.0, 0.0,  0, 0.0000,     0,22.8,24.4, 5.9, 25,     6,    13, 0.3998, 0.6871
M5,30/06/23,15:40:59,     6,  7143,   436, 1002.4, 300,20.3,27.0, 0.0,  0, 0.0000,     0,22.8,24.4, 5.9, 25,     7,    14, 0.3854, 0.5461
M5,30/06/23,15:41:00,     6,  7144,   436, 1002.4, 300,20.3,27.0, 0.0,  0, 0.0000,     0,22.8,24.4, 5.9, 25,     7,    15, 0.3821, 0.4629
M5,30/06/23,15:41:01,     6,  7145,   436, 1002.4, 300,20.3,27.0, 0.0,  0, 0.0000,     0,22.8,24.4, 5.9, 25,     7,    16, 0.3625, 0.4707
M5,30/06/23,15:41:02,     6,  7146,   436, 1002.4, 300,20.3,27.0, 0.0,  0, 0.0000,     0,22.8,24.4, 5.9, 25,     7,    17, 0.3405, 0.4777
M5,30/06/23,15:41:03,     6,  7147,   437, 1002.4, 300,20.4,27.0, 0.0,  0, 0.0000,     0,22.8,24.4, 5.9, 25,     8,    18, 0.3359, 0.4413
M5,30/06/23,15:41:04,     6,  7148,   437, 1002.4, 300,20.4,27.0, 0.0,  0, 0.0000,     0,22.8,24.5, 6.4, 25,     8,    19, 0.3473, 0.3711
M5,30/06/23,15:41:05,     6,  7149,   437, 1002.4, 300,20.4,27.0, 0.0,  0, 0.0000,     0,22.8,24.5, 6.4, 25,     9,    20, 0.3561, 0.3365
M5,30/06/23,15:41:06,     6,  7150,   438, 1002.4, 300,20.4,27.0, 0.0,  0, 0.0000,     0,22.8,24.5, 6.4, 25,     9,    21, 0.3724, 0.2994
M5,30/06/23,15:41:07,     6,  7151,   438, 1002.4, 300,20.4,27.0, 0.0,  0, 0.0000,     0,22.8,24.5, 6.4, 25,     9,    22, 0.3821, 0.2880
M5,30/06/23,15:41:08,     6,  7152,   439, 1002.4, 300,20.4,27.0, 0.0, 21, 0.0000,     0,22.8,24.5, 6.4, 25,    10,    23, 0.3946, 0.2720
M5,30/06/23,15:41:09,     6,  7153,   439, 1002.4, 300,20.4,27.0, 0.0, 21, 0.0000,     0,22.8,24.5, 6.2, 25,    11,    24, 0.4130, 0.2426
M5,30/06/23,15:41:10,     6,  7154,   440, 1002.4, 300,20.4,27.0, 0.0, 21, 0.0000,     0,22.8,24.5, 6.2, 25,    11,    25, 0.4268, 0.2430
M5,30/06/23,15:41:11,     6,  7155,   440, 1002.4, 300,20.4,27.0, 0.0, 21, 0.0000,     0,22.8,24.5, 6.2, 25,    11,    26, 0.4346, 0.2558
M5,30/06/23,15:41:12,     6,  7156,   440, 1002.4, 300,20.4,27.0, 0.0, 21, 0.0000,     0,22.8,24.5, 6.2, 25,    11,    27, 0.4360, 0.2860
M5,30/06/23,15:41:13,     6,  7157,   441, 1002.4, 300,20.4,27.0, 0.0, 21, 0.0000,     0,22.8,24.5, 6.2, 25,    12,    28, 0.4361, 0.3116
M5,30/06/23,15:41:14,     6,  7158,   441, 1002.4, 300,20.4,27.0, 0.0,  0, 0.0000,     0,22.8,24.6, 6.2, 25,    12,    29, 0.4389, 0.3242
M5,30/06/23,15:41:15,     6,  7159,   442, 1002.4, 300,20.5,27.0, 0.0,  0, 0.0000,     0,22.8,24.6, 6.2, 25,    13,    30, 0.4467, 0.3213
M5,30/06/23,15:41:16,     6,  7160,   442, 1002.4, 300,20.5,27.0, 0.0,  0, 0.0000,     0,22.8,24.6, 6.2, 25,    13,    31, 0.4506, 0.3280
M5,30/06/23,15:41:17,     6,  7161,   442, 1002.4, 300,20.5,27.0, 0.0,  0, 0.0000,     0,22.8,24.6, 6.2, 25,    14,    32, 0.4540, 0.3392
M5,30/06/23,15:41:18,     6,  7162,   443, 1002.4, 300,20.5,27.0, 0.0,  0, 0.0000,     0,22.8,24.6, 6.2, 25,    14,    33, 0.4554, 0.3511
M5,30/06/23,15:41:19,     6,  7163,   443, 1002.4, 300,20.5,27.0, 0.0,  0, 0.0000,     0,22.8,24.6, 6.2, 25,    14,    34, 0.4578, 0.3575
M5,30/06/23,15:41:20,     6,  7164,   444, 1002.4, 300,20.5,27.0, 0.0,  0, 0.0000,     0,22.8,24.6, 6.2, 25,    15,    35, 0.4609, 0.3602
M5,30/06/23,15:41:21,     6,  7165,   444, 1002.4, 300,20.5,27.0, 0.0,  0, 0.0000,     0,22.8,24.6, 6.2, 25,    15,    36, 0.4629, 0.3662
M5,30/06/23,15:41:22,     6,  7166,   444, 1002.4, 300,20.5,27.0, 0.0,  0, 0.0000,     0,22.8,24.6, 6.2, 25,    16,    37, 0.4646, 0.3746
M5,30/06/23,15:41:23,     6,  7167,   445, 1002.4, 300,20.5,27.0, 0.0,  0, 0.0000,     0,22.8,24.6, 6.2, 25,    16,    38, 0.4651, 0.3836
M5,30/06/23,15:41:24,     6,  7168,   445, 1002.4, 300,20.5,27.0, 0.0,  0, 0.0000,     0,22.8,24.6, 6.2, 25,    16,    39, 0.4656, 0.3933
M5,30/06/23,15:41:25,     6,  7169,   445, 1002.4, 300,20.5,27.0, 0.0,  0, 0.0000,     0,22.8,24.6, 6.4, 25,    17,    40, 0.4665, 0.3981
M5,30/06/23,15:41:26,     6,  7170,   446, 1002.4, 300,20.5,27.0, 0.0,  0, 0.0000,     0,22.8,24.7, 6.4, 25,    17,    41, 0.4669, 0.4041
M5,30/06/23,15:41:27,     6,  7171,   446, 1002.4, 300,20.5,27.0, 0.0,  0, 0.0000,     0,22.8,24.7, 6.4, 25,    17,    42, 0.4669, 0.4106
M5,30/06/23,15:41:28,     6,  7172,   446, 1002.4, 300,20.5,27.0, 0.0,  0, 0.0000,     0,22.8,24.7, 6.4, 25,    18,    43, 0.4666, 0.4173
M5,30/06/23,15:41:29,     6,  7173,   447, 1002.4, 300,20.5,27.0, 0.0,  0, 0.0000,     0,22.8,24.7, 6.4, 25,    18,    44, 0.4660, 0.4240
M5,30/06/23,15:41:30,     6,  7174,   447, 1002.4, 300,20.5,27.0, 0.0,  0, 0.0000,     0,22.8,24.7, 6.2, 25,    19,    45, 0.4662, 0.4273
M5,30/06/23,15:41:31,     6,  7175,   448, 1002.4, 300,20.6,27.0, 0.0,  0, 0.0000,     0,22.8,24.7, 6.2, 25,    19,    46, 0.4673, 0.4284
M5,30/06/23,15:41:32,     6,  7176,   448, 1002.4, 300,20.6,27.0, 0.0,  0, 0.0000,     0,22.8,24.7, 6.2, 25,    19,    47, 0.4677, 0.4303
M5,30/06/23,15:41:33,     6,  7177,   448, 1002.4, 300,20.6,27.0, 0.0,  0, 0.0000,     0,22.8,24.7, 6.2, 25,    20,    48, 0.4679, 0.4332
M5,30/06/23,15:41:34,     6,  7178,   449, 1002.4, 300,20.6,27.0, 0.0,  0, 0.0000,     0,22.8,24.7, 6.2, 25,    20,    49, 0.4678, 0.4365
M5,30/06/23,15:41:35,     6,  7179,   449, 1002.4, 300,20.6,27.0, 0.0,  0, 0.0000,     0,22.8,24.7, 6.2, 25,    21,    50, 0.4681, 0.4376
M5,30/06/23,15:41:36,     6,  7180,   450, 1002.4, 300,20.6,27.0, 0.0,  0, 0.0000,     0,22.8,24.7, 6.2, 25,    21,    51, 0.4683, 0.4401
M5,30/06/23,15:41:37,     6,  7181,   450, 1002.4, 300,20.6,27.0, 0.0,  0, 0.0000,     0,22.8,24.7, 6.2, 25,    21,    52, 0.4680, 0.4429
M5,30/06/23,15:41:38,     6,  7182,   450, 1002.4, 300,20.6,27.0, 0.0,  0, 0.0000,     0,22.8,24.8, 6.2, 25,    21,    53, 0.4672, 0.4484
M5,30/06/23,15:41:39,     6,  7183,   450, 1002.4, 300,20.6,27.0, 0.0,  0, 0.0000,     0,22.8,24.8, 6.2, 25,    22,    54, 0.4656, 0.4555
M5,30/06/23,15:41:40,     6,  7184,   451, 1002.4, 300,20.6,27.0, 0.0,  0, 0.0000,     0,22.8,24.8, 6.2, 25,    22,    55, 0.4641, 0.4619
M5,30/06/23,15:41:41,     6,  7185,   451, 1002.4, 300,20.6,27.0, 0.0,  0, 0.0000,     0,22.8,24.8, 6.2, 25,    22,    56, 0.4615, 0.4713
M5,30/06/23,15:41:42,     6,  7186,   451, 1002.4, 300,20.6,27.0, 0.0,  0, 0.0000,     0,22.8,24.8, 6.2, 25,    22,    57, 0.4580, 0.4830
M5,30/06/23,15:41:43,     6,  7187,   451, 1002.4, 300,20.6,27.0, 0.0,  0, 0.0000,     0,22.8,24.8, 6.2, 25,    22,    58, 0.4549, 0.4926
M5,30/06/23,15:41:44,     6,  7188,   452, 1002.4, 300,20.6,27.0, 0.0,  0, 0.0000,     0,22.8,24.8, 6.2, 25,    23,    59, 0.4529, 0.4967
M5,30/06/23,15:41:45,     6,  7189,   452, 1002.4, 300,20.7,27.0, 0.0,  0, 0.0000,     0,22.8,24.8, 6.2, 25,    24,    60, 0.4524, 0.4969
R5,30/06/23,15:41:45,     6,  7189,   452, 1002.4, 300,20.7,27.0, 0.0,  0, 0.0000,     0,22.8,24.8, 6.2, 25,    24,    60, 0.4524, 0.4969
End
Start
M5,30/06/23,15:42:33,     6,  7236,   418, 1002.4, 300,20.0,27.0, 0.0,  0, 0.0000,     0,22.6,24.6, 6.1, 20,     1,     1, 0.0000, 0.0000
M5,30/06/23,15:42:34,     6,  7237,   419, 1002.4, 300,20.0,27.0, 0.0,  0, 0.0000,     0,22.6,24.6, 6.1, 20,     2,     2, 0.0000, 0.0000
M5,30/06/23,15:42:35,     6,  7238,   420, 1002.4, 300,20.0,27.0, 0.0,  0, 0.0000,     0,22.6,24.6, 5.9, 20,     3,     3, 0.0000, 0.0000
M5,30/06/23,15:42:36,     6,  7239,   421, 1002.4, 300,20.0,27.0, 0.0,  0, 0.0000,     0,22.6,24.6, 5.9, 20,     4,     4, 0.0000, 0.0000
M5,30/06/23,15:42:37,     6,  7240,   421, 1002.4, 300,20.0,27.0, 0.0,  0, 0.0000,     0,22.6,24.6, 5.9, 20,     4,     5, 0.0000, 0.0000
M5,30/06/23,15:42:38,     6,  7241,   421, 1002.4, 300,20.0,27.0, 0.0,  0, 0.0000,     0,22.6,24.6, 5.9, 20,     5,     6, 0.0000, 0.0000
M5,30/06/23,15:42:39,     6,  7242,   422, 1002.4, 300,20.0,27.0, 0.0,  0, 0.0000,     0,22.6,24.6, 5.9, 20,     5,     7, 0.0000, 0.0000
M5,30/06/23,15:42:40,     6,  7243,   422, 1002.4, 300,20.0,27.0, 0.0,  0, 0.0000,     0,22.6,24.7, 5.9, 20,     6,     8, 0.0000, 0.0000
M5,30/06/23,15:42:41,     6,  7244,   423, 1002.4, 300,20.1,27.0, 0.0,  0, 0.0000,     0,22.6,24.7, 5.9, 20,     6,     9, 0.0000, 0.0000
M5,30/06/23,15:42:42,     6,  7245,   423, 1002.4, 300,20.1,27.0, 0.0,  0, 0.0000,     0,22.6,24.7, 5.9, 25,     7,    10, 0.0000, 0.0000
M5,30/06/23,15:42:43,     6,  7246,   424, 1002.4, 300,20.1,27.0, 0.0,  0, 0.0000,     0,22.6,24.7, 5.9, 25,     7,    11, 0.0000, 0.0000
M5,30/06/23,15:42:44,     6,  7247,   424, 1002.4, 299,20.1,27.0, 0.0,  0, 0.0000,     0,22.6,24.7, 5.9, 25,     8,    12, 0.0000, 0.0000
M5,30/06/23,15:42:45,     6,  7248,   425, 1002.4, 300,20.1,27.0, 0.0,  0, 0.0000,     0,22.6,24.7, 5.9, 25,     8,    13, 0.5358, 0.6851
M5,30/06/23,15:42:46,     6,  7249,   425, 1002.4, 300,20.1,27.0, 0.0,  0, 0.0000,     0,22.6,24.7, 6.1, 25,     8,    14, 0.4992, 0.6690
M5,30/06/23,15:42:47,     6,  7250,   425, 1002.4, 300,20.1,27.0, 0.0,  0, 0.0000,     0,22.6,24.7, 6.1, 25,     9,    15, 0.4733, 0.6321
M5,30/06/23,15:42:48,     6,  7251,   426, 1002.5, 300,20.1,27.0, 0.0,  0, 0.0000,     0,22.6,24.7, 6.1, 25,     9,    16, 0.4566, 0.6022
M5,30/06/23,15:42:49,     6,  7252,   426, 1002.5, 300,20.1,27.0, 0.0,  0, 0.0000,     0,22.6,24.7, 6.1, 25,     9,    17, 0.4605, 0.5299
M5,30/06/23,15:42:50,     6,  7253,   426, 1002.5, 300,20.1,27.0, 0.0,  0, 0.0000,     0,22.6,24.7, 6.1, 25,    10,    18, 0.4597, 0.5097
M5,30/06/23,15:42:51,     6,  7254,   427, 1002.5, 300,20.1,27.0, 0.0,  0, 0.0000,     0,22.6,24.7, 6.1, 25,    10,    19, 0.4550, 0.5034
M5,30/06/23,15:42:52,     6,  7255,   427, 1002.5, 300,20.1,27.0, 0.0,  0, 0.0000,     0,22.6,24.7, 6.1, 25,    11,    20, 0.4590, 0.4753
M5,30/06/23,15:42:53,     6,  7256,   428, 1002.5, 300,20.1,27.0, 0.0,  0, 0.0000,     0,22.6,24.7, 6.1, 25,    11,    21, 0.4601, 0.4704
M5,30/06/23,15:42:54,     6,  7257,   428, 1002.5, 300,20.1,27.0, 0.0,  0, 0.0000,     0,22.6,24.7, 6.1, 25,    11,    22, 0.4646, 0.4527
M5,30/06/23,15:42:55,     6,  7258,   428, 1002.5, 300,20.2,27.0, 0.0,  0, 0.0000,     0,22.6,24.7, 6.1, 25,    12,    23, 0.4665, 0.4524
M5,30/06/23,15:42:56,     6,  7259,   429, 1002.5, 300,20.2,27.0, 0.0,  0, 0.0000,     0,22.6,24.7, 6.1, 25,    12,    24, 0.4654, 0.4579
M5,30/06/23,15:42:57,     6,  7260,   429, 1002.5, 300,20.2,27.0, 0.0,  0, 0.0000,     0,22.6,24.7, 6.1, 25,    12,    25, 0.4629, 0.4695
M5,30/06/23,15:42:58,     6,  7261,   430, 1002.5, 300,20.2,27.0, 0.0,  0, 0.0000,     0,22.6,24.7, 6.1, 25,    13,    26, 0.4633, 0.4657
M5,30/06/23,15:42:59,     6,  7262,   430, 1002.4, 300,20.2,27.0, 0.0,  0, 0.0000,     0,22.6,24.7, 6.1, 25,    13,    27, 0.4668, 0.4554
M5,30/06/23,15:43:00,     6,  7263,   430, 1002.4, 300,20.2,27.0, 0.0,  0, 0.0000,     0,22.6,24.7, 6.1, 25,    14,    28, 0.4678, 0.4532
M5,30/06/23,15:43:01,     6,  7264,   431, 1002.4, 300,20.2,27.0, 0.0,  0, 0.0000,     0,22.6,24.8, 6.1, 25,    14,    29, 0.4676, 0.4556
M5,30/06/23,15:43:02,     6,  7265,   431, 1002.4, 300,20.2,27.0, 0.0,  0, 0.0000,     0,22.6,24.8, 6.1, 25,    14,    30, 0.4671, 0.4609
M5,30/06/23,15:43:03,     6,  7266,   431, 1002.4, 300,20.2,27.0, 0.0,  0, 0.0000,     0,22.6,24.8, 6.1, 25,    15,    31, 0.4656, 0.4663
M5,30/06/23,15:43:04,     6,  7267,   432, 1002.4, 300,20.2,26.9, 0.0,  0, 0.0000,     0,22.6,24.8, 6.1, 25,    15,    32, 0.4639, 0.4721
M5,30/06/23,15:43:05,     6,  7268,   432, 1002.4, 300,20.2,26.9, 0.0,  0, 0.0000,     0,22.6,24.8, 6.1, 25,    15,    33, 0.4618, 0.4772
M5,30/06/23,15:43:06,     6,  7269,   432, 1002.4, 300,20.3,27.0, 0.0,  0, 0.0000,     0,22.6,24.8, 6.1, 25,    16,    34, 0.4603, 0.4824
M5,30/06/23,15:43:07,     6,  7270,   433, 1002.4, 300,20.3,27.0, 0.0,  0, 0.0000,     0,22.6,24.8, 5.9, 25,    16,    35, 0.4598, 0.4803
M5,30/06/23,15:43:08,     6,  7271,   433, 1002.4, 300,20.3,27.0, 0.0,  0, 0.0000,     0,22.6,24.8, 5.9, 25,    16,    36, 0.4589, 0.4798
M5,30/06/23,15:43:09,     6,  7272,   434, 1002.4, 300,20.3,27.0, 0.0,  0, 0.0000,     0,22.6,24.8, 5.9, 25,    17,    37, 0.4599, 0.4757
M5,30/06/23,15:43:10,     6,  7273,   434, 1002.4, 300,20.3,27.0, 0.0,  0, 0.0000,     0,22.6,24.8, 5.9, 25,    17,    38, 0.4611, 0.4685
M5,30/06/23,15:43:11,     6,  7274,   434, 1002.4, 300,20.3,26.9, 0.0,  0, 0.0000,     0,22.6,24.8, 5.9, 25,    18,    39, 0.4604, 0.4692
M5,30/06/23,15:43:12,     6,  7275,   435, 1002.4, 300,20.3,26.9, 0.0,  0, 0.0000,     0,22.6,24.8, 5.9, 25,    18,    40, 0.4595, 0.4706
M5,30/06/23,15:43:13,     6,  7276,   435, 1002.4, 299,20.3,26.9, 0.0,  0, 0.0000,     0,22.6,24.8, 6.1, 25,    18,    41, 0.4598, 0.4686
M5,30/06/23,15:43:14,     6,  7277,   436, 1002.4, 299,20.3,26.9, 0.0,  0, 0.0000,     0,22.6,24.8, 6.1, 25,    19,    42, 0.4616, 0.4602
M5,30/06/23,15:43:15,     6,  7278,   436, 1002.4, 300,20.3,26.9, 0.0,  0, 0.0000,     0,22.6,24.8, 6.1, 25,    20,    43, 0.4639, 0.4516
M5,30/06/23,15:43:16,     6,  7279,   437, 1002.4, 300,20.4,27.0, 0.0,  0, 0.0000,     0,22.6,24.8, 6.1, 25,    20,    44, 0.4661, 0.4471
M5,30/06/23,15:43:17,     6,  7280,   437, 1002.4, 300,20.4,27.0, 0.0,  0, 0.0000,     0,22.6,24.8, 6.1, 25,    20,    45, 0.4678, 0.4421
M5,30/06/23,15:43:18,     6,  7281,   438, 1002.4, 300,20.4,27.0, 0.0,  0, 0.0000,     0,22.6,24.8, 6.1, 25,    21,    46, 0.4702, 0.4371
M5,30/06/23,15:43:19,     6,  7282,   438, 1002.4, 300,20.4,27.0, 0.0,  0, 0.0000,     0,22.6,24.8, 6.1, 25,    21,    47, 0.4717, 0.4345
M5,30/06/23,15:43:20,     6,  7283,   438, 1002.4, 300,20.4,26.9, 0.0,  0, 0.0000,     0,22.6,24.8, 6.1, 25,    22,    48, 0.4735, 0.4312
M5,30/06/23,15:43:21,     6,  7284,   439, 1002.4, 300,20.4,26.9, 0.0,  0, 0.0000,     0,22.6,24.8, 6.1, 25,    22,    49, 0.4762, 0.4248
M5,30/06/23,15:43:22,     6,  7285,   440, 1002.4, 300,20.4,26.9, 0.0,  0, 0.0000,     0,22.6,24.8, 6.1, 25,    23,    50, 0.4804, 0.4137
M5,30/06/23,15:43:23,     6,  7286,   441, 1002.4, 300,20.4,26.9, 0.0,  0, 0.0000,     0,22.6,24.8, 6.1, 25,    24,    51, 0.4851, 0.4020
M5,30/06/23,15:43:24,     6,  7287,   441, 1002.4, 300,20.4,26.9, 0.0,  0, 0.0000,     0,22.6,24.8, 6.1, 25,    24,    52, 0.4890, 0.3948
M5,30/06/23,15:43:25,     6,  7288,   441, 1002.4, 301,20.4,26.9, 0.0,  0, 0.0000,     0,22.6,24.8, 6.1, 25,    25,    53, 0.4925, 0.3917
M5,30/06/23,15:43:26,     6,  7289,   442, 1002.4, 300,20.4,26.9, 0.0,  0, 0.0000,     0,22.6,24.8, 6.1, 25,    25,    54, 0.4955, 0.3887
M5,30/06/23,15:43:27,     6,  7290,   442, 1002.4, 300,20.4,26.9, 0.0,  0, 0.0000,     0,22.6,24.8, 6.1, 25,    25,    55, 0.4979, 0.3884
M5,30/06/23,15:43:28,     6,  7291,   442, 1002.4, 300,20.4,26.9, 0.0,  0, 0.0000,     0,22.6,24.8, 6.1, 25,    26,    56, 0.4998, 0.3902
M5,30/06/23,15:43:29,     6,  7292,   443, 1002.4, 300,20.4,26.9, 0.0,  0, 0.0000,     0,22.6,24.8, 6.1, 25,    26,    57, 0.5016, 0.3938
M5,30/06/23,15:43:30,     6,  7293,   443, 1002.4, 300,20.4,26.9, 0.0,  0, 0.0000,     0,22.6,24.8, 6.1, 25,    27,    58, 0.5030, 0.3965
M5,30/06/23,15:43:31,     6,  7294,   444, 1002.4, 300,20.4,26.9, 0.0,  0, 0.0000,     0,22.6,24.8, 6.1, 25,    27,    59, 0.5050, 0.3968
M5,30/06/23,15:43:32,     6,  7295,   444, 1002.4, 300,20.4,26.9, 0.0,  0, 0.0000,     0,22.6,24.8, 6.1, 25,    28,    60, 0.5066, 0.3988
R5,30/06/23,15:43:32,     6,  7295,   444, 1002.4, 300,20.4,26.9, 0.0,  0, 0.0000,     0,22.6,24.8, 6.1, 25,    28,    60, 0.5066, 0.3988
End
Start
M5,30/06/23,15:44:18,     6,  7341,   419, 1002.4, 300,19.9,26.9, 0.0,  0, 0.0000,     0,22.6,24.4, 6.1, 20,     1,     1, 0.0000, 0.0000
M5,30/06/23,15:44:19,     6,  7342,   420, 1002.4, 300,19.9,26.9, 0.0,  0, 0.0000,     0,22.6,24.4, 6.1, 20,     2,     2, 0.0000, 0.0000
M5,30/06/23,15:44:20,     6,  7343,   421, 1002.4, 300,19.9,26.9, 0.0,  0, 0.0000,     0,22.6,24.4, 6.1, 20,     3,     3, 0.0000, 0.0000
M5,30/06/23,15:44:21,     6,  7344,   422, 1002.4, 300,19.9,26.9, 0.0,  0, 0.0000,     0,22.6,24.4, 6.1, 20,     3,     4, 0.0000, 0.0000
M5,30/06/23,15:44:22,     6,  7345,   422, 1002.4, 300,19.9,26.9, 0.0,  0, 0.0000,     0,22.6,24.4, 6.1, 20,     4,     5, 0.0000, 0.0000
M5,30/06/23,15:44:23,     6,  7346,   423, 1002.4, 300,19.9,26.9, 0.0,  0, 0.0000,     0,22.6,24.4, 6.1, 20,     4,     6, 0.0000, 0.0000
M5,30/06/23,15:44:24,     6,  7347,   423, 1002.4, 300,19.9,26.9, 0.0,  0, 0.0000,     0,22.6,24.4, 6.1, 20,     5,     7, 0.0000, 0.0000
M5,30/06/23,15:44:25,     6,  7348,   423, 1002.4, 300,20.0,26.9, 0.0,  0, 0.0000,     0,22.6,24.4, 6.1, 20,     5,     8, 0.0000, 0.0000
M5,30/06/23,15:44:26,     6,  7349,   424, 1002.4, 300,20.0,26.9, 0.0,  0, 0.0000,     0,22.6,24.4, 6.1, 20,     5,     9, 0.0000, 0.0000
M5,30/06/23,15:44:27,     6,  7350,   424, 1002.4, 300,20.0,26.9, 0.0,  0, 0.0000,     0,22.6,24.5, 6.1, 25,     6,    10, 0.0000, 0.0000
M5,30/06/23,15:44:28,     6,  7351,   425, 1002.4, 300,20.0,26.9, 0.0,  0, 0.0000,     0,22.6,24.5, 6.1, 25,     6,    11, 0.0000, 0.0000
M5,30/06/23,15:44:29,     6,  7352,   425, 1002.4, 299,20.0,26.9, 0.0,  0, 0.0000,     0,22.6,24.5, 6.1, 25,     7,    12, 0.0000, 0.0000
M5,30/06/23,15:44:30,     6,  7353,   426, 1002.4, 300,20.0,26.9, 0.0,  0, 0.0000,     0,22.6,24.5, 6.1, 25,     7,    13, 0.6025, 0.6020
M5,30/06/23,15:44:31,     6,  7354,   426, 1002.4, 300,20.0,26.9, 0.0,  0, 0.0000,     0,22.6,24.5, 6.1, 25,     8,    14, 0.6040, 0.6035
M5,30/06/23,15:44:32,     6,  7355,   427, 1002.4, 300,20.0,26.9, 0.0,  0, 0.0000,     0,22.6,24.5, 6.1, 25,     9,    15, 0.6311, 0.5415
M5,30/06/23,15:44:33,     6,  7356,   427, 1002.4, 300,20.0,26.9, 0.0,  0, 0.0000,     0,22.6,24.5, 6.1, 25,     9,    16, 0.6587, 0.5155
M5,30/06/23,15:44:34,     6,  7357,   428, 1002.4, 300,20.0,26.9, 0.0,  0, 0.0000,     0,22.6,24.5, 6.1, 25,    10,    17, 0.6494, 0.5987
M5,30/06/23,15:44:35,     6,  7358,   428, 1002.4, 300,20.0,26.9, 0.0,  0, 0.0000,     0,22.6,24.5, 6.1, 25,    10,    18, 0.6148, 0.7069
M5,30/06/23,15:44:36,     6,  7359,   428, 1002.4, 300,20.1,26.9, 0.0,  0, 0.0000,     0,22.6,24.5, 6.1, 25,    10,    19, 0.5874, 0.7561
M5,30/06/23,15:44:38,     6,  7360,   428, 1002.4, 300,20.1,26.9, 0.0,  0, 0.0000,     0,22.6,24.5, 6.1, 25,    10,    20, 0.5611, 0.7751
M5,30/06/23,15:44:39,     6,  7361,   429, 1002.4, 300,20.1,26.9, 0.0,  0, 0.0000,     0,22.6,24.5, 6.1, 25,    11,    21, 0.5404, 0.7754
M5,30/06/23,15:44:40,     6,  7362,   429, 1002.4, 300,20.1,26.9, 0.0,  0, 0.0000,     0,22.6,24.5, 6.1, 25,    11,    22, 0.5357, 0.7234
M5,30/06/23,15:44:41,     6,  7363,   430, 1002.4, 300,20.1,26.9, 0.0,  0, 0.0000,     0,22.6,24.5, 6.1, 25,    12,    23, 0.5347, 0.6772
M5,30/06/23,15:44:42,     6,  7364,   430, 1002.4, 300,20.1,26.9, 0.0,  0, 0.0000,     0,22.6,24.6, 6.1, 25,    12,    24, 0.5369, 0.6399
M5,30/06/23,15:44:43,     6,  7365,   431, 1002.4, 300,20.1,26.9, 0.0,  0, 0.0000,     0,22.6,24.6, 6.1, 25,    13,    25, 0.5344, 0.6226
M5,30/06/23,15:44:44,     6,  7366,   431, 1002.4, 300,20.1,26.9, 0.0,  0, 0.0000,     0,22.6,24.6, 6.1, 25,    13,    26, 0.5301, 0.6160
M5,30/06/23,15:44:45,     6,  7367,   432, 1002.4, 300,20.1,26.9, 0.0,  0, 0.0000,     0,22.6,24.6, 6.1, 25,    13,    27, 0.5283, 0.6029
M5,30/06/23,15:44:46,     6,  7368,   432, 1002.4, 300,20.2,26.9, 0.0,  0, 0.0000,     0,22.6,24.6, 6.1, 25,    14,    28, 0.5324, 0.5783
M5,30/06/23,15:44:47,     6,  7369,   433, 1002.4, 300,20.2,26.9, 0.0,  0, 0.0000,     0,22.6,24.6, 6.1, 25,    15,    29, 0.5384, 0.5486
M5,30/06/23,15:44:48,     6,  7370,   433, 1002.4, 300,20.2,26.9, 0.0,  0, 0.0000,     0,22.6,24.6, 6.1, 25,    15,    30, 0.5413, 0.5360
M5,30/06/23,15:44:49,     6,  7371,   434, 1002.4, 300,20.2,26.9, 0.0,  0, 0.0000,     0,22.6,24.6, 6.1, 25,    16,    31, 0.5441, 0.5262
M5,30/06/23,15:44:50,     6,  7372,   434, 1002.4, 300,20.2,26.9, 0.0,  0, 0.0000,     0,22.6,24.6, 6.1, 25,    16,    32, 0.5448, 0.5260
M5,30/06/23,15:44:51,     6,  7373,   434, 1002.4, 300,20.2,26.9, 0.0,  0, 0.0000,     0,22.6,24.6, 6.1, 25,    16,    33, 0.5423, 0.5386
M5,30/06/23,15:44:52,     6,  7374,   435, 1002.4, 300,20.2,26.9, 0.0,  0, 0.0000,     0,22.6,24.6, 6.1, 25,    16,    34, 0.5387, 0.5506
M5,30/06/23,15:44:53,     6,  7375,   435, 1002.4, 300,20.2,26.9, 0.0,  0, 0.0000,     0,22.6,24.6, 6.1, 25,    17,    35, 0.5369, 0.5565
M5,30/06/23,15:44:54,     6,  7376,   436, 1002.4, 300,20.2,26.9, 0.0,  0, 0.0000,     0,22.6,24.6, 6.1, 25,    18,    36, 0.5372, 0.5519
M5,30/06/23,15:44:55,     6,  7377,   436, 1002.4, 300,20.2,26.9, 0.0,  0, 0.0000,     0,22.6,24.6, 6.1, 25,    18,    37, 0.5369, 0.5522
M5,30/06/23,15:44:56,     6,  7378,   436, 1002.4, 300,20.2,26.9, 0.0,  0, 0.0000,     0,22.6,24.6, 6.1, 25,    18,    38, 0.5353, 0.5549
M5,30/06/23,15:44:57,     6,  7379,   437, 1002.4, 300,20.2,26.9, 0.0,  0, 0.0000,     0,22.6,24.6, 6.1, 25,    19,    39, 0.5332, 0.5591
M5,30/06/23,15:44:58,     6,  7380,   437, 1002.4, 300,20.2,26.9, 0.0,  0, 0.0000,     0,22.6,24.6, 6.1, 25,    19,    40, 0.5294, 0.5697
M5,30/06/23,15:44:59,     6,  7381,   437, 1002.4, 300,20.2,26.9, 0.0,  0, 0.0000,     0,22.6,24.6, 6.1, 25,    19,    41, 0.5253, 0.5786
M5,30/06/23,15:45:00,     6,  7382,   438, 1002.4, 300,20.3,26.9, 0.0,  0, 0.0000,     0,22.6,24.6, 6.1, 25,    20,    42, 0.5238, 0.5788
M5,30/06/23,15:45:01,     6,  7383,   438, 1002.4, 300,20.3,26.9, 0.0,  0, 0.0000,     0,22.6,24.6, 6.1, 25,    20,    43, 0.5227, 0.5761
M5,30/06/23,15:45:02,     6,  7384,   439, 1002.4, 300,20.3,26.9, 0.0,  0, 0.0000,     0,22.6,24.6, 6.1, 25,    20,    44, 0.5205, 0.5789
M5,30/06/23,15:45:03,     6,  7385,   439, 1002.4, 300,20.3,26.9, 0.0,  0, 0.0000,     0,22.6,24.6, 6.1, 25,    21,    45, 0.5188, 0.5783
M5,30/06/23,15:45:04,     6,  7386,   440, 1002.4, 300,20.3,26.9, 0.0,  0, 0.0000,     0,22.6,24.6, 6.1, 25,    21,    46, 0.5177, 0.5755
M5,30/06/23,15:45:05,     6,  7387,   440, 1002.4, 300,20.3,26.9, 0.0,  0, 0.0000,     0,22.6,24.7, 6.1, 25,    22,    47, 0.5173, 0.5714
M5,30/06/23,15:45:06,     6,  7388,   440, 1002.4, 300,20.3,26.9, 0.0,  0, 0.0000,     0,22.6,24.7, 6.1, 25,    22,    48, 0.5164, 0.5689
M5,30/06/23,15:45:07,     6,  7389,   441, 1002.4, 301,20.3,26.9, 0.0,  0, 0.0000,     0,22.6,24.7, 6.1, 25,    23,    49, 0.5153, 0.5679
M5,30/06/23,15:45:08,     6,  7390,   441, 1002.4, 300,20.3,26.9, 0.0,  0, 0.0000,     0,22.6,24.7, 6.1, 25,    23,    50, 0.5132, 0.5702
M5,30/06/23,15:45:09,     6,  7391,   441, 1002.4, 300,20.3,26.9, 0.0,  0, 0.0000,     0,22.6,24.7, 6.1, 25,    23,    51, 0.5112, 0.5728
M5,30/06/23,15:45:10,     6,  7392,   442, 1002.4, 300,20.3,26.9, 0.0,  0, 0.0000,     0,22.6,24.7, 6.1, 25,    24,    52, 0.5096, 0.5728
M5,30/06/23,15:45:11,     6,  7393,   442, 1002.4, 300,20.3,26.9, 0.0,  0, 0.0000,     0,22.6,24.7, 6.1, 25,    24,    53, 0.5085, 0.5710
M5,30/06/23,15:45:12,     6,  7394,   443, 1002.4, 300,20.3,26.9, 0.0,  0, 0.0000,     0,22.6,24.7, 6.1, 25,    25,    54, 0.5076, 0.5677
M5,30/06/23,15:45:13,     6,  7395,   443, 1002.4, 300,20.3,26.9, 0.0,  0, 0.0000,     0,22.6,24.7, 6.1, 25,    25,    55, 0.5073, 0.5635
M5,30/06/23,15:45:14,     6,  7396,   443, 1002.4, 300,20.3,26.9, 0.0,  0, 0.0000,     0,22.6,24.7, 6.1, 25,    25,    56, 0.5065, 0.5630
M5,30/06/23,15:45:15,     6,  7397,   444, 1002.4, 300,20.3,26.9, 0.0,  0, 0.0000,     0,22.6,24.7, 6.1, 25,    26,    57, 0.5053, 0.5627
M5,30/06/23,15:45:16,     6,  7398,   444, 1002.4, 300,20.3,26.9, 0.0,  0, 0.0000,     0,22.6,24.7, 5.9, 25,    26,    58, 0.5043, 0.5607
M5,30/06/23,15:45:17,     6,  7399,   445, 1002.4, 300,20.3,26.9, 0.0,  0, 0.0000,     0,22.6,24.7, 5.9, 25,    27,    59, 0.5038, 0.5577
M5,30/06/23,15:45:18,     6,  7400,   445, 1002.4, 300,20.4,26.9, 0.0,  0, 0.0000,     0,22.6,24.7, 5.9, 25,    27,    60, 0.5030, 0.5580
R5,30/06/23,15:45:18,     6,  7400,   445, 1002.4, 300,20.4,26.9, 0.0,  0, 0.0000,     0,22.6,24.7, 5.9, 25,    27,    60, 0.5030, 0.5580
End
