Tag(M3),Date,Time,Plot_No,Rec_No,CO2,Pressure,Flow,H2O,Tsen,O2,Error,Aux_V,PAR,Tsoil,Tair,Msoil
Start
M5,29/06/23,16:43:38,     7,  8853,   409, 1007.1, 300,21.0,29.1, 0.0,  0, 0.0000,     0,26.4,29.4,24.9, 20,     0,     1, 0.0000, 0.0000
M5,29/06/23,16:43:39,     7,  8854,   409, 1007.1, 300,21.0,29.1, 0.0,  0, 0.0000,     0,26.4,29.5,24.9, 20,     1,     2, 0.0000, 0.0000
M5,29/06/23,16:43:40,     7,  8855,   410, 1007.0, 300,21.0,29.1, 0.0,  0, 0.0000,     0,26.4,29.5,24.9, 20,     1,     3, 0.0000, 0.0000
M5,29/06/23,16:43:41,     7,  8856,   410, 1007.0, 300,21.0,29.1, 0.0,  0, 0.0000,     0,26.4,29.5,24.9, 20,     2,     4, 0.0000, 0.0000
M5,29/06/23,16:43:42,     7,  8857,   411, 1007.0, 300,21.0,29.1, 0.0,  0, 0.0000,     0,26.4,29.6,24.9, 20,     2,     5, 0.0000, 0.0000
M5,29/06/23,16:43:43,     7,  8858,   411, 1007.0, 300,21.1,29.1, 0.0,  0, 0.0000,     0,26.4,29.6,24.9, 20,     3,     6, 0.0000, 0.0000
M5,29/06/23,16:43:44,     7,  8859,   411, 1007.0, 300,21.1,29.1, 0.0,  0, 0.0000,     0,26.4,29.6,24.9, 20,     3,     7, 0.0000, 0.0000
M5,29/06/23,16:43:45,     7,  8860,   412, 1007.0, 300,21.1,29.1, 0.0,  0, 0.0000,     0,26.4,29.7,24.9, 20,     3,     8, 0.0000, 0.0000
M5,29/06/23,16:43:46,     7,  8861,   412, 1007.0, 300,21.1,29.1, 0.0,  0, 0.0000,     0,26.4,29.7,24.9, 20,     4,     9, 0.0000, 0.0000
M5,29/06/23,16:43:47,     7,  8862,   413, 1007.0, 300,21.1,29.1, 0.0,  0, 0.0000,     0,26.4,29.7,24.9, 25,     4,    10, 0.0000, 0.0000
M5,29/06/23,16:43:48,     7,  8863,   413, 1007.0, 300,21.2,29.2, 0.0,  0, 0.0000,     0,26.4,29.7,24.9, 25,     5,    11, 0.0000, 0.0000
M5,29/06/23,16:43:49,     7,  8864,   414, 1007.0, 300,21.2,29.2, 0.0,  0, 0.0000,     0,26.4,29.8,24.9, 25,     5,    12, 0.0000, 0.0000
M5,29/06/23,16:43:50,     7,  8865,   415, 1007.0, 300,21.2,29.2, 0.0, 21, 0.0000,     0,26.4,29.8,24.9, 25,     6,    13, 0.7377, 0.3065
M5,29/06/23,16:43:51,     7,  8866,   415, 1007.0, 300,21.2,29.2, 0.0,  0, 0.0000,     0,26.4,29.8,24.9, 25,     7,    14, 0.7336, 0.5687
M5,29/06/23,16:43:52,     7,  8867,   415, 1007.1, 300,21.3,29.2, 0.0,  0, 0.0000,     0,26.4,29.8,24.9, 25,     7,    15, 0.6599, 0.8168
M5,29/06/23,16:43:53,     7,  8868,   416, 1007.1, 300,21.3,29.2, 0.0,  0, 0.0000,     0,26.4,29.8,24.9, 25,     7,    16, 0.6022, 0.8701
M5,29/06/23,16:43:54,     7,  8869,   416, 1007.1, 300,21.3,29.2, 0.0,  0, 0.0000,     0,26.4,29.9,24.9, 25,     8,    17, 0.5773, 0.8148
M5,29/06/23,16:43:55,     7,  8870,   417, 1007.1, 300,21.3,29.2, 0.0,  0, 0.0000,     0,26.4,29.9,24.9, 25,     8,    18, 0.5682, 0.7506
M5,29/06/23,16:43:56,     7,  8871,   417, 1007.1, 300,21.3,29.2, 0.0,  0, 0.0000,     0,26.4,29.9,24.9, 25,     9,    19, 0.5746, 0.6660
M5,29/06/23,16:43:57,     7,  8872,   418, 1007.1, 300,21.4,29.2, 0.0,  0, 0.0000,     0,26.4,29.9,24.9, 25,     9,    20, 0.5814, 0.6239
M5,29/06/23,16:43:58,     7,  8873,   418, 1007.1, 300,21.4,29.2, 0.0,  0, 0.0000,     0,26.4,29.9,24.9, 25,    10,    21, 0.5917, 0.5775
M5,29/06/23,16:43:59,     7,  8874,   419, 1007.1, 300,21.4,29.2, 0.0,  0, 0.0000,     0,26.4,29.9,24.9, 25,    11,    22, 0.6055, 0.5410
M5,29/06/23,16:44:00,     7,  8875,   420, 1007.1, 300,21.4,29.2, 0.0,  0, 0.0000,     0,26.7,29.9,24.9, 25,    11,    23, 0.6186, 0.5140
M5,29/06/23,16:44:01,     7,  8876,   420, 1007.1, 300,21.4,29.2, 0.0,  0, 0.0000,     0,26.7,29.9,24.9, 25,    12,    24, 0.6231, 0.5298
M5,29/06/23,16:44:02,     7,  8877,   420, 1007.1, 300,21.4,29.2, 0.0,  0, 0.0000,     0,26.7,30.0,24.9, 25,    12,    25, 0.6241, 0.5446
M5,29/06/23,16:44:03,     7,  8878,   421, 1007.1, 300,21.4,29.2, 0.0,  0, 0.0000,     0,26.7,30.0,24.9, 25,    12,    26, 0.6240, 0.5594
M5,29/06/23,16:44:04,     7,  8879,   421, 1007.1, 300,21.5,29.2, 0.0,  0, 0.0000,     0,26.7,30.0,24.9, 25,    13,    27, 0.6245, 0.5734
M5,29/06/23,16:44:05,     7,  8880,   422, 1007.1, 300,21.5,29.2, 0.0,  0, 0.0000,     0,26.7,30.0,24.9, 25,    13,    28, 0.6219, 0.5895
M5,29/06/23,16:44:06,     7,  8881,   422, 1007.1, 300,21.5,29.2, 0.0,  0, 0.0000,     0,26.7,30.0,24.9, 25,    14,    29, 0.6202, 0.6018
M5,29/06/23,16:44:07,     7,  8882,   423, 1007.1, 300,21.5,29.2, 0.0,  0, 0.0000,     0,26.7,30.0,24.9, 25,    14,    30, 0.6156, 0.6185
M5,29/06/23,16:44:08,     7,  8883,   423, 1007.1, 300,21.5,29.2, 0.0,  0, 0.0000,     0,26.7,30.0,24.9, 25,    15,    31, 0.6104, 0.6375
M5,29/06/23,16:44:09,     7,  8884,   423, 1007.1, 300,21.5,29.2, 0.0,  0, 0.0000,     0,26.7,30.0,24.9, 25,    15,    32, 0.6035, 0.6544
M5,29/06/23,16:44:10,     7,  8885,   424, 1007.1, 300,21.5,29.2, 0.0,  0, 0.0000,     0,26.7,30.0,24.9, 25,    15,    33, 0.5962, 0.6699
M5,29/06/23,16:44:11,     7,  8886,   424, 1007.1, 300,21.6,29.2, 0.0,  0, 0.0000,     0,26.7,30.0,24.9, 25,    16,    34, 0.5910, 0.6775
M5,29/06/23,16:44:12,     7,  8887,   425, 1007.1, 300,21.6,29.2, 0.0,  0, 0.0000,     0,26.7,30.1,24.9, 25,    16,    35, 0.5865, 0.6790
M5,29/06/23,16:44:13,     7,  8888,   425, 1007.1, 300,21.6,29.2, 0.0,  0, 0.0000,     0,26.7,30.1,24.9, 25,    17,    36, 0.5836, 0.6769
M5,29/06/23,16:44:14,     7,  8889,   425, 1007.1, 300,21.6,29.2, 0.0,  0, 0.0000,     0,26.7,30.1,24.9, 25,    17,    37, 0.5794, 0.6773
M5,29/06/23,16:44:15,     7,  8890,   426, 1007.1, 300,21.6,29.2, 0.0,  0, 0.0000,     0,26.7,30.1,24.9, 25,    17,    38, 0.5769, 0.6752
M5,29/06/23,16:44:16,     7,  8891,   426, 1007.1, 300,21.6,29.2, 0.0,  0, 0.0000,     0,26.7,30.1,24.9, 25,    18,    39, 0.5744, 0.6703
M5,29/06/23,16:44:17,     7,  8892,   427, 1007.1, 300,21.6,29.2, 0.0,  0, 0.0000,     0,26.7,30.1,24.9, 25,    19,    40, 0.5737, 0.6599
M5,29/06/23,16:44:18,     7,  8893,   427, 1007.1, 300,21.7,29.2, 0.0,  0, 0.0000,     0,26.7,30.1,24.9, 25,    19,    41, 0.5727, 0.6548
M5,29/06/23,16:44:19,     7,  8894,   428, 1007.1, 300,21.7,29.2, 0.0,  0, 0.0000,     0,26.7,30.1,24.9, 25,    19,    42, 0.5714, 0.6487
M5,29/06/23,16:44:20,     7,  8895,   428, 1007.1, 300,21.7,29.2, 0.0,  0, 0.0000,     0,26.7,30.1,24.9, 25,    20,    43, 0.5701, 0.6464
M5,29/06/23,16:44:21,     7,  8896,   428, 1007.1, 300,21.7,29.2, 0.0,  0, 0.0000,     0,26.7,30.1,24.9, 25,    20,    44, 0.5667, 0.6492
M5,29/06/23,16:44:22,     7,  8897,   429, 1007.1, 300,21.7,29.2, 0.0,  0, 0.0000,     0,26.7,30.1,24.9, 25,    20,    45, 0.5632, 0.6526
M5,29/06/23,16:44:23,     7,  8898,   429, 1007.1, 300,21.7,29.2, 0.0,  0, 0.0000,     0,26.7,30.1,24.9, 25,    21,    46, 0.5611, 0.6498
M5,29/06/23,16:44:24,     7,  8899,   430, 1007.1, 300,21.7,29.2, 0.0,  0, 0.0000,     0,26.7,30.1,24.9, 25,    21,    47, 0.5599, 0.6461
M5,29/06/23,16:44:25,     7,  8900,   430, 1007.1, 300,21.7,29.2, 0.0,  0, 0.0000,     0,26.7,30.1,24.9, 25,    22,    48, 0.5575, 0.6450
M5,29/06/23,16:44:26,     7,  8901,   430, 1007.1, 300,21.7,29.2, 0.0,  0, 0.0000,     0,26.7,30.1,24.9, 25,    22,    49, 0.5550, 0.6450
M5,29/06/23,16:44:27,     7,  8902,   431, 1007.1, 300,21.7,29.2, 0.0,  0, 0.0000,     0,26.7,30.1,24.9, 25,    23,    50, 0.5531, 0.6433
M5,29/06/23,16:44:28,     7,  8903,   431, 1007.1, 300,21.7,29.2, 0.0,  0, 0.0000,     0,26.7,30.1,24.9, 25,    23,    51, 0.5515, 0.6400
M5,29/06/23,16:44:29,     7,  8904,   432, 1007.1, 300,21.8,29.2, 0.0,  0, 0.0000,     0,26.7,30.1,24.9, 25,    23,    52, 0.5504, 0.6359
M5,29/06/23,16:44:30,     7,  8905,   432, 1007.1, 300,21.8,29.2, 0.0,  0, 0.0000,     0,26.7,30.1,24.9, 25,    24,    53, 0.5494, 0.6311
M5,29/06/23,16:44:31,     7,  8906,   433, 1007.1, 299,21.8,29.2, 0.0,  0, 0.0000,     0,26.7,30.1,24.9, 25,    25,    54, 0.5500, 0.6243
M5,29/06/23,16:44:32,     7,  8907,   434, 1007.1, 299,21.8,29.2, 0.0,  0, 0.0000,     0,26.7,30.1,25.2, 25,    25,    55, 0.5500, 0.6171
M5,29/06/23,16:44:33,     7,  8908,   434, 1007.1, 300,21.8,29.2, 0.0,  0, 0.0000,     0,26.7,30.1,25.2, 25,    25,    56, 0.5496, 0.6121
M5,29/06/23,16:44:34,     7,  8909,   434, 1007.1, 300,21.8,29.2, 0.0,  0, 0.0000,     0,26.7,30.2,25.2, 25,    26,    57, 0.5497, 0.6074
M5,29/06/23,16:44:35,     7,  8910,   435, 1007.1, 300,21.8,29.2, 0.0,  0, 0.0000,     0,26.7,30.2,25.2, 25,    26,    58, 0.5496, 0.6024
M5,29/06/23,16:44:36,     7,  8911,   435, 1007.1, 300,21.9,29.2, 0.0,  0, 0.0000,     0,26.7,30.2,25.2, 25,    27,    59, 0.5498, 0.5977
M5,29/06/23,16:44:37,     7,  8912,   436, 1007.1, 300,21.9,29.2, 0.0,  0, 0.0000,     0,26.7,30.2,24.9, 25,    27,    60, 0.5494, 0.5946
R5,29/06/23,16:44:37,     7,  8912,   436, 1007.1, 300,21.9,29.2, 0.0,  0, 0.0000,     0,26.7,30.2,24.9, 25,    27,    60, 0.5494, 0.5946
End
Start
M5,29/06/23,16:45:22,     7,  8957,   414, 1007.1, 300,21.0,29.3, 0.0,  0, 0.0000,     0,26.7,29.3,24.8, 20,     0,     1, 0.0000, 0.0000
M5,29/06/23,16:45:23,     7,  8958,   414, 1007.1, 300,21.0,29.3, 0.0,  0, 0.0000,     0,26.7,29.3,24.8, 20,     0,     2, 0.0000, 0.0000
M5,29/06/23,16:45:24,     7,  8959,   414, 1007.1, 300,21.0,29.3, 0.0,  0, 0.0000,     0,26.7,29.4,24.8, 20,     0,     3, 0.0000, 0.0000
M5,29/06/23,16:45:25,     7,  8960,   415, 1007.1, 300,21.0,29.3, 0.0,  0, 0.0000,     0,26.7,29.4,24.8, 20,     1,     4, 0.0000, 0.0000
M5,29/06/23,16:45:26,     7,  8961,   416, 1007.1, 300,21.0,29.3, 0.0,  0, 0.0000,     0,26.7,29.5,24.8, 20,     1,     5, 0.0000, 0.0000
M5,29/06/23,16:45:27,     7,  8962,   416, 1007.1, 300,21.0,29.3, 0.0,  0, 0.0000,     0,26.7,29.5,24.8, 20,     2,     6, 0.0000, 0.0000
M5,29/06/23,16:45:28,     7,  8963,   417, 1007.1, 300,21.0,29.3, 0.0,  0, 0.0000,     0,26.7,29.5,24.8, 20,     3,     7, 0.0000, 0.0000
M5,29/06/23,16:45:29,     7,  8964,   417, 1007.1, 300,21.1,29.3, 0.0,  0, 0.0000,     0,26.7,29.5,24.8, 20,     3,     8, 0.0000, 0.0000
M5,29/06/23,16:45:30,     7,  8965,   417, 1007.1, 300,21.1,29.3, 0.0,  0, 0.0000,     0,26.7,29.6,24.8, 20,     3,     9, 0.0000, 0.0000
M5,29/06/23,16:45:31,     7,  8966,   418, 1007.1, 300,21.2,29.3, 0.0,  0, 0.0000,     0,26.7,29.6,24.8, 25,     4,    10, 0.0000, 0.0000
M5,29/06/23,16:45:32,     7,  8967,   418, 1007.1, 300,21.2,29.3, 0.0,  0, 0.0000,     0,26.7,29.6,24.8, 25,     4,    11, 0.0000, 0.0000
M5,29/06/23,16:45:33,     7,  8968,   418, 1007.1, 300,21.2,29.3, 0.0,  0, 0.0000,     0,26.7,29.6,24.8, 25,     4,    12, 0.0000, 0.0000
M5,29/06/23,16:45:34,     7,  8969,   419, 1007.1, 300,21.2,29.3, 0.0, 21, 0.0000,     0,26.7,29.7,24.8, 25,     5,    13, 0.3996, 0.1049
M5,29/06/23,16:45:35,     7,  8970,   419, 1007.1, 300,21.2,29.3, 0.0, 21, 0.0000,     0,26.7,29.7,24.8, 25,     5,    14, 0.4175, 0.2494
M5,29/06/23,16:45:36,     7,  8971,   420, 1007.1, 300,21.2,29.3, 0.0, 21, 0.0000,     0,26.7,29.7,24.8, 25,     6,    15, 0.4516, 0.2754
M5,29/06/23,16:45:37,     7,  8972,   420, 1007.1, 300,21.2,29.3, 0.0, 21, 0.0000,     0,26.7,29.7,24.8, 25,     6,    16, 0.4771, 0.2937
M5,29/06/23,16:45:38,     7,  8973,   421, 1007.1, 300,21.3,29.3, 0.0, 21, 0.0000,     0,26.7,29.7,24.8, 25,     7,    17, 0.5010, 0.3201
M5,29/06/23,16:45:39,     7,  8974,   421, 1007.1, 300,21.3,29.3, 0.0,  0, 0.0000,     0,26.7,29.7,24.8, 25,     7,    18, 0.5031, 0.3784
M5,29/06/23,16:45:40,     7,  8975,   421, 1007.1, 300,21.3,29.3, 0.0,  0, 0.0000,     0,26.7,29.8,24.8, 25,     7,    19, 0.5005, 0.4329
M5,29/06/23,16:45:41,     7,  8976,   421, 1007.1, 300,21.3,29.3, 0.0,  0, 0.0000,     0,26.7,29.8,24.8, 25,     7,    20, 0.4841, 0.4973
M5,29/06/23,16:45:42,     7,  8977,   422, 1007.1, 300,21.3,29.3, 0.0,  0, 0.0000,     0,26.7,29.8,24.8, 25,     8,    21, 0.4788, 0.5057
M5,29/06/23,16:45:43,     7,  8978,   422, 1007.1, 300,21.4,29.3, 0.0,  0, 0.0000,     0,26.7,29.8,24.8, 25,     8,    22, 0.4806, 0.4951
M5,29/06/23,16:45:44,     7,  8979,   423, 1007.1, 300,21.4,29.3, 0.0,  0, 0.0000,     0,26.7,29.8,24.8, 25,     9,    23, 0.4897, 0.4607
M5,29/06/23,16:45:45,     7,  8980,   423, 1007.1, 300,21.4,29.3, 0.0,  0, 0.0000,     0,26.7,29.8,24.8, 25,     9,    24, 0.4919, 0.4643
M5,29/06/23,16:45:46,     7,  8981,   424, 1007.1, 300,21.4,29.3, 0.0,  0, 0.0000,     0,26.7,29.8,24.8, 25,     9,    25, 0.4859, 0.4871
M5,29/06/23,16:45:47,     7,  8982,   424, 1007.1, 300,21.4,29.3, 0.0,  0, 0.0000,     0,26.7,29.9,24.8, 25,    10,    26, 0.4848, 0.4919
M5,29/06/23,16:45:48,     7,  8983,   425, 1007.1, 300,21.4,29.3, 0.0,  0, 0.0000,     0,26.7,29.9,24.8, 25,    11,    27, 0.4887, 0.4755
M5,29/06/23,16:45:49,     7,  8984,   425, 1007.1, 300,21.4,29.3, 0.0,  0, 0.0000,     0,26.7,29.9,24.8, 25,    11,    28, 0.4932, 0.4614
M5,29/06/23,16:45:50,     7,  8985,   425, 1007.1, 300,21.5,29.3, 0.0,  0, 0.0000,     0,26.7,29.9,24.8, 25,    11,    29, 0.4962, 0.4603
M5,29/06/23,16:45:51,     7,  8986,   426, 1007.1, 300,21.5,29.3, 0.0,  0, 0.0000,     0,26.7,29.9,24.8, 25,    12,    30, 0.4988, 0.4559
M5,29/06/23,16:45:52,     7,  8987,   426, 1007.1, 300,21.5,29.3, 0.0,  0, 0.0000,     0,26.7,29.9,24.8, 25,    12,    31, 0.4979, 0.4674
M5,29/06/23,16:45:53,     7,  8988,   426, 1007.1, 300,21.5,29.3, 0.0,  0, 0.0000,     0,26.7,29.9,24.8, 25,    12,    32, 0.4935, 0.4858
M5,29/06/23,16:45:54,     7,  8989,   427, 1007.1, 300,21.5,29.3, 0.0,  0, 0.0000,     0,26.7,29.9,24.8, 25,    12,    33, 0.4899, 0.5014
M5,29/06/23,16:45:55,     7,  8990,   427, 1007.1, 300,21.5,29.3, 0.0,  0, 0.0000,     0,26.7,29.9,24.8, 25,    13,    34, 0.4857, 0.5129
M5,29/06/23,16:45:56,     7,  8991,   427, 1007.1, 300,21.5,29.3, 0.0,  0, 0.0000,     0,26.7,29.9,24.8, 25,    13,    35, 0.4818, 0.5221
M5,29/06/23,16:45:57,     7,  8992,   428, 1007.1, 300,21.5,29.3, 0.0,  0, 0.0000,     0,26.7,30.0,24.8, 25,    13,    36, 0.4779, 0.5286
M5,29/06/23,16:45:59,     7,  8993,   428, 1007.1, 300,21.5,29.3, 0.0,  0, 0.0000,     0,26.7,30.0,24.8, 25,    14,    37, 0.4786, 0.5180
M5,29/06/23,16:46:00,     7,  8994,   429, 1007.1, 300,21.6,29.3, 0.0,  0, 0.0000,     0,26.7,30.0,24.8, 25,    15,    38, 0.4819, 0.5026
M5,29/06/23,16:46:01,     7,  8995,   429, 1007.1, 300,21.6,29.3, 0.0,  0, 0.0000,     0,26.7,30.0,24.8, 25,    15,    39, 0.4835, 0.4929
M5,29/06/23,16:46:02,     7,  8996,   430, 1007.1, 300,21.6,29.4, 0.0,  0, 0.0000,     0,26.7,30.0,24.8, 25,    16,    40, 0.4850, 0.4885
M5,29/06/23,16:46:03,     7,  8997,   430, 1007.1, 300,21.6,29.4, 0.0,  0, 0.0000,     0,26.7,30.0,24.8, 25,    16,    41, 0.4840, 0.4905
M5,29/06/23,16:46:04,     7,  8998,   430, 1007.1, 300,21.6,29.4, 0.0,  0, 0.0000,     0,26.7,30.0,24.8, 25,    16,    42, 0.4831, 0.4936
M5,29/06/23,16:46:05,     7,  8999,   431, 1007.1, 301,21.6,29.4, 0.0,  0, 0.0000,     0,26.7,30.0,24.8, 25,    17,    43, 0.4827, 0.4932
M5,29/06/23,16:46:06,     7,  9000,   431, 1007.1, 300,21.6,29.4, 0.0,  0, 0.0000,     0,26.7,30.0,24.8, 25,    17,    44, 0.4825, 0.4917
M5,29/06/23,16:46:07,     7,  9001,   432, 1007.1, 300,21.7,29.4, 0.0,  0, 0.0000,     0,26.7,30.0,24.8, 25,    18,    45, 0.4841, 0.4857
M5,29/06/23,16:46:08,     7,  9002,   432, 1007.1, 300,21.7,29.4, 0.0,  0, 0.0000,     0,26.7,30.0,24.8, 25,    18,    46, 0.4856, 0.4790
M5,29/06/23,16:46:09,     7,  9003,   433, 1007.1, 300,21.7,29.4, 0.0,  0, 0.0000,     0,26.7,30.0,24.8, 25,    19,    47, 0.4870, 0.4757
M5,29/06/23,16:46:10,     7,  9004,   433, 1007.1, 300,21.7,29.4, 0.0,  0, 0.0000,     0,26.7,30.0,24.8, 25,    19,    48, 0.4867, 0.4769
M5,29/06/23,16:46:11,     7,  9005,   433, 1007.1, 300,21.7,29.4, 0.0,  0, 0.0000,     0,26.7,30.0,24.8, 25,    19,    49, 0.4864, 0.4794
M5,29/06/23,16:46:12,     7,  9006,   433, 1007.1, 300,21.7,29.4, 0.0,  0, 0.0000,     0,26.7,30.0,24.8, 25,    19,    50, 0.4850, 0.4845
M5,29/06/23,16:46:13,     7,  9007,   434, 1007.1, 300,21.7,29.4, 0.0,  0, 0.0000,     0,26.7,30.0,24.8, 25,    20,    51, 0.4834, 0.4894
M5,29/06/23,16:46:14,     7,  9008,   434, 1007.1, 300,21.7,29.4, 0.0,  0, 0.0000,     0,26.7,30.0,24.8, 25,    20,    52, 0.4822, 0.4942
M5,29/06/23,16:46:15,     7,  9009,   435, 1007.1, 300,21.7,29.4, 0.0,  0, 0.0000,     0,26.7,30.1,24.8, 25,    20,    53, 0.4817, 0.4942
M5,29/06/23,16:46:16,     7,  9010,   435, 1007.1, 300,21.8,29.4, 0.0,  0, 0.0000,     0,26.7,30.1,24.8, 25,    21,    54, 0.4813, 0.4951
M5,29/06/23,16:46:17,     7,  9011,   435, 1007.1, 300,21.8,29.4, 0.0,  0, 0.0000,     0,26.7,30.1,24.8, 25,    21,    55, 0.4811, 0.4941
M5,29/06/23,16:46:18,     7,  9012,   436, 1007.1, 300,21.8,29.4, 0.0,  0, 0.0000,     0,26.7,30.1,24.8, 25,    22,    56, 0.4813, 0.4922
M5,29/06/23,16:46:19,     7,  9013,   436, 1007.1, 300,21.8,29.4, 0.0,  0, 0.0000,     0,26.7,30.1,24.8, 25,    22,    57, 0.4812, 0.4909
M5,29/06/23,16:46:20,     7,  9014,   437, 1007.1, 300,21.8,29.4, 0.0,  0, 0.0000,     0,26.7,30.1,24.8, 25,    23,    58, 0.4814, 0.4887
M5,29/06/23,16:46:21,     7,  9015,   437, 1007.1, 300,21.8,29.4, 0.0,  0, 0.0000,     0,26.7,30.1,24.8, 25,    23,    59, 0.4820, 0.4860
M5,29/06/23,16:46:22,     7,  9016,   438, 1007.1, 300,21.8,29.4, 0.0,  0, 0.0000,     0,26.7,30.1,24.8, 25,    24,    60, 0.4831, 0.4809
R5,29/06/23,16:46:22,     7,  9016,   438, 1007.1, 300,21.8,29.4, 0.0,  0, 0.0000,     0,26.7,30.1,24.8, 25,    24,    60, 0.4831, 0.4809
End
Start
M5,29/06/23,16:47:10,     7,  9064,   409, 1007.1, 300,21.1,29.5, 0.0,  0, 0.0000,     0,26.7,29.6,24.6, 20,     0,     1, 0.0000, 0.0000
M5,29/06/23,16:47:11,     7,  9065,   409, 1007.1, 301,21.2,29.5, 0.0,  0, 0.0000,     0,26.7,29.6,24.6, 20,     0,     2, 0.0000, 0.0000
M5,29/06/23,16:47:12,     7,  9066,   410, 1007.1, 300,21.2,29.5, 0.0,  0, 0.0000,     0,26.7,29.7,24.6, 20,     1,     3, 0.0000, 0.0000
M5,29/06/23,16:47:13,     7,  9067,   410, 1007.1, 300,21.3,29.5, 0.0,  0, 0.0000,     0,26.7,29.7,24.6, 20,     1,     4, 0.0000, 0.0000
M5,29/06/23,16:47:14,     7,  9068,   411, 1007.1, 300,21.3,29.5, 0.0,  0, 0.0000,     0,26.7,29.8,24.6, 20,     2,     5, 0.0000, 0.0000
M5,29/06/23,16:47:15,     7,  9069,   411, 1007.1, 300,21.3,29.5, 0.0,  0, 0.0000,     0,26.7,29.8,24.6, 20,     2,     6, 0.0000, 0.0000
M5,29/06/23,16:47:16,     7,  9070,   412, 1007.1, 300,21.4,29.5, 0.0,  0, 0.0000,     0,26.7,29.8,24.6, 20,     3,     7, 0.0000, 0.0000
M5,29/06/23,16:47:17,     7,  9071,   412, 1007.1, 300,21.4,29.5, 0.0,  0, 0.0000,     0,26.7,29.9,24.6, 20,     3,     8, 0.0000, 0.0000
M5,29/06/23,16:47:18,     7,  9072,   413, 1007.1, 300,21.5,29.5, 0.0,  0, 0.0000,     0,26.7,29.9,24.6, 20,     3,     9, 0.0000, 0.0000
M5,29/06/23,16:47:19,     7,  9073,   413, 1007.1, 300,21.5,29.5, 0.0,  0, 0.0000,     0,26.7,29.9,24.6, 25,     4,    10, 0.0000, 0.0000
M5,29/06/23,16:47:20,     7,  9074,   413, 1007.1, 300,21.5,29.5, 0.0,  0, 0.0000,     0,26.7,30.0,24.6, 25,     4,    11, 0.0000, 0.0000
M5,29/06/23,16:47:21,     7,  9075,   414, 1007.1, 300,21.5,29.5, 0.0,  0, 0.0000,     0,26.7,30.0,24.6, 25,     5,    12, 0.0000, 0.0000
M5,29/06/23,16:47:22,     7,  9076,   414, 1007.1, 300,21.5,29.5, 0.0,  0, 0.0000,     0,26.7,30.0,24.6, 25,     5,    13, 0.5389, 0.6870
M5,29/06/23,16:47:23,     7,  9077,   414, 1007.1, 300,21.6,29.5, 0.0,  0, 0.0000,     0,26.7,30.0,24.6, 25,     5,    14, 0.5020, 0.6701
M5,29/06/23,16:47:24,     7,  9078,   415, 1007.1, 300,21.6,29.5, 0.0,  0, 0.0000,     0,26.7,30.1,24.6, 25,     5,    15, 0.4743, 0.6313
M5,29/06/23,16:47:25,     7,  9079,   415, 1007.1, 300,21.7,29.5, 0.0,  0, 0.0000,     0,26.7,30.1,24.6, 25,     6,    16, 0.5067, 0.5021
M5,29/06/23,16:47:26,     7,  9080,   416, 1007.1, 300,21.7,29.5, 0.0,  0, 0.0000,     0,26.7,30.1,24.6, 25,     6,    17, 0.5085, 0.4910
M5,29/06/23,16:47:27,     7,  9081,   416, 1007.1, 300,21.7,29.5, 0.0,  0, 0.0000,     0,26.7,30.1,24.6, 25,     7,    18, 0.5166, 0.4759
M5,29/06/23,16:47:28,     7,  9082,   416, 1007.1, 300,21.7,29.5, 0.0,  0, 0.0000,     0,26.7,30.1,24.6, 25,     7,    19, 0.5130, 0.4937
M5,29/06/23,16:47:29,     7,  9083,   417, 1007.1, 300,21.7,29.5, 0.0,  0, 0.0000,     0,26.7,30.2,24.6, 25,     7,    20, 0.4969, 0.5408
M5,29/06/23,16:47:30,     7,  9084,   417, 1007.1, 300,21.7,29.5, 0.0,  0, 0.0000,     0,26.7,30.2,24.6, 25,     8,    21, 0.4855, 0.5643
M5,29/06/23,16:47:31,     7,  9085,   417, 1007.1, 300,21.7,29.5, 0.0,  0, 0.0000,     0,26.7,30.2,24.6, 25,     8,    22, 0.4744, 0.5718
M5,29/06/23,16:47:32,     7,  9086,   418, 1007.1, 300,21.8,29.5, 0.0,  0, 0.0000,     0,26.7,30.2,24.6, 25,     9,    23, 0.4734, 0.5571
M5,29/06/23,16:47:33,     7,  9087,   418, 1007.1, 300,21.8,29.5, 0.0,  0, 0.0000,     0,26.7,30.2,24.6, 25,     9,    24, 0.4788, 0.5165
M5,29/06/23,16:47:34,     7,  9088,   419, 1007.1, 300,21.8,29.5, 0.0,  0, 0.0000,     0,26.7,30.2,24.6, 25,    10,    25, 0.4866, 0.4871
M5,29/06/23,16:47:35,     7,  9089,   419, 1007.1, 300,21.8,29.5, 0.0,  0, 0.0000,     0,26.7,30.3,24.6, 25,    10,    26, 0.4928, 0.4637
M5,29/06/23,16:47:36,     7,  9090,   420, 1007.1, 300,21.9,29.5, 0.0,  0, 0.0000,     0,26.7,30.3,24.6, 25,    11,    27, 0.4993, 0.4472
M5,29/06/23,16:47:37,     7,  9091,   421, 1007.1, 300,21.9,29.5, 0.0,  0, 0.0000,     0,26.7,30.3,24.6, 25,    11,    28, 0.5080, 0.4258
M5,29/06/23,16:47:38,     7,  9092,   421, 1007.1, 300,21.9,29.5, 0.0,  0, 0.0000,     0,26.7,30.3,24.6, 25,    12,    29, 0.5127, 0.4226
M5,29/06/23,16:47:39,     7,  9093,   421, 1007.1, 300,21.9,29.5, 0.0,  0, 0.0000,     0,26.7,30.3,24.6, 25,    12,    30, 0.5154, 0.4301
M5,29/06/23,16:47:40,     7,  9094,   421, 1007.1, 300,21.9,29.5, 0.0,  0, 0.0000,     0,26.7,30.3,24.6, 25,    12,    31, 0.5155, 0.4419
M5,29/06/23,16:47:41,     7,  9095,   422, 1007.1, 300,21.9,29.5, 0.0,  0, 0.0000,     0,26.7,30.3,24.6, 25,    13,    32, 0.5176, 0.4500
M5,29/06/23,16:47:42,     7,  9096,   422, 1007.1, 300,21.9,29.5, 0.0,  0, 0.0000,     0,26.7,30.3,24.6, 25,    13,    33, 0.5190, 0.4536
M5,29/06/23,16:47:43,     7,  9097,   423, 1007.1, 300,22.0,29.5, 0.0,  0, 0.0000,     0,26.7,30.4,24.6, 25,    14,    34, 0.5213, 0.4558
M5,29/06/23,16:47:44,     7,  9098,   423, 1007.1, 299,22.0,29.5, 0.0,  0, 0.0000,     0,26.7,30.4,24.6, 25,    14,    35, 0.5233, 0.4565
M5,29/06/23,16:47:45,     7,  9099,   424, 1007.1, 299,22.0,29.5, 0.0,  0, 0.0000,     0,26.7,30.4,24.6, 25,    15,    36, 0.5254, 0.4565
M5,29/06/23,16:47:46,     7,  9100,   424, 1007.1, 299,22.0,29.5, 0.0,  0, 0.0000,     0,26.7,30.4,24.6, 25,    15,    37, 0.5258, 0.4640
M5,29/06/23,16:47:47,     7,  9101,   425, 1007.1, 299,22.0,29.5, 0.0,  0, 0.0000,     0,26.7,30.4,24.6, 25,    16,    38, 0.5263, 0.4686
M5,29/06/23,16:47:48,     7,  9102,   425, 1007.1, 297,22.0,29.5, 0.0,  0, 0.0000,     0,26.7,30.4,24.6, 25,    16,    39, 0.5262, 0.4759
M5,29/06/23,16:47:49,     7,  9103,   425, 1007.1, 297,22.0,29.5, 0.0,  0, 0.0000,     0,26.7,30.4,24.6, 25,    16,    40, 0.5251, 0.4846
M5,29/06/23,16:47:50,     7,  9104,   426, 1007.1, 298,22.0,29.5, 0.0,  0, 0.0000,     0,26.7,30.4,24.6, 25,    17,    41, 0.5250, 0.4903
M5,29/06/23,16:47:51,     7,  9105,   426, 1007.1, 297,22.0,29.5, 0.0,  0, 0.0000,     0,26.7,30.4,24.6, 25,    17,    42, 0.5250, 0.4932
M5,29/06/23,16:47:52,     7,  9106,   427, 1007.1, 298,22.0,29.5, 0.0,  0, 0.0000,     0,26.7,30.4,24.6, 25,    18,    43, 0.5252, 0.4945
M5,29/06/23,16:47:53,     7,  9107,   427, 1007.1, 298,22.1,29.5, 0.0,  0, 0.0000,     0,26.7,30.4,24.6, 25,    18,    44, 0.5266, 0.4954
M5,29/06/23,16:47:54,     7,  9108,   428, 1007.1, 300,22.1,29.5, 0.0,  0, 0.0000,     0,26.7,30.4,24.6, 25,    19,    45, 0.5274, 0.4947
M5,29/06/23,16:47:55,     7,  9109,   428, 1007.1, 301,22.1,29.5, 0.0,  0, 0.0000,     0,26.7,30.4,24.6, 25,    19,    46, 0.5277, 0.4967
M5,29/06/23,16:47:56,     7,  9110,   428, 1007.1, 302,22.1,29.5, 0.0,  0, 0.0000,     0,26.7,30.4,24.6, 25,    19,    47, 0.5264, 0.5032
M5,29/06/23,16:47:57,     7,  9111,   429, 1007.1, 303,22.1,29.5, 0.0,  0, 0.0000,     0,26.7,30.5,24.6, 25,    19,    48, 0.5250, 0.5103
M5,29/06/23,16:47:58,     7,  9112,   429, 1007.1, 300,22.1,29.5, 0.0,  0, 0.0000,     0,26.7,30.5,24.6, 25,    20,    49, 0.5240, 0.5146
M5,29/06/23,16:47:59,     7,  9113,   430, 1007.1, 300,22.1,29.5, 0.0,  0, 0.0000,     0,26.7,30.5,24.6, 25,    21,    50, 0.5242, 0.5146
M5,29/06/23,16:48:00,     7,  9114,   430, 1007.1, 302,22.1,29.5, 0.0,  0, 0.0000,     0,26.7,30.5,24.6, 25,    21,    51, 0.5244, 0.5138
M5,29/06/23,16:48:01,     7,  9115,   431, 1007.1, 302,22.1,29.5, 0.0,  0, 0.0000,     0,26.7,30.5,24.6, 25,    22,    52, 0.5248, 0.5124
M5,29/06/23,16:48:02,     7,  9116,   431, 1007.1, 302,22.1,29.5, 0.0,  0, 0.0000,     0,26.7,30.5,24.6, 25,    22,    53, 0.5255, 0.5107
M5,29/06/23,16:48:03,     7,  9117,   432, 1007.1, 301,22.1,29.5, 0.0,  0, 0.0000,     0,26.7,30.5,24.6, 25,    23,    54, 0.5262, 0.5085
M5,29/06/23,16:48:04,     7,  9118,   432, 1007.1, 301,22.2,29.6, 0.0,  0, 0.0000,     0,26.7,30.5,24.6, 25,    23,    55, 0.5269, 0.5087
M5,29/06/23,16:48:05,     7,  9119,   432, 1007.1, 301,22.2,29.6, 0.0,  0, 0.0000,     0,26.7,30.5,24.6, 25,    23,    56, 0.5268, 0.5098
M5,29/06/23,16:48:06,     7,  9120,   433, 1007.1, 301,22.2,29.6, 0.0,  0, 0.0000,     0,26.7,30.5,24.6, 25,    24,    57, 0.5269, 0.5108
M5,29/06/23,16:48:07,     7,  9121,   434, 1007.1, 301,22.2,29.6, 0.0,  0, 0.0000,     0,26.7,30.5,24.6, 25,    25,    58, 0.5280, 0.5073
M5,29/06/23,16:48:08,     7,  9122,   434, 1007.1, 300,22.2,29.6, 0.0,  0, 0.0000,     0,26.7,30.5,24.6, 25,    25,    59, 0.5300, 0.5005
M5,29/06/23,16:48:09,     7,  9123,   435, 1007.1, 300,22.2,29.6, 0.0,  0, 0.0000,     0,26.7,30.5,24.6, 25,    26,    60, 0.5326, 0.4931
R5,29/06/23,16:48:09,     7,  9123,   435, 1007.1, 300,22.2,29.6, 0.0,  0, 0.0000,     0,26.7,30.5,24.6, 25,    26,    60, 0.5326, 0.4931
End
Start
M5,29/06/23,16:51:28,     8,  9321,   411, 1007.1, 300,21.1,29.8, 0.0,  0, 0.0000,     0,26.9,29.7,20.2, 20,     1,     1, 0.0000, 0.0000
M5,29/06/23,16:51:29,     8,  9322,   411, 1007.1, 300,21.1,29.8, 0.0,  0, 0.0000,     0,26.9,29.7,20.2, 20,     2,     2, 0.0000, 0.0000
M5,29/06/23,16:51:30,     8,  9323,   412, 1007.1, 300,21.2,29.8, 0.0,  0, 0.0000,     0,26.9,29.8,20.2, 20,     2,     3, 0.0000, 0.0000
M5,29/06/23,16:51:31,     8,  9324,   412, 1007.1, 300,21.2,29.8, 0.0,  0, 0.0000,     0,26.9,29.8,20.2, 20,     3,     4, 0.0000, 0.0000
M5,29/06/23,16:51:32,     8,  9325,   413, 1007.1, 300,21.3,29.8, 0.0,  0, 0.0000,     0,26.9,29.8,20.2, 20,     3,     5, 0.0000, 0.0000
M5,29/06/23,16:51:33,     8,  9326,   413, 1007.1, 300,21.3,29.8, 0.0,  0, 0.0000,     0,26.9,29.9,20.2, 20,     3,     6, 0.0000, 0.0000
M5,29/06/23,16:51:34,     8,  9327,   414, 1007.1, 300,21.5,29.8, 0.0,  0, 0.0000,     0,26.9,29.9,20.2, 20,     4,     7, 0.0000, 0.0000
M5,29/06/23,16:51:35,     8,  9328,   414, 1007.1, 300,21.5,29.8, 0.0,  0, 0.0000,     0,26.9,29.9,20.0, 20,     5,     8, 0.0000, 0.0000
M5,29/06/23,16:51:36,     8,  9329,   415, 1007.1, 300,21.5,29.8, 0.0,  0, 0.0000,     0,26.9,29.9,20.0, 20,     5,     9, 0.0000, 0.0000
M5,29/06/23,16:51:37,     8,  9330,   415, 1007.1, 300,21.6,29.8, 0.0,  0, 0.0000,     0,26.9,30.0,20.0, 25,     6,    10, 0.0000, 0.0000
M5,29/06/23,16:51:38,     8,  9331,   416, 1007.1, 300,21.6,29.8, 0.0,  0, 0.0000,     0,26.9,30.0,20.0, 25,     6,    11, 0.0000, 0.0000
M5,29/06/23,16:51:39,     8,  9332,   416, 1007.1, 300,21.7,29.8, 0.0,  0, 0.0000,     0,26.9,30.0,20.0, 25,     7,    12, 0.0000, 0.0000
M5,29/06/23,16:51:40,     8,  9333,   417, 1007.1, 300,21.7,29.8, 0.0,  0, 0.0000,     0,26.9,30.0,20.0, 25,     7,    13, 0.5842, 0.4382
M5,29/06/23,16:51:41,     8,  9334,   418, 1007.1, 299,21.8,29.8, 0.0, 21, 0.0000,     0,26.9,30.1,20.0, 25,     8,    14, 0.6942, 0.3612
M5,29/06/23,16:51:42,     8,  9335,   418, 1007.1, 300,21.8,29.8, 0.0, 21, 0.0000,     0,26.9,30.1,20.0, 25,     9,    15, 0.7316, 0.4367
M5,29/06/23,16:51:43,     8,  9336,   419, 1007.1, 300,21.8,29.8, 0.0, 21, 0.0000,     0,26.9,30.1,20.0, 25,     9,    16, 0.7519, 0.5112
M5,29/06/23,16:51:44,     8,  9337,   420, 1007.1, 300,21.9,29.8, 0.0,  0, 0.0000,     0,26.9,30.1,20.0, 25,    10,    17, 0.7707, 0.5798
M5,29/06/23,16:51:45,     8,  9338,   420, 1007.1, 300,21.9,29.8, 0.0,  0, 0.0000,     0,26.9,30.1,20.0, 25,    11,    18, 0.7771, 0.6222
M5,29/06/23,16:51:47,     8,  9339,   421, 1007.1, 300,22.1,29.8, 0.0,  0, 0.0000,     0,26.9,30.1,20.0, 25,    11,    19, 0.7868, 0.6612
M5,29/06/23,16:51:48,     8,  9340,   421, 1007.1, 300,22.1,29.8, 0.0,  0, 0.0000,     0,26.9,30.2,20.0, 25,    12,    20, 0.7656, 0.7505
M5,29/06/23,16:51:49,     8,  9341,   422, 1007.1, 300,22.2,29.8, 0.0,  0, 0.0000,     0,26.9,30.2,20.0, 25,    12,    21, 0.7447, 0.8288
M5,29/06/23,16:51:50,     8,  9342,   422, 1007.1, 300,22.2,29.8, 0.0,  0, 0.0000,     0,26.9,30.2,20.0, 25,    12,    22, 0.7233, 0.8604
M5,29/06/23,16:51:51,     8,  9343,   423, 1007.1, 300,22.2,29.8, 0.0,  0, 0.0000,     0,26.9,30.2,20.0, 25,    13,    23, 0.7117, 0.8528
M5,29/06/23,16:51:52,     8,  9344,   423, 1007.1, 300,22.3,29.8, 0.0,  0, 0.0000,     0,26.9,30.2,20.0, 25,    14,    24, 0.7051, 0.8487
M5,29/06/23,16:51:53,     8,  9345,   424, 1007.1, 300,22.3,29.8, 0.0,  0, 0.0000,     0,26.9,30.2,20.0, 25,    14,    25, 0.6954, 0.8397
M5,29/06/23,16:51:54,     8,  9346,   424, 1007.1, 300,22.4,29.8, 0.0,  0, 0.0000,     0,26.9,30.2,20.0, 25,    15,    26, 0.6943, 0.8219
M5,29/06/23,16:51:55,     8,  9347,   425, 1007.1, 300,22.4,29.8, 0.0,  0, 0.0000,     0,26.9,30.2,20.0, 25,    15,    27, 0.6888, 0.8075
M5,29/06/23,16:51:56,     8,  9348,   425, 1007.1, 300,22.5,29.8, 0.0,  0, 0.0000,     0,26.9,30.2,20.0, 25,    16,    28, 0.6855, 0.7990
M5,29/06/23,16:51:57,     8,  9349,   426, 1007.1, 300,22.5,29.8, 0.0,  0, 0.0000,     0,26.9,30.3,20.0, 25,    16,    29, 0.6829, 0.7809
M5,29/06/23,16:51:58,     8,  9350,   427, 1007.1, 300,22.6,29.8, 0.0,  0, 0.0000,     0,26.9,30.3,20.0, 25,    17,    30, 0.6851, 0.7630
M5,29/06/23,16:51:59,     8,  9351,   427, 1007.1, 300,22.6,29.8, 0.0,  0, 0.0000,     0,26.9,30.3,20.0, 25,    17,    31, 0.6833, 0.7503
M5,29/06/23,16:52:00,     8,  9352,   428, 1007.1, 300,22.6,29.8, 0.0,  0, 0.0000,     0,26.9,30.3,20.0, 25,    18,    32, 0.6810, 0.7423
M5,29/06/23,16:52:01,     8,  9353,   428, 1007.1, 300,22.7,29.8, 0.0,  0, 0.0000,     0,26.9,30.3,20.0, 25,    18,    33, 0.6802, 0.7391
M5,29/06/23,16:52:02,     8,  9354,   429, 1007.1, 300,22.7,29.8, 0.0,  0, 0.0000,     0,26.9,30.3,20.0, 25,    19,    34, 0.6773, 0.7358
M5,29/06/23,16:52:03,     8,  9355,   429, 1007.1, 300,22.8,29.8, 0.0,  0, 0.0000,     0,26.9,30.3,20.0, 25,    19,    35, 0.6762, 0.7354
M5,29/06/23,16:52:04,     8,  9356,   430, 1007.1, 300,22.8,29.8, 0.0,  0, 0.0000,     0,26.9,30.3,20.0, 25,    20,    36, 0.6731, 0.7337
M5,29/06/23,16:52:05,     8,  9357,   430, 1007.1, 300,22.8,29.8, 0.0,  0, 0.0000,     0,26.9,30.3,20.0, 25,    21,    37, 0.6731, 0.7288
M5,29/06/23,16:52:06,     8,  9358,   431, 1007.1, 300,22.8,29.8, 0.0,  0, 0.0000,     0,26.9,30.3,20.0, 25,    21,    38, 0.6726, 0.7195
M5,29/06/23,16:52:07,     8,  9359,   431, 1007.1, 300,22.8,29.8, 0.0,  0, 0.0000,     0,26.9,30.3,20.0, 25,    22,    39, 0.6717, 0.7129
M5,29/06/23,16:52:08,     8,  9360,   432, 1007.1, 300,23.0,29.8, 0.0,  0, 0.0000,     0,26.9,30.3,20.0, 25,    22,    40, 0.6723, 0.7119
M5,29/06/23,16:52:09,     8,  9361,   432, 1007.1, 300,23.0,29.8, 0.0,  0, 0.0000,     0,26.9,30.3,20.0, 25,    23,    41, 0.6717, 0.7059
M5,29/06/23,16:52:10,     8,  9362,   433, 1007.1, 300,23.0,29.8, 0.0,  0, 0.0000,     0,26.9,30.3,20.0, 25,    23,    42, 0.6716, 0.7028
M5,29/06/23,16:52:11,     8,  9363,   434, 1007.1, 300,23.0,29.8, 0.0,  0, 0.0000,     0,26.9,30.3,20.0, 25,    24,    43, 0.6715, 0.6968
M5,29/06/23,16:52:12,     8,  9364,   434, 1007.1, 300,23.1,29.8, 0.0,  0, 0.0000,     0,26.9,30.3,20.0, 25,    25,    44, 0.6741, 0.6873
M5,29/06/23,16:52:13,     8,  9365,   435, 1007.1, 300,23.1,29.8, 0.0,  0, 0.0000,     0,26.9,30.3,20.0, 25,    25,    45, 0.6749, 0.6801
M5,29/06/23,16:52:14,     8,  9366,   436, 1007.1, 300,23.1,29.8, 0.0,  0, 0.0000,     0,26.9,30.3,20.0, 25,    26,    46, 0.6760, 0.6725
M5,29/06/23,16:52:15,     8,  9367,   436, 1007.1, 300,23.1,29.8, 0.0,  0, 0.0000,     0,26.9,30.3,20.0, 25,    26,    47, 0.6775, 0.6685
M5,29/06/23,16:52:16,     8,  9368,   437, 1007.1, 300,23.1,29.8, 0.0,  0, 0.0000,     0,26.9,30.3,20.0, 25,    27,    48, 0.6777, 0.6658
M5,29/06/23,16:52:17,     8,  9369,   437, 1007.1, 300,23.2,29.8, 0.0,  0, 0.0000,     0,26.9,30.3,20.0, 25,    27,    49, 0.6787, 0.6658
M5,29/06/23,16:52:18,     8,  9370,   438, 1007.1, 300,23.2,29.8, 0.0,  0, 0.0000,     0,26.9,30.3,20.0, 25,    28,    50, 0.6791, 0.6633
M5,29/06/23,16:52:19,     8,  9371,   438, 1007.1, 300,23.3,29.8, 0.0,  0, 0.0000,     0,26.9,30.3,20.0, 25,    29,    51, 0.6798, 0.6630
M5,29/06/23,16:52:20,     8,  9372,   439, 1007.1, 300,23.3,29.8, 0.0,  0, 0.0000,     0,26.9,30.3,20.0, 25,    29,    52, 0.6789, 0.6654
M5,29/06/23,16:52:21,     8,  9373,   439, 1007.1, 300,23.3,29.8, 0.0,  0, 0.0000,     0,26.9,30.3,20.0, 25,    30,    53, 0.6793, 0.6667
M5,29/06/23,16:52:22,     8,  9374,   440, 1007.1, 300,23.3,29.8, 0.0,  0, 0.0000,     0,26.9,30.3,20.0, 25,    30,    54, 0.6787, 0.6678
M5,29/06/23,16:52:23,     8,  9375,   440, 1007.1, 300,23.3,29.8, 0.0,  0, 0.0000,     0,26.9,30.3,20.0, 25,    31,    55, 0.6785, 0.6673
M5,29/06/23,16:52:24,     8,  9376,   441, 1007.1, 300,23.4,29.8, 0.0,  0, 0.0000,     0,26.9,30.3,20.0, 25,    31,    56, 0.6796, 0.6666
M5,29/06/23,16:52:25,     8,  9377,   442, 1007.1, 300,23.4,29.8, 0.0,  0, 0.0000,     0,26.9,30.3,20.0, 25,    32,    57, 0.6800, 0.6641
M5,29/06/23,16:52:26,     8,  9378,   442, 1007.1, 300,23.5,29.8, 0.0,  0, 0.0000,     0,26.9,30.3,20.0, 25,    33,    58, 0.6815, 0.6619
M5,29/06/23,16:52:27,     8,  9379,   443, 1007.1, 300,23.5,29.8, 0.0,  0, 0.0000,     0,26.9,30.3,20.0, 25,    33,    59, 0.6819, 0.6601
M5,29/06/23,16:52:28,     8,  9380,   443, 1007.1, 300,23.5,29.8, 0.0,  0, 0.0000,     0,26.9,30.3,20.0, 25,    34,    60, 0.6821, 0.6611
R5,29/06/23,16:52:28,     8,  9380,   443, 1007.1, 300,23.5,29.8, 0.0,  0, 0.0000,     0,26.9,30.3,20.0, 25,    34,    60, 0.6821, 0.6611
End
Start
M5,29/06/23,16:53:17,     8,  9429,   410, 1007.1, 300,21.1,29.8, 0.0,  0, 0.0000,     0,26.9,29.5,20.0, 20,     0,     1, 0.0000, 0.0000
M5,29/06/23,16:53:18,     8,  9430,   410, 1007.1, 300,21.1,29.8, 0.0,  0, 0.0000,     0,26.9,29.5,20.0, 20,     1,     2, 0.0000, 0.0000
M5,29/06/23,16:53:19,     8,  9431,   411, 1007.1, 300,21.2,29.8, 0.0,  0, 0.0000,     0,26.9,29.6,20.0, 20,     2,     3, 0.0000, 0.0000
M5,29/06/23,16:53:20,     8,  9432,   412, 1007.1, 300,21.2,29.8, 0.0,  0, 0.0000,     0,26.9,29.6,20.0, 20,     2,     4, 0.0000, 0.0000
M5,29/06/23,16:53:21,     8,  9433,   413, 1007.1, 300,21.2,29.8, 0.0,  0, 0.0000,     0,26.9,29.6,20.0, 20,     3,     5, 0.0000, 0.0000
M5,29/06/23,16:53:22,     8,  9434,   413, 1007.1, 300,21.2,29.8, 0.0,  0, 0.0000,     0,26.9,29.7,20.0, 20,     4,     6, 0.0000, 0.0000
M5,29/06/23,16:53:23,     8,  9435,   413, 1007.1, 300,21.2,29.8, 0.0,  0, 0.0000,     0,26.9,29.7,20.0, 20,     4,     7, 0.0000, 0.0000
M5,29/06/23,16:53:24,     8,  9436,   414, 1007.1, 300,21.3,29.8, 0.0,  0, 0.0000,     0,26.9,29.7,20.0, 20,     4,     8, 0.0000, 0.0000
M5,29/06/23,16:53:25,     8,  9437,   414, 1007.1, 301,21.3,29.8, 0.0,  0, 0.0000,     0,26.9,29.7,20.0, 20,     5,     9, 0.0000, 0.0000
M5,29/06/23,16:53:26,     8,  9438,   415, 1007.1, 300,21.4,29.8, 0.0,  0, 0.0000,     0,26.9,29.8,20.0, 25,     5,    10, 0.0000, 0.0000
M5,29/06/23,16:53:27,     8,  9439,   415, 1007.1, 300,21.4,29.8, 0.0,  0, 0.0000,     0,26.9,29.8,20.0, 25,     6,    11, 0.0000, 0.0000
M5,29/06/23,16:53:28,     8,  9440,   416, 1007.1, 300,21.4,29.8, 0.0,  0, 0.0000,     0,26.9,29.8,20.0, 25,     7,    12, 0.0000, 0.0000
M5,29/06/23,16:53:29,     8,  9441,   417, 1007.1, 300,21.4,29.8, 0.0,  0, 0.0000,     0,26.9,29.8,20.0, 25,     7,    13, 0.8564, 1.0012
M5,29/06/23,16:53:30,     8,  9442,   417, 1007.1, 300,21.4,29.8, 0.0,  0, 0.0000,     0,26.9,29.8,20.0, 25,     8,    14, 0.8315, 0.9466
M5,29/06/23,16:53:31,     8,  9443,   418, 1007.1, 300,21.6,29.8, 0.0,  0, 0.0000,     0,26.9,29.9,20.0, 25,     8,    15, 0.8276, 0.9198
M5,29/06/23,16:53:32,     8,  9444,   419, 1007.1, 300,21.6,29.8, 0.0,  0, 0.0000,     0,26.9,29.9,20.0, 25,     9,    16, 0.8166, 0.8912
M5,29/06/23,16:53:33,     8,  9445,   419, 1007.1, 300,21.6,29.8, 0.0,  0, 0.0000,     0,26.9,29.9,20.0, 25,    10,    17, 0.7979, 0.9160
M5,29/06/23,16:53:34,     8,  9446,   419, 1007.1, 300,21.6,29.8, 0.0,  0, 0.0000,     0,26.9,29.9,20.0, 25,    10,    18, 0.7466, 0.9979
M5,29/06/23,16:53:35,     8,  9447,   420, 1007.1, 300,21.7,29.8, 0.0,  0, 0.0000,     0,26.9,29.9,20.0, 25,    10,    19, 0.7079, 1.0359
M5,29/06/23,16:53:36,     8,  9448,   420, 1007.1, 300,21.7,29.8, 0.0,  0, 0.0000,     0,26.9,29.9,20.0, 25,    10,    20, 0.6685, 1.0358
M5,29/06/23,16:53:37,     8,  9449,   420, 1007.1, 300,21.8,29.8, 0.0,  0, 0.0000,     0,26.9,29.9,20.0, 25,    11,    21, 0.6471, 1.0011
M5,29/06/23,16:53:38,     8,  9450,   421, 1007.1, 300,21.8,29.8, 0.0,  0, 0.0000,     0,26.9,30.0,20.0, 25,    11,    22, 0.6229, 0.9695
M5,29/06/23,16:53:39,     8,  9451,   421, 1007.1, 300,21.8,29.8, 0.0,  0, 0.0000,     0,26.9,30.0,20.0, 25,    12,    23, 0.6068, 0.9239
M5,29/06/23,16:53:40,     8,  9452,   422, 1007.1, 300,22.0,29.8, 0.0,  0, 0.0000,     0,26.9,30.0,20.0, 25,    12,    24, 0.6055, 0.8646
M5,29/06/23,16:53:41,     8,  9453,   423, 1007.1, 300,22.0,29.8, 0.0,  0, 0.0000,     0,26.9,30.0,20.0, 25,    13,    25, 0.6097, 0.7866
M5,29/06/23,16:53:42,     8,  9454,   424, 1007.1, 300,22.0,29.8, 0.0,  0, 0.0000,     0,26.9,30.0,20.0, 25,    14,    26, 0.6223, 0.7121
M5,29/06/23,16:53:43,     8,  9455,   424, 1007.1, 300,22.0,29.8, 0.0,  0, 0.0000,     0,26.9,30.0,20.0, 25,    14,    27, 0.6255, 0.6780
M5,29/06/23,16:53:44,     8,  9456,   424, 1007.1, 300,22.1,29.8, 0.0,  0, 0.0000,     0,26.9,30.0,20.0, 25,    15,    28, 0.6276, 0.6707
M5,29/06/23,16:53:45,     8,  9457,   424, 1007.1, 300,22.1,29.8, 0.0,  0, 0.0000,     0,26.9,30.0,20.0, 25,    15,    29, 0.6232, 0.6722
M5,29/06/23,16:53:46,     8,  9458,   425, 1007.1, 300,22.1,29.8, 0.0,  0, 0.0000,     0,26.9,30.0,20.0, 25,    15,    30, 0.6171, 0.6796
M5,29/06/23,16:53:47,     8,  9459,   425, 1007.1, 300,22.2,29.8, 0.0,  0, 0.0000,     0,26.9,30.0,20.0, 25,    16,    31, 0.6115, 0.6910
M5,29/06/23,16:53:48,     8,  9460,   426, 1007.1, 300,22.2,29.8, 0.0,  0, 0.0000,     0,26.9,30.0,20.0, 25,    16,    32, 0.6052, 0.6953
M5,29/06/23,16:53:49,     8,  9461,   426, 1007.1, 300,22.3,29.8, 0.0,  0, 0.0000,     0,26.9,30.0,20.0, 25,    17,    33, 0.6065, 0.6835
M5,29/06/23,16:53:50,     8,  9462,   427, 1007.1, 300,22.3,29.8, 0.0,  0, 0.0000,     0,26.9,30.1,20.0, 25,    18,    34, 0.6090, 0.6596
M5,29/06/23,16:53:51,     8,  9463,   428, 1007.1, 300,22.4,29.8, 0.0,  0, 0.0000,     0,26.9,30.1,20.0, 25,    18,    35, 0.6144, 0.6385
M5,29/06/23,16:53:52,     8,  9464,   429, 1007.1, 300,22.4,29.8, 0.0,  0, 0.0000,     0,26.9,30.1,20.0, 25,    19,    36, 0.6185, 0.6172
M5,29/06/23,16:53:53,     8,  9465,   429, 1007.1, 300,22.4,29.8, 0.0,  0, 0.0000,     0,26.9,30.1,20.0, 25,    19,    37, 0.6202, 0.6082
M5,29/06/23,16:53:54,     8,  9466,   430, 1007.1, 300,22.5,29.8, 0.0,  0, 0.0000,     0,26.9,30.1,20.0, 25,    20,    38, 0.6242, 0.5993
M5,29/06/23,16:53:55,     8,  9467,   430, 1007.1, 300,22.5,29.8, 0.0,  0, 0.0000,     0,26.9,30.1,20.0, 25,    21,    39, 0.6285, 0.5839
M5,29/06/23,16:53:56,     8,  9468,   431, 1007.1, 300,22.6,29.8, 0.0,  0, 0.0000,     0,26.9,30.1,20.0, 25,    22,    40, 0.6347, 0.5719
M5,29/06/23,16:53:57,     8,  9469,   432, 1007.1, 300,22.6,29.8, 0.0,  0, 0.0000,     0,26.9,30.1,20.0, 25,    22,    41, 0.6392, 0.5600
M5,29/06/23,16:53:58,     8,  9470,   432, 1007.1, 300,22.6,29.8, 0.0,  0, 0.0000,     0,26.9,30.1,20.0, 25,    23,    42, 0.6450, 0.5509
M5,29/06/23,16:53:59,     8,  9471,   433, 1007.1, 300,22.6,29.8, 0.0,  0, 0.0000,     0,26.9,30.1,20.0, 25,    23,    43, 0.6485, 0.5458
M5,29/06/23,16:54:00,     8,  9472,   433, 1007.1, 300,22.7,29.8, 0.0,  0, 0.0000,     0,26.9,30.1,20.0, 25,    24,    44, 0.6535, 0.5421
M5,29/06/23,16:54:01,     8,  9473,   434, 1007.1, 300,22.7,29.8, 0.0,  0, 0.0000,     0,26.9,30.1,20.0, 25,    24,    45, 0.6563, 0.5409
M5,29/06/23,16:54:02,     8,  9474,   434, 1007.1, 300,22.7,29.8, 0.0,  0, 0.0000,     0,26.9,30.1,20.0, 25,    25,    46, 0.6585, 0.5425
M5,29/06/23,16:54:03,     8,  9475,   435, 1007.1, 300,22.8,29.8, 0.0,  0, 0.0000,     0,26.9,30.1,20.0, 25,    26,    47, 0.6626, 0.5413
M5,29/06/23,16:54:04,     8,  9476,   436, 1007.1, 300,22.8,29.8, 0.0,  0, 0.0000,     0,26.9,30.1,20.0, 25,    27,    48, 0.6666, 0.5366
M5,29/06/23,16:54:05,     8,  9477,   437, 1007.1, 300,22.9,29.8, 0.0,  0, 0.0000,     0,26.9,30.1,20.0, 25,    27,    49, 0.6715, 0.5339
M5,29/06/23,16:54:06,     8,  9478,   438, 1007.1, 300,22.9,29.8, 0.0,  0, 0.0000,     0,26.9,30.1,20.0, 25,    28,    50, 0.6759, 0.5285
M5,29/06/23,16:54:07,     8,  9479,   438, 1007.1, 300,22.9,29.8, 0.0,  0, 0.0000,     0,26.9,30.1,20.0, 25,    29,    51, 0.6810, 0.5253
M5,29/06/23,16:54:08,     8,  9480,   439, 1007.1, 300,22.9,29.8, 0.0,  0, 0.0000,     0,26.9,30.1,20.0, 25,    29,    52, 0.6843, 0.5249
M5,29/06/23,16:54:09,     8,  9481,   439, 1007.1, 300,22.9,29.8, 0.0,  0, 0.0000,     0,26.9,30.1,20.0, 25,    30,    53, 0.6869, 0.5272
M5,29/06/23,16:54:10,     8,  9482,   440, 1007.1, 300,23.0,29.8, 0.0,  0, 0.0000,     0,26.9,30.1,20.0, 25,    30,    54, 0.6891, 0.5343
M5,29/06/23,16:54:11,     8,  9483,   440, 1007.1, 300,23.0,29.8, 0.0,  0, 0.0000,     0,26.9,30.1,20.0, 25,    31,    55, 0.6901, 0.5416
M5,29/06/23,16:54:12,     8,  9484,   441, 1007.1, 300,23.1,29.8, 0.0,  0, 0.0000,     0,26.9,30.1,20.0, 25,    31,    56, 0.6917, 0.5506
M5,29/06/23,16:54:13,     8,  9485,   441, 1007.1, 300,23.1,29.8, 0.0,  0, 0.0000,     0,26.9,30.1,20.0, 25,    32,    57, 0.6925, 0.5571
M5,29/06/23,16:54:14,     8,  9486,   442, 1007.1, 300,23.1,29.8, 0.0,  0, 0.0000,     0,26.9,30.1,20.0, 25,    32,    58, 0.6940, 0.5630
M5,29/06/23,16:54:15,     8,  9487,   443, 1007.1, 300,23.1,29.8, 0.0,  0, 0.0000,     0,26.9,30.1,20.0, 25,    33,    59, 0.6956, 0.5655
M5,29/06/23,16:54:16,     8,  9488,   443, 1007.1, 300,23.1,29.8, 0.0,  0, 0.0000,     0,26.9,30.1,20.0, 25,    34,    60, 0.6968, 0.5694
R5,29/06/23,16:54:16,     8,  9488,   443, 1007.1, 300,23.1,29.8, 0.0,  0, 0.0000,     0,26.9,30.1,20.0, 25,    34,    60, 0.6968, 0.5694
End
Start
M5,29/06/23,16:55:02,     8,  9533,   410, 1007.1, 300,20.9,29.8, 0.0,  0, 0.0000,     0,26.9,29.1,20.0, 20,     0,     1, 0.0000, 0.0000
M5,29/06/23,16:55:03,     8,  9534,   410, 1007.1, 301,20.9,29.8, 0.0,  0, 0.0000,     0,26.9,29.1,20.0, 20,     1,     2, 0.0000, 0.0000
M5,29/06/23,16:55:04,     8,  9535,   411, 1007.1, 300,21.0,29.8, 0.0,  0, 0.0000,     0,26.9,29.2,20.0, 20,     1,     3, 0.0000, 0.0000
M5,29/06/23,16:55:05,     8,  9536,   411, 1007.1, 299,21.0,29.8, 0.0,  0, 0.0000,     0,26.9,29.2,19.8, 20,     2,     4, 0.0000, 0.0000
M5,29/06/23,16:55:06,     8,  9537,   412, 1007.1, 300,21.1,29.8, 0.0,  0, 0.0000,     0,26.9,29.2,19.8, 20,     2,     5, 0.0000, 0.0000
M5,29/06/23,16:55:07,     8,  9538,   412, 1007.1, 300,21.1,29.8, 0.0,  0, 0.0000,     0,26.9,29.2,19.8, 20,     2,     6, 0.0000, 0.0000
M5,29/06/23,16:55:08,     8,  9539,   412, 1007.1, 300,21.2,29.8, 0.0,  0, 0.0000,     0,26.9,29.3,19.8, 20,     3,     7, 0.0000, 0.0000
M5,29/06/23,16:55:09,     8,  9540,   413, 1007.1, 300,21.2,29.8, 0.0,  0, 0.0000,     0,26.9,29.3,19.8, 20,     4,     8, 0.0000, 0.0000
M5,29/06/23,16:55:10,     8,  9541,   414, 1007.0, 300,21.2,29.8, 0.0,  0, 0.0000,     0,26.9,29.3,19.8, 20,     4,     9, 0.0000, 0.0000
M5,29/06/23,16:55:11,     8,  9542,   414, 1007.0, 300,21.2,29.8, 0.0,  0, 0.0000,     0,26.9,29.4,19.8, 25,     5,    10, 0.0000, 0.0000
M5,29/06/23,16:55:12,     8,  9543,   415, 1007.0, 300,21.2,29.8, 0.0,  0, 0.0000,     0,26.9,29.4,19.8, 25,     5,    11, 0.0000, 0.0000
M5,29/06/23,16:55:13,     8,  9544,   415, 1007.0, 300,21.3,29.8, 0.0,  0, 0.0000,     0,26.9,29.4,19.8, 25,     6,    12, 0.0000, 0.0000
M5,29/06/23,16:55:14,     8,  9545,   416, 1007.1, 300,21.3,29.8, 0.0,  0, 0.0000,     0,26.9,29.4,19.8, 25,     7,    13, 0.7905, 0.7987
M5,29/06/23,16:55:15,     8,  9546,   417, 1007.1, 300,21.4,29.8, 0.0,  0, 0.0000,     0,26.9,29.4,19.8, 25,     7,    14, 0.8369, 0.7285
M5,29/06/23,16:55:16,     8,  9547,   417, 1007.1, 300,21.4,29.8, 0.0,  0, 0.0000,     0,26.9,29.5,19.8, 25,     8,    15, 0.8103, 0.8266
M5,29/06/23,16:55:17,     8,  9548,   418, 1007.1, 300,21.5,29.8, 0.0,  0, 0.0000,     0,26.9,29.5,19.8, 25,     9,    16, 0.8068, 0.8456
M5,29/06/23,16:55:18,     8,  9549,   419, 1007.1, 300,21.5,29.8, 0.0,  0, 0.0000,     0,26.9,29.5,19.8, 25,     9,    17, 0.7829, 0.8763
M5,29/06/23,16:55:19,     8,  9550,   419, 1007.1, 300,21.5,29.8, 0.0,  0, 0.0000,     0,26.9,29.5,19.8, 25,     9,    18, 0.7458, 0.9285
M5,29/06/23,16:55:20,     8,  9551,   419, 1007.1, 300,21.6,29.8, 0.0,  0, 0.0000,     0,26.9,29.5,19.8, 25,    10,    19, 0.7125, 0.9666
M5,29/06/23,16:55:21,     8,  9552,   420, 1007.1, 300,21.6,29.8, 0.0,  0, 0.0000,     0,26.9,29.5,19.8, 25,    10,    20, 0.6859, 0.9535
M5,29/06/23,16:55:22,     8,  9553,   420, 1007.1, 300,21.7,29.8, 0.0,  0, 0.0000,     0,26.9,29.6,19.8, 25,    11,    21, 0.6781, 0.9055
M5,29/06/23,16:55:23,     8,  9554,   421, 1007.1, 300,21.7,29.8, 0.0,  0, 0.0000,     0,26.9,29.6,19.8, 25,    11,    22, 0.6681, 0.8664
M5,29/06/23,16:55:24,     8,  9555,   421, 1007.1, 300,21.8,29.8, 0.0,  0, 0.0000,     0,26.9,29.6,19.8, 25,    12,    23, 0.6687, 0.8223
M5,29/06/23,16:55:25,     8,  9556,   422, 1007.1, 300,21.8,29.8, 0.0,  0, 0.0000,     0,26.9,29.6,19.8, 25,    13,    24, 0.6695, 0.7764
M5,29/06/23,16:55:26,     8,  9557,   423, 1007.1, 300,21.8,29.8, 0.0,  0, 0.0000,     0,26.9,29.6,19.8, 25,    13,    25, 0.6684, 0.7502
M5,29/06/23,16:55:27,     8,  9558,   423, 1007.0, 300,21.9,29.8, 0.0,  0, 0.0000,     0,26.9,29.6,19.8, 25,    14,    26, 0.6731, 0.7250
M5,29/06/23,16:55:28,     8,  9559,   424, 1007.0, 300,21.9,29.8, 0.0,  0, 0.0000,     0,26.9,29.6,19.8, 25,    15,    27, 0.6762, 0.6992
M5,29/06/23,16:55:29,     8,  9560,   425, 1007.0, 300,22.0,29.8, 0.0,  0, 0.0000,     0,26.9,29.6,19.8, 25,    15,    28, 0.6820, 0.6811
M5,29/06/23,16:55:30,     8,  9561,   425, 1007.0, 300,22.0,29.8, 0.0,  0, 0.0000,     0,26.9,29.6,19.8, 25,    16,    29, 0.6831, 0.6728
M5,29/06/23,16:55:31,     8,  9562,   425, 1007.0, 300,22.1,29.8, 0.0,  0, 0.0000,     0,26.9,29.6,19.8, 25,    16,    30, 0.6829, 0.6827
M5,29/06/23,16:55:32,     8,  9563,   426, 1007.0, 300,22.1,29.8, 0.0,  0, 0.0000,     0,26.9,29.6,19.8, 25,    16,    31, 0.6796, 0.6894
M5,29/06/23,16:55:33,     8,  9564,   426, 1007.1, 301,22.1,29.8, 0.0,  0, 0.0000,     0,26.9,29.7,19.8, 25,    17,    32, 0.6776, 0.6976
M5,29/06/23,16:55:34,     8,  9565,   427, 1007.1, 300,22.1,29.8, 0.0,  0, 0.0000,     0,26.9,29.7,19.8, 25,    17,    33, 0.6719, 0.7096
M5,29/06/23,16:55:35,     8,  9566,   427, 1007.1, 300,22.1,29.8, 0.0,  0, 0.0000,     0,26.9,29.7,19.8, 25,    18,    34, 0.6669, 0.7178
M5,29/06/23,16:55:36,     8,  9567,   428, 1007.0, 300,22.2,29.8, 0.0,  0, 0.0000,     0,26.9,29.7,19.8, 25,    19,    35, 0.6673, 0.7128
M5,29/06/23,16:55:37,     8,  9568,   429, 1007.0, 300,22.2,29.8, 0.0,  0, 0.0000,     0,26.9,29.7,19.8, 25,    19,    36, 0.6673, 0.7030
M5,29/06/23,16:55:38,     8,  9569,   429, 1007.0, 300,22.3,29.8, 0.0,  0, 0.0000,     0,26.9,29.7,19.8, 25,    20,    37, 0.6697, 0.6934
M5,29/06/23,16:55:39,     8,  9570,   430, 1007.0, 300,22.3,29.8, 0.0,  0, 0.0000,     0,26.9,29.7,19.8, 25,    21,    38, 0.6713, 0.6817
M5,29/06/23,16:55:40,     8,  9571,   430, 1007.0, 300,22.4,29.8, 0.0,  0, 0.0000,     0,26.9,29.7,19.8, 25,    21,    39, 0.6722, 0.6806
M5,29/06/23,16:55:41,     8,  9572,   431, 1007.0, 300,22.4,29.8, 0.0,  0, 0.0000,     0,26.9,29.7,19.8, 25,    21,    40, 0.6712, 0.6798
M5,29/06/23,16:55:42,     8,  9573,   431, 1007.0, 300,22.4,29.8, 0.0,  0, 0.0000,     0,26.9,29.7,19.8, 25,    22,    41, 0.6712, 0.6763
M5,29/06/23,16:55:43,     8,  9574,   432, 1007.0, 300,22.5,29.8, 0.0,  0, 0.0000,     0,26.9,29.7,19.8, 25,    23,    42, 0.6731, 0.6722
M5,29/06/23,16:55:44,     8,  9575,   433, 1007.0, 300,22.5,29.8, 0.0,  0, 0.0000,     0,26.9,29.7,19.8, 25,    23,    43, 0.6741, 0.6658
M5,29/06/23,16:55:45,     8,  9576,   433, 1007.0, 300,22.5,29.8, 0.0,  0, 0.0000,     0,26.9,29.7,19.8, 25,    24,    44, 0.6749, 0.6669
M5,29/06/23,16:55:46,     8,  9577,   434, 1007.0, 300,22.5,29.8, 0.0,  0, 0.0000,     0,26.9,29.7,19.8, 25,    24,    45, 0.6742, 0.6678
M5,29/06/23,16:55:47,     8,  9578,   434, 1007.0, 300,22.6,29.8, 0.0,  0, 0.0000,     0,26.9,29.7,19.8, 25,    25,    46, 0.6749, 0.6672
M5,29/06/23,16:55:48,     8,  9579,   435, 1007.0, 300,22.6,29.8, 0.0,  0, 0.0000,     0,26.9,29.7,19.8, 25,    25,    47, 0.6744, 0.6671
M5,29/06/23,16:55:49,     8,  9580,   435, 1007.0, 300,22.6,29.8, 0.0,  0, 0.0000,     0,26.9,29.7,19.8, 25,    25,    48, 0.6723, 0.6732
M5,29/06/23,16:55:50,     8,  9581,   436, 1007.0, 300,22.7,29.8, 0.0,  0, 0.0000,     0,26.9,29.7,19.8, 25,    26,    49, 0.6726, 0.6742
M5,29/06/23,16:55:51,     8,  9582,   437, 1007.0, 300,22.7,29.8, 0.0,  0, 0.0000,     0,26.9,29.7,19.8, 25,    27,    50, 0.6731, 0.6699
M5,29/06/23,16:55:52,     8,  9583,   437, 1007.0, 300,22.7,29.8, 0.0,  0, 0.0000,     0,26.9,29.7,19.8, 25,    28,    51, 0.6742, 0.6682
M5,29/06/23,16:55:53,     8,  9584,   437, 1007.0, 300,22.7,29.8, 0.0,  0, 0.0000,     0,26.9,29.7,19.8, 25,    28,    52, 0.6729, 0.6715
M5,29/06/23,16:55:54,     8,  9585,   438, 1007.0, 300,22.8,29.8, 0.0,  0, 0.0000,     0,26.9,29.7,19.8, 25,    28,    53, 0.6722, 0.6753
M5,29/06/23,16:55:55,     8,  9586,   438, 1007.0, 300,22.8,29.8, 0.0,  0, 0.0000,     0,26.9,29.7,19.8, 25,    29,    54, 0.6713, 0.6762
M5,29/06/23,16:55:56,     8,  9587,   439, 1007.0, 300,22.8,29.8, 0.0,  0, 0.0000,     0,26.9,29.7,19.8, 25,    29,    55, 0.6704, 0.6774
M5,29/06/23,16:55:57,     8,  9588,   439, 1007.1, 300,22.8,29.8, 0.0,  0, 0.0000,     0,26.9,29.7,19.8, 25,    30,    56, 0.6701, 0.6797
M5,29/06/23,16:55:58,     8,  9589,   440, 1007.1, 300,22.8,29.8, 0.0,  0, 0.0000,     0,26.9,29.7,19.8, 25,    31,    57, 0.6695, 0.6794
M5,29/06/23,16:55:59,     8,  9590,   441, 1007.1, 300,22.9,29.8, 0.0,  0, 0.0000,     0,26.9,29.7,19.8, 25,    31,    58, 0.6697, 0.6805
M5,29/06/23,16:56:00,     8,  9591,   441, 1007.1, 300,22.9,29.8, 0.0,  0, 0.0000,     0,26.9,29.7,19.8, 25,    32,    59, 0.6698, 0.6775
M5,29/06/23,16:56:01,     8,  9592,   442, 1007.1, 300,23.0,29.8, 0.0,  0, 0.0000,     0,26.9,29.7,19.8, 25,    32,    60, 0.6702, 0.6759
R5,29/06/23,16:56:01,     8,  9592,   442, 1007.1, 300,23.0,29.8, 0.0,  0, 0.0000,     0,26.9,29.7,19.8, 25,    32,    60, 0.6702, 0.6759
End
Start
M5,29/06/23,16:59:34,     9,  9804,   410, 1007.1, 300,20.6,29.7, 0.0,  0, 0.0000,     0,26.7,28.4,29.7, 20,     0,     1, 0.0000, 0.0000
M5,29/06/23,16:59:35,     9,  9805,   411, 1007.1, 300,20.6,29.7, 0.0,  0, 0.0000,     0,26.7,28.5,29.7, 20,     0,     2, 0.0000, 0.0000
M5,29/06/23,16:59:36,     9,  9806,   411, 1007.1, 300,20.6,29.7, 0.0,  0, 0.0000,     0,26.7,28.5,29.7, 20,     1,     3, 0.0000, 0.0000
M5,29/06/23,16:59:37,     9,  9807,   411, 1007.1, 300,20.6,29.7, 0.0,  0, 0.0000,     0,26.7,28.5,29.7, 20,     1,     4, 0.0000, 0.0000
M5,29/06/23,16:59:38,     9,  9808,   411, 1007.1, 300,20.6,29.7, 0.0,  0, 0.0000,     0,26.7,28.5,29.6, 20,     1,     5, 0.0000, 0.0000
M5,29/06/23,16:59:39,     9,  9809,   412, 1007.1, 300,20.6,29.7, 0.0,  0, 0.0000,     0,26.7,28.5,29.6, 20,     2,     6, 0.0000, 0.0000
M5,29/06/23,16:59:40,     9,  9810,   412, 1007.1, 300,20.6,29.7, 0.0,  0, 0.0000,     0,26.7,28.6,29.6, 20,     2,     7, 0.0000, 0.0000
M5,29/06/23,16:59:41,     9,  9811,   412, 1007.1, 300,20.6,29.7, 0.0,  0, 0.0000,     0,26.7,28.6,29.6, 20,     2,     8, 0.0000, 0.0000
M5,29/06/23,16:59:42,     9,  9812,   413, 1007.1, 301,20.6,29.7, 0.0,  0, 0.0000,     0,26.7,28.6,29.6, 20,     3,     9, 0.0000, 0.0000
M5,29/06/23,16:59:43,     9,  9813,   413, 1007.1, 300,20.7,29.7, 0.0,  0, 0.0000,     0,26.7,28.6,29.6, 25,     3,    10, 0.0000, 0.0000
M5,29/06/23,16:59:44,     9,  9814,   414, 1007.1, 300,20.7,29.7, 0.0,  0, 0.0000,     0,26.7,28.6,29.6, 25,     4,    11, 0.0000, 0.0000
M5,29/06/23,16:59:45,     9,  9815,   415, 1007.1, 300,20.7,29.7, 0.0,  0, 0.0000,     0,26.7,28.7,29.6, 25,     5,    12, 0.0000, 0.0000
M5,29/06/23,16:59:46,     9,  9816,   415, 1007.1, 300,20.7,29.7, 0.0,  0, 0.0000,     0,26.7,28.7,29.6, 25,     5,    13, 0.5929, 0.7341
M5,29/06/23,16:59:47,     9,  9817,   415, 1007.1, 300,20.7,29.7, 0.0,  0, 0.0000,     0,26.7,28.7,29.6, 25,     5,    14, 0.5345, 0.7502
M5,29/06/23,16:59:48,     9,  9818,   416, 1007.1, 300,20.7,29.7, 0.0,  0, 0.0000,     0,26.7,28.7,29.6, 25,     6,    15, 0.5009, 0.7201
M5,29/06/23,16:59:49,     9,  9819,   416, 1007.1, 300,20.7,29.7, 0.0,  0, 0.0000,     0,26.7,28.7,29.6, 25,     6,    16, 0.4941, 0.6286
M5,29/06/23,16:59:50,     9,  9820,   416, 1007.1, 300,20.8,29.6, 0.0,  0, 0.0000,     0,26.7,28.7,29.6, 25,     6,    17, 0.4822, 0.6085
M5,29/06/23,16:59:51,     9,  9821,   416, 1007.1, 300,20.8,29.6, 0.0,  0, 0.0000,     0,26.7,28.7,29.6, 25,     6,    18, 0.4557, 0.6263
M5,29/06/23,16:59:52,     9,  9822,   417, 1007.1, 300,20.8,29.6, 0.0,  0, 0.0000,     0,26.7,28.7,29.6, 25,     7,    19, 0.4618, 0.5585
M5,29/06/23,16:59:53,     9,  9823,   418, 1007.1, 300,20.8,29.6, 0.0,  0, 0.0000,     0,26.7,28.7,29.6, 25,     8,    20, 0.4769, 0.4809
M5,29/06/23,16:59:54,     9,  9824,   418, 1007.1, 300,20.8,29.6, 0.0,  0, 0.0000,     0,26.7,28.8,29.6, 25,     8,    21, 0.4966, 0.4188
M5,29/06/23,16:59:55,     9,  9825,   419, 1007.1, 300,20.9,29.6, 0.0,  0, 0.0000,     0,26.7,28.8,29.6, 25,     9,    22, 0.5131, 0.3963
M5,29/06/23,16:59:56,     9,  9826,   419, 1007.1, 300,20.9,29.6, 0.0,  0, 0.0000,     0,26.7,28.8,29.6, 25,     9,    23, 0.5234, 0.3916
M5,29/06/23,16:59:57,     9,  9827,   420, 1007.1, 300,20.9,29.6, 0.0,  0, 0.0000,     0,26.7,28.8,29.6, 25,    10,    24, 0.5332, 0.3977
M5,29/06/23,16:59:58,     9,  9828,   420, 1007.1, 300,20.9,29.6, 0.0,  0, 0.0000,     0,26.7,28.8,29.6, 25,    10,    25, 0.5392, 0.4062
M5,29/06/23,16:59:59,     9,  9829,   421, 1007.1, 300,21.0,29.6, 0.0,  0, 0.0000,     0,26.7,28.8,29.6, 25,    11,    26, 0.5495, 0.4064
M5,29/06/23,17:00:00,     9,  9830,   422, 1007.1, 300,21.0,29.6, 0.0,  0, 0.0000,     0,26.7,28.8,29.6, 25,    12,    27, 0.5558, 0.4121
M5,29/06/23,17:00:01,     9,  9831,   422, 1007.1, 300,21.0,29.6, 0.0,  0, 0.0000,     0,26.7,28.8,29.6, 25,    12,    28, 0.5558, 0.4425
M5,29/06/23,17:00:02,     9,  9832,   422, 1007.1, 300,21.0,29.6, 0.0,  0, 0.0000,     0,26.7,28.8,29.6, 25,    12,    29, 0.5524, 0.4721
M5,29/06/23,17:00:03,     9,  9833,   422, 1007.1, 300,21.0,29.6, 0.0,  0, 0.0000,     0,26.7,28.8,29.6, 25,    12,    30, 0.5477, 0.4997
M5,29/06/23,17:00:04,     9,  9834,   423, 1007.1, 300,21.1,29.6, 0.0,  0, 0.0000,     0,26.7,28.8,29.6, 25,    13,    31, 0.5441, 0.5260
M5,29/06/23,17:00:05,     9,  9835,   423, 1007.1, 300,21.1,29.6, 0.0,  0, 0.0000,     0,26.7,28.8,29.6, 25,    13,    32, 0.5402, 0.5400
M5,29/06/23,17:00:06,     9,  9836,   424, 1007.1, 300,21.1,29.6, 0.0,  0, 0.0000,     0,26.7,28.8,29.6, 25,    14,    33, 0.5401, 0.5412
M5,29/06/23,17:00:07,     9,  9837,   424, 1007.1, 300,21.1,29.6, 0.0,  0, 0.0000,     0,26.7,28.8,29.6, 25,    14,    34, 0.5416, 0.5339
M5,29/06/23,17:00:08,     9,  9838,   425, 1007.1, 300,21.2,29.6, 0.0,  0, 0.0000,     0,26.7,28.8,29.6, 25,    15,    35, 0.5446, 0.5298
M5,29/06/23,17:00:09,     9,  9839,   425, 1007.1, 300,21.2,29.6, 0.0,  0, 0.0000,     0,26.7,28.8,29.6, 25,    15,    36, 0.5459, 0.5252
M5,29/06/23,17:00:10,     9,  9840,   426, 1007.1, 300,21.2,29.6, 0.0,  0, 0.0000,     0,26.7,28.8,29.6, 25,    16,    37, 0.5464, 0.5248
M5,29/06/23,17:00:11,     9,  9841,   426, 1007.1, 300,21.3,29.6, 0.0,  0, 0.0000,     0,26.7,28.8,29.6, 25,    16,    38, 0.5464, 0.5299
M5,29/06/23,17:00:12,     9,  9842,   426, 1007.1, 299,21.3,29.6, 0.0,  0, 0.0000,     0,26.7,28.8,29.6, 25,    16,    39, 0.5447, 0.5365
M5,29/06/23,17:00:13,     9,  9843,   427, 1007.1, 300,21.3,29.6, 0.0,  0, 0.0000,     0,26.7,28.8,29.6, 25,    17,    40, 0.5441, 0.5410
M5,29/06/23,17:00:14,     9,  9844,   427, 1007.1, 300,21.3,29.6, 0.0,  0, 0.0000,     0,26.7,28.8,29.6, 25,    17,    41, 0.5421, 0.5467
M5,29/06/23,17:00:15,     9,  9845,   428, 1007.1, 300,21.4,29.6, 0.0,  0, 0.0000,     0,26.7,28.8,29.6, 25,    18,    42, 0.5424, 0.5465
M5,29/06/23,17:00:16,     9,  9846,   428, 1007.1, 300,21.4,29.6, 0.0,  0, 0.0000,     0,26.7,28.9,29.6, 25,    18,    43, 0.5423, 0.5450
M5,29/06/23,17:00:17,     9,  9847,   429, 1007.1, 300,21.4,29.6, 0.0,  0, 0.0000,     0,26.7,28.9,29.6, 25,    19,    44, 0.5432, 0.5398
M5,29/06/23,17:00:18,     9,  9848,   430, 1007.1, 300,21.4,29.6, 0.0,  0, 0.0000,     0,26.7,28.9,29.6, 25,    20,    45, 0.5467, 0.5299
M5,29/06/23,17:00:19,     9,  9849,   430, 1007.1, 300,21.4,29.6, 0.0,  0, 0.0000,     0,26.7,28.9,29.6, 25,    20,    46, 0.5490, 0.5218
M5,29/06/23,17:00:20,     9,  9850,   431, 1007.1, 300,21.5,29.6, 0.0,  0, 0.0000,     0,26.7,28.9,29.6, 25,    21,    47, 0.5511, 0.5191
M5,29/06/23,17:00:21,     9,  9851,   431, 1007.1, 300,21.5,29.6, 0.0,  0, 0.0000,     0,26.7,28.9,29.6, 25,    21,    48, 0.5523, 0.5165
M5,29/06/23,17:00:22,     9,  9852,   432, 1007.1, 300,21.5,29.6, 0.0,  0, 0.0000,     0,26.7,28.9,29.6, 25,    22,    49, 0.5534, 0.5177
M5,29/06/23,17:00:23,     9,  9853,   432, 1007.1, 299,21.5,29.6, 0.0,  0, 0.0000,     0,26.7,28.9,29.6, 25,    22,    50, 0.5533, 0.5204
M5,29/06/23,17:00:24,     9,  9854,   433, 1007.1, 300,21.6,29.6, 0.0,  0, 0.0000,     0,26.7,28.9,29.6, 25,    23,    51, 0.5545, 0.5207
M5,29/06/23,17:00:25,     9,  9855,   433, 1007.1, 300,21.6,29.6, 0.0,  0, 0.0000,     0,26.7,28.9,29.6, 25,    23,    52, 0.5557, 0.5182
M5,29/06/23,17:00:26,     9,  9856,   434, 1007.1, 300,21.6,29.6, 0.0,  0, 0.0000,     0,26.7,28.9,29.6, 25,    24,    53, 0.5568, 0.5163
M5,29/06/23,17:00:27,     9,  9857,   434, 1007.1, 300,21.6,29.6, 0.0,  0, 0.0000,     0,26.7,28.9,29.6, 25,    24,    54, 0.5576, 0.5173
M5,29/06/23,17:00:29,     9,  9858,   435, 1007.1, 300,21.6,29.6, 0.0,  0, 0.0000,     0,26.7,28.9,29.6, 25,    25,    55, 0.5580, 0.5177
M5,29/06/23,17:00:30,     9,  9859,   435, 1007.1, 300,21.7,29.6, 0.0,  0, 0.0000,     0,26.7,28.9,29.6, 25,    25,    56, 0.5587, 0.5207
M5,29/06/23,17:00:31,     9,  9860,   435, 1007.1, 300,21.7,29.6, 0.0,  0, 0.0000,     0,26.7,28.9,29.6, 25,    25,    57, 0.5580, 0.5256
M5,29/06/23,17:00:32,     9,  9861,   436, 1007.1, 300,21.7,29.6, 0.0,  0, 0.0000,     0,26.7,28.9,29.6, 25,    26,    58, 0.5578, 0.5299
M5,29/06/23,17:00:33,     9,  9862,   436, 1007.1, 300,21.7,29.6, 0.0,  0, 0.0000,     0,26.7,28.9,29.6, 25,    26,    59, 0.5568, 0.5346
M5,29/06/23,17:00:34,     9,  9863,   436, 1007.1, 299,21.7,29.6, 0.0,  0, 0.0000,     0,26.7,28.9,29.6, 25,    26,    60, 0.5561, 0.5382
R5,29/06/23,17:00:34,     9,  9863,   436, 1007.1, 299,21.7,29.6, 0.0,  0, 0.0000,     0,26.7,28.9,29.6, 25,    26,    60, 0.5561, 0.5382
End
Start
M5,29/06/23,17:01:23,     9,  9912,   721, 1007.1, 300,20.5,29.6, 0.0,  0, 0.0000,     0,26.7,28.1,29.1, 20,   154,     1, 0.0000, 0.0000
R5,29/06/23,17:01:23,     9,  9912,   721, 1007.1, 300,20.5,29.6, 0.0,  0, 0.0000,     0,26.7,28.1,29.1, 20,   154,     1, 0.0000, 0.0000
End
Start
M5,29/06/23,17:02:27,     9,  9976,   412, 1007.1, 300,20.5,29.5, 0.0,  0, 0.0000,     0,26.4,27.9,29.5, 20,     1,     1, 0.0000, 0.0000
M5,29/06/23,17:02:28,     9,  9977,   413, 1007.1, 300,20.5,29.5, 0.0,  0, 0.0000,     0,26.4,27.9,29.5, 20,     2,     2, 0.0000, 0.0000
M5,29/06/23,17:02:29,     9,  9978,   414, 1007.1, 300,20.5,29.5, 0.0,  0, 0.0000,     0,26.4,27.9,29.5, 20,     3,     3, 0.0000, 0.0000
M5,29/06/23,17:02:30,     9,  9979,   415, 1007.1, 300,20.5,29.5, 0.0,  0, 0.0000,     0,26.4,27.9,29.5, 20,     4,     4, 0.0000, 0.0000
M5,29/06/23,17:02:31,     9,  9980,   416, 1007.1, 300,20.5,29.5, 0.0,  0, 0.0000,     0,26.4,28.0,29.5, 20,     5,     5, 0.0000, 0.0000
M5,29/06/23,17:02:32,     9,  9981,   417, 1007.1, 300,20.5,29.5, 0.0,  0, 0.0000,     0,26.4,28.0,29.5, 20,     6,     6, 0.0000, 0.0000
M5,29/06/23,17:02:33,     9,  9982,   418, 1007.1, 301,20.5,29.5, 0.0,  0, 0.0000,     0,26.4,28.0,29.5, 20,     7,     7, 0.0000, 0.0000
M5,29/06/23,17:02:34,     9,  9983,   419, 1007.1, 301,20.6,29.5, 0.0,  0, 0.0000,     0,26.4,28.0,29.5, 20,     7,     8, 0.0000, 0.0000
M5,29/06/23,17:02:35,     9,  9984,   419, 1007.1, 300,20.6,29.5, 0.0,  0, 0.0000,     0,26.4,28.1,29.5, 20,     8,     9, 0.0000, 0.0000
M5,29/06/23,17:02:36,     9,  9985,   420, 1007.1, 300,20.6,29.5, 0.0,  0, 0.0000,     0,26.4,28.1,29.5, 25,     9,    10, 0.0000, 0.0000
M5,29/06/23,17:02:37,     9,  9986,   421, 1007.1, 300,20.6,29.5, 0.0,  0, 0.0000,     0,26.4,28.1,29.5, 25,     9,    11, 0.0000, 0.0000
M5,29/06/23,17:02:38,     9,  9987,   422, 1007.1, 300,20.6,29.5, 0.0,  0, 0.0000,     0,26.4,28.1,29.5, 25,    10,    12, 0.0000, 0.0000
M5,29/06/23,17:02:39,     9,  9988,   422, 1007.1, 300,20.6,29.5, 0.0,  0, 0.0000,     0,26.4,28.1,29.5, 25,    11,    13, 0.9065, 0.7627
M5,29/06/23,17:02:40,     9,  9989,   423, 1007.1, 300,20.6,29.5, 0.0,  0, 0.0000,     0,26.4,28.1,29.5, 25,    12,    14, 0.9232, 0.8127
M5,29/06/23,17:02:41,     9,  9990,   424, 1007.1, 300,20.7,29.5, 0.0,  0, 0.0000,     0,26.4,28.2,29.5, 25,    13,    15, 0.9653, 0.7935
M5,29/06/23,17:02:42,     9,  9991,   425, 1007.1, 300,20.7,29.5, 0.0,  0, 0.0000,     0,26.4,28.2,29.5, 25,    13,    16, 0.9568, 0.8868
M5,29/06/23,17:02:43,     9,  9992,   426, 1007.1, 300,20.7,29.5, 0.0,  0, 0.0000,     0,26.4,28.2,29.5, 25,    14,    17, 0.9374, 0.9592
M5,29/06/23,17:02:44,     9,  9993,   427, 1007.1, 300,20.7,29.5, 0.0,  0, 0.0000,     0,26.4,28.2,29.5, 25,    15,    18, 0.9458, 0.9368
M5,29/06/23,17:02:45,     9,  9994,   428, 1007.1, 300,20.7,29.5, 0.0,  0, 0.0000,     0,26.4,28.2,29.5, 25,    16,    19, 0.9594, 0.8980
M5,29/06/23,17:02:46,     9,  9995,   428, 1007.1, 300,20.8,29.5, 0.0,  0, 0.0000,     0,26.4,28.2,29.5, 25,    17,    20, 0.9615, 0.9205
M5,29/06/23,17:02:47,     9,  9996,   429, 1007.1, 300,20.8,29.5, 0.0,  0, 0.0000,     0,26.4,28.2,29.5, 25,    17,    21, 0.9458, 0.9741
M5,29/06/23,17:02:48,     9,  9997,   429, 1007.1, 300,20.8,29.5, 0.0,  0, 0.0000,     0,26.4,28.2,29.5, 25,    18,    22, 0.9317, 1.0096
M5,29/06/23,17:02:49,     9,  9998,   430, 1007.1, 300,20.8,29.5, 0.0,  0, 0.0000,     0,26.4,28.2,29.5, 25,    19,    23, 0.9226, 1.0142
M5,29/06/23,17:02:50,     9,  9999,   431, 1007.1, 300,20.9,29.5, 0.0,  0, 0.0000,     0,26.4,28.2,29.5, 25,    19,    24, 0.9152, 1.0218
M5,29/06/23,17:02:51,     9, 10000,   431, 1007.1, 300,20.9,29.5, 0.0,  0, 0.0000,     0,26.4,28.2,29.5, 25,    20,    25, 0.8985, 1.0470
M5,29/06/23,17:02:52,     9, 10001,   432, 1007.1, 300,20.9,29.5, 0.0,  0, 0.0000,     0,26.4,28.3,29.5, 25,    20,    26, 0.8846, 1.0569
M5,29/06/23,17:02:53,     9, 10002,   433, 1007.1, 300,21.0,29.5, 0.0,  0, 0.0000,     0,26.4,28.3,29.5, 25,    21,    27, 0.8782, 1.0485
M5,29/06/23,17:02:54,     9, 10003,   433, 1007.1, 300,21.0,29.5, 0.0,  0, 0.0000,     0,26.4,28.3,29.5, 25,    22,    28, 0.8735, 1.0282
M5,29/06/23,17:02:55,     9, 10004,   434, 1007.1, 300,21.0,29.5, 0.0,  0, 0.0000,     0,26.4,28.3,29.5, 25,    23,    29, 0.8725, 1.0052
M5,29/06/23,17:02:56,     9, 10005,   435, 1007.1, 300,21.0,29.5, 0.0,  0, 0.0000,     0,26.4,28.3,29.5, 25,    24,    30, 0.8721, 0.9806
M5,29/06/23,17:02:57,     9, 10006,   436, 1007.1, 300,21.1,29.5, 0.0,  0, 0.0000,     0,26.4,28.3,29.5, 25,    24,    31, 0.8696, 0.9739
M5,29/06/23,17:02:58,     9, 10007,   436, 1007.1, 300,21.1,29.5, 0.0,  0, 0.0000,     0,26.4,28.3,29.5, 25,    25,    32, 0.8657, 0.9679
M5,29/06/23,17:02:59,     9, 10008,   437, 1007.1, 300,21.1,29.5, 0.0,  0, 0.0000,     0,26.4,28.3,29.5, 25,    26,    33, 0.8637, 0.9567
M5,29/06/23,17:03:00,     9, 10009,   438, 1007.1, 300,21.1,29.5, 0.0,  0, 0.0000,     0,26.4,28.3,29.5, 25,    26,    34, 0.8642, 0.9439
M5,29/06/23,17:03:01,     9, 10010,   439, 1007.1, 300,21.1,29.5, 0.0,  0, 0.0000,     0,26.4,28.3,29.5, 25,    27,    35, 0.8646, 0.9290
M5,29/06/23,17:03:02,     9, 10011,   439, 1007.1, 300,21.1,29.5, 0.0,  0, 0.0000,     0,26.4,28.3,29.5, 25,    28,    36, 0.8651, 0.9200
M5,29/06/23,17:03:03,     9, 10012,   440, 1007.1, 300,21.1,29.5, 0.0,  0, 0.0000,     0,26.4,28.3,29.5, 25,    28,    37, 0.8628, 0.9189
M5,29/06/23,17:03:04,     9, 10013,   441, 1007.1, 300,21.2,29.5, 0.0,  0, 0.0000,     0,26.4,28.3,29.5, 25,    29,    38, 0.8615, 0.9197
M5,29/06/23,17:03:05,     9, 10014,   441, 1007.1, 300,21.2,29.5, 0.0,  0, 0.0000,     0,26.4,28.3,29.5, 25,    30,    39, 0.8589, 0.9197
M5,29/06/23,17:03:06,     9, 10015,   442, 1007.1, 300,21.2,29.5, 0.0,  0, 0.0000,     0,26.4,28.3,29.5, 25,    31,    40, 0.8575, 0.9156
M5,29/06/23,17:03:07,     9, 10016,   443, 1007.1, 300,21.3,29.5, 0.0,  0, 0.0000,     0,26.4,28.3,29.5, 25,    31,    41, 0.8565, 0.9136
M5,29/06/23,17:03:08,     9, 10017,   444, 1007.1, 300,21.3,29.5, 0.0,  0, 0.0000,     0,26.4,28.3,29.5, 25,    32,    42, 0.8568, 0.9044
M5,29/06/23,17:03:09,     9, 10018,   445, 1007.1, 300,21.3,29.5, 0.0,  0, 0.0000,     0,26.4,28.3,29.5, 25,    33,    43, 0.8585, 0.8954
M5,29/06/23,17:03:10,     9, 10019,   445, 1007.1, 300,21.3,29.5, 0.0,  0, 0.0000,     0,26.4,28.3,29.5, 25,    34,    44, 0.8578, 0.8921
M5,29/06/23,17:03:11,     9, 10020,   446, 1007.1, 300,21.3,29.5, 0.0,  0, 0.0000,     0,26.4,28.3,29.5, 25,    34,    45, 0.8570, 0.8928
M5,29/06/23,17:03:12,     9, 10021,   446, 1007.1, 300,21.3,29.5, 0.0,  0, 0.0000,     0,26.4,28.3,29.5, 25,    35,    46, 0.8546, 0.8963
M5,29/06/23,17:03:13,     9, 10022,   447, 1007.1, 300,21.4,29.5, 0.0,  0, 0.0000,     0,26.4,28.3,29.5, 25,    35,    47, 0.8530, 0.9000
M5,29/06/23,17:03:14,     9, 10023,   447, 1007.1, 300,21.4,29.5, 0.0,  0, 0.0000,     0,26.4,28.3,29.5, 25,    36,    48, 0.8507, 0.9025
M5,29/06/23,17:03:15,     9, 10024,   448, 1007.1, 300,21.4,29.5, 0.0,  0, 0.0000,     0,26.4,28.3,29.5, 25,    37,    49, 0.8492, 0.9018
M5,29/06/23,17:03:16,     9, 10025,   449, 1007.1, 300,21.4,29.5, 0.0,  0, 0.0000,     0,26.4,28.3,29.5, 25,    37,    50, 0.8474, 0.9043
M5,29/06/23,17:03:17,     9, 10026,   450, 1007.1, 300,21.4,29.5, 0.0,  0, 0.0000,     0,26.4,28.3,29.5, 25,    38,    51, 0.8459, 0.9034
M5,29/06/23,17:03:18,     9, 10027,   450, 1007.1, 300,21.5,29.5, 0.0,  0, 0.0000,     0,26.4,28.3,29.5, 25,    39,    52, 0.8443, 0.9053
M5,29/06/23,17:03:19,     9, 10028,   451, 1007.1, 300,21.5,29.5, 0.0,  0, 0.0000,     0,26.4,28.3,29.5, 25,    39,    53, 0.8423, 0.9063
M5,29/06/23,17:03:20,     9, 10029,   451, 1007.1, 300,21.5,29.5, 0.0,  0, 0.0000,     0,26.4,28.3,29.5, 25,    40,    54, 0.8404, 0.9096
M5,29/06/23,17:03:22,     9, 10030,   452, 1007.1, 300,21.5,29.5, 0.0,  0, 0.0000,     0,26.4,28.3,29.5, 25,    41,    55, 0.8380, 0.9113
M5,29/06/23,17:03:23,     9, 10031,   452, 1007.1, 300,21.5,29.5, 0.0,  0, 0.0000,     0,26.4,28.3,29.5, 25,    41,    56, 0.8352, 0.9143
M5,29/06/23,17:03:24,     9, 10032,   453, 1007.1, 300,21.6,29.5, 0.0,  0, 0.0000,     0,26.4,28.4,29.5, 25,    42,    57, 0.8330, 0.9166
M5,29/06/23,17:03:25,     9, 10033,   453, 1007.1, 300,21.6,29.5, 0.0,  0, 0.0000,     0,26.4,28.4,29.5, 25,    42,    58, 0.8297, 0.9212
M5,29/06/23,17:03:26,     9, 10034,   454, 1007.1, 300,21.6,29.5, 0.0,  0, 0.0000,     0,26.4,28.4,29.5, 25,    43,    59, 0.8271, 0.9249
M5,29/06/23,17:03:27,     9, 10035,   455, 1007.1, 300,21.6,29.5, 0.0,  0, 0.0000,     0,26.4,28.3,29.5, 25,    43,    60, 0.8243, 0.9270
R5,29/06/23,17:03:27,     9, 10035,   455, 1007.1, 300,21.6,29.5, 0.0,  0, 0.0000,     0,26.4,28.3,29.5, 25,    43,    60, 0.8243, 0.9270
End
Start
M5,29/06/23,17:04:12,     9, 10080,   410, 1007.1, 300,20.3,29.4, 0.0,  0, 0.0000,     0,26.2,27.5,29.5, 20,     0,     1, 0.0000, 0.0000
M5,29/06/23,17:04:13,     9, 10081,   411, 1007.1, 300,20.3,29.4, 0.0,  0, 0.0000,     0,26.2,27.5,29.5, 20,     1,     2, 0.0000, 0.0000
M5,29/06/23,17:04:14,     9, 10082,   411, 1007.1, 300,20.3,29.4, 0.0,  0, 0.0000,     0,26.2,27.6,29.5, 20,     1,     3, 0.0000, 0.0000
M5,29/06/23,17:04:15,     9, 10083,   412, 1007.1, 300,20.3,29.4, 0.0,  0, 0.0000,     0,26.2,27.6,29.5, 20,     2,     4, 0.0000, 0.0000
M5,29/06/23,17:04:16,     9, 10084,   412, 1007.1, 300,20.3,29.4, 0.0,  0, 0.0000,     0,26.2,27.6,29.5, 20,     2,     5, 0.0000, 0.0000
M5,29/06/23,17:04:17,     9, 10085,   413, 1007.1, 300,20.3,29.4, 0.0,  0, 0.0000,     0,26.2,27.6,29.5, 20,     3,     6, 0.0000, 0.0000
M5,29/06/23,17:04:18,     9, 10086,   413, 1007.1, 300,20.3,29.4, 0.0,  0, 0.0000,     0,26.2,27.6,29.3, 20,     3,     7, 0.0000, 0.0000
M5,29/06/23,17:04:19,     9, 10087,   414, 1007.1, 300,20.4,29.4, 0.0,  0, 0.0000,     0,26.2,27.7,29.3, 20,     4,     8, 0.0000, 0.0000
M5,29/06/23,17:04:20,     9, 10088,   414, 1007.1, 300,20.4,29.4, 0.0,  0, 0.0000,     0,26.2,27.7,29.3, 20,     4,     9, 0.0000, 0.0000
M5,29/06/23,17:04:21,     9, 10089,   414, 1007.1, 300,20.4,29.4, 0.0,  0, 0.0000,     0,26.2,27.7,29.3, 25,     4,    10, 0.0000, 0.0000
M5,29/06/23,17:04:22,     9, 10090,   415, 1007.1, 300,20.4,29.4, 0.0,  0, 0.0000,     0,26.2,27.7,29.3, 25,     5,    11, 0.0000, 0.0000
M5,29/06/23,17:04:23,     9, 10091,   415, 1007.1, 300,20.4,29.4, 0.0,  0, 0.0000,     0,26.2,27.7,29.3, 25,     5,    12, 0.0000, 0.0000
M5,29/06/23,17:04:24,     9, 10092,   416, 1007.1, 300,20.4,29.4, 0.0, 21, 0.0000,     0,26.2,27.7,29.3, 25,     6,    13, 0.5727, 0.2788
M5,29/06/23,17:04:25,     9, 10093,   416, 1007.1, 300,20.4,29.4, 0.0, 21, 0.0000,     0,26.2,27.8,29.3, 25,     6,    14, 0.5913, 0.4214
M5,29/06/23,17:04:26,     9, 10094,   417, 1007.1, 300,20.5,29.4, 0.0,  0, 0.0000,     0,26.2,27.8,29.3, 25,     7,    15, 0.5964, 0.5061
M5,29/06/23,17:04:27,     9, 10095,   417, 1007.1, 300,20.5,29.4, 0.0,  0, 0.0000,     0,26.2,27.8,29.3, 25,     7,    16, 0.6148, 0.5015
M5,29/06/23,17:04:28,     9, 10096,   418, 1007.1, 300,20.5,29.4, 0.0,  0, 0.0000,     0,26.2,27.8,29.3, 25,     8,    17, 0.6226, 0.5393
M5,29/06/23,17:04:29,     9, 10097,   418, 1007.1, 300,20.5,29.4, 0.0,  0, 0.0000,     0,26.2,27.8,29.3, 25,     8,    18, 0.6217, 0.5691
M5,29/06/23,17:04:30,     9, 10098,   419, 1007.1, 300,20.6,29.4, 0.0,  0, 0.0000,     0,26.2,27.8,29.3, 25,     9,    19, 0.6319, 0.5669
M5,29/06/23,17:04:31,     9, 10099,   419, 1007.1, 300,20.6,29.4, 0.0,  0, 0.0000,     0,26.2,27.8,29.3, 25,     9,    20, 0.6243, 0.6052
M5,29/06/23,17:04:32,     9, 10100,   420, 1007.1, 300,20.6,29.4, 0.0,  0, 0.0000,     0,26.2,27.8,29.3, 25,    10,    21, 0.6081, 0.6552
M5,29/06/23,17:04:33,     9, 10101,   420, 1007.1, 300,20.6,29.4, 0.0,  0, 0.0000,     0,26.2,27.8,29.3, 25,    10,    22, 0.6051, 0.6554
M5,29/06/23,17:04:34,     9, 10102,   421, 1007.1, 300,20.6,29.4, 0.0,  0, 0.0000,     0,26.2,27.8,29.3, 25,    11,    23, 0.5957, 0.6685
M5,29/06/23,17:04:35,     9, 10103,   421, 1007.1, 300,20.7,29.4, 0.0,  0, 0.0000,     0,26.2,27.9,29.3, 25,    11,    24, 0.5866, 0.6863
M5,29/06/23,17:04:36,     9, 10104,   421, 1007.1, 300,20.7,29.4, 0.0,  0, 0.0000,     0,26.2,27.9,29.3, 25,    11,    25, 0.5744, 0.6996
M5,29/06/23,17:04:37,     9, 10105,   422, 1007.1, 300,20.7,29.4, 0.0,  0, 0.0000,     0,26.2,27.9,29.3, 25,    12,    26, 0.5640, 0.7109
M5,29/06/23,17:04:38,     9, 10106,   422, 1007.1, 300,20.7,29.4, 0.0,  0, 0.0000,     0,26.2,27.9,29.3, 25,    12,    27, 0.5556, 0.7056
M5,29/06/23,17:04:39,     9, 10107,   423, 1007.1, 300,20.7,29.4, 0.0,  0, 0.0000,     0,26.2,27.9,29.3, 25,    13,    28, 0.5530, 0.6830
M5,29/06/23,17:04:40,     9, 10108,   423, 1007.1, 300,20.8,29.4, 0.0,  0, 0.0000,     0,26.2,27.9,29.3, 25,    13,    29, 0.5555, 0.6546
M5,29/06/23,17:04:41,     9, 10109,   424, 1007.1, 300,20.8,29.4, 0.0,  0, 0.0000,     0,26.2,27.9,29.3, 25,    14,    30, 0.5590, 0.6232
M5,29/06/23,17:04:42,     9, 10110,   425, 1007.1, 300,20.8,29.4, 0.0,  0, 0.0000,     0,26.2,27.9,29.3, 25,    15,    31, 0.5651, 0.5940
M5,29/06/23,17:04:43,     9, 10111,   425, 1007.1, 300,20.8,29.4, 0.0,  0, 0.0000,     0,26.2,27.9,29.3, 25,    15,    32, 0.5711, 0.5667
M5,29/06/23,17:04:44,     9, 10112,   426, 1007.1, 300,20.9,29.4, 0.0,  0, 0.0000,     0,26.2,27.9,29.3, 25,    16,    33, 0.5754, 0.5573
M5,29/06/23,17:04:45,     9, 10113,   426, 1007.1, 300,20.9,29.4, 0.0,  0, 0.0000,     0,26.2,27.9,29.3, 25,    16,    34, 0.5758, 0.5567
M5,29/06/23,17:04:46,     9, 10114,   426, 1007.1, 300,20.9,29.4, 0.0,  0, 0.0000,     0,26.2,27.9,29.3, 25,    16,    35, 0.5766, 0.5570
M5,29/06/23,17:04:47,     9, 10115,   427, 1007.1, 300,20.9,29.4, 0.0,  0, 0.0000,     0,26.2,27.9,29.3, 25,    17,    36, 0.5769, 0.5571
M5,29/06/23,17:04:48,     9, 10116,   427, 1007.1, 300,20.9,29.4, 0.0,  0, 0.0000,     0,26.2,27.9,29.3, 25,    17,    37, 0.5771, 0.5574
M5,29/06/23,17:04:49,     9, 10117,   428, 1007.1, 300,20.9,29.4, 0.0,  0, 0.0000,     0,26.2,27.9,29.3, 25,    18,    38, 0.5780, 0.5585
M5,29/06/23,17:04:50,     9, 10118,   429, 1007.1, 300,20.9,29.4, 0.0,  0, 0.0000,     0,26.2,27.9,29.3, 25,    19,    39, 0.5806, 0.5503
M5,29/06/23,17:04:51,     9, 10119,   429, 1007.1, 300,21.0,29.4, 0.0,  0, 0.0000,     0,26.2,27.9,29.3, 25,    19,    40, 0.5847, 0.5421
M5,29/06/23,17:04:52,     9, 10120,   430, 1007.1, 300,21.0,29.4, 0.0,  0, 0.0000,     0,26.2,27.9,29.3, 25,    20,    41, 0.5866, 0.5389
M5,29/06/23,17:04:53,     9, 10121,   430, 1007.1, 300,21.1,29.4, 0.0,  0, 0.0000,     0,26.2,27.9,29.3, 25,    20,    42, 0.5890, 0.5383
M5,29/06/23,17:04:54,     9, 10122,   431, 1007.1, 300,21.1,29.4, 0.0,  0, 0.0000,     0,26.2,27.9,29.3, 25,    21,    43, 0.5912, 0.5345
M5,29/06/23,17:04:55,     9, 10123,   431, 1007.1, 300,21.1,29.4, 0.0,  0, 0.0000,     0,26.2,27.9,29.3, 25,    21,    44, 0.5931, 0.5328
M5,29/06/23,17:04:56,     9, 10124,   432, 1007.1, 300,21.1,29.4, 0.0,  0, 0.0000,     0,26.2,27.9,29.3, 25,    22,    45, 0.5960, 0.5301
M5,29/06/23,17:04:57,     9, 10125,   433, 1007.1, 300,21.1,29.4, 0.0,  0, 0.0000,     0,26.2,27.9,29.3, 25,    23,    46, 0.5979, 0.5287
M5,29/06/23,17:04:58,     9, 10126,   433, 1007.1, 300,21.1,29.4, 0.0,  0, 0.0000,     0,26.2,27.9,29.3, 25,    23,    47, 0.6008, 0.5266
M5,29/06/23,17:04:59,     9, 10127,   434, 1007.1, 300,21.1,29.4, 0.0,  0, 0.0000,     0,26.2,27.9,29.3, 25,    24,    48, 0.6034, 0.5231
M5,29/06/23,17:05:00,     9, 10128,   435, 1007.1, 300,21.2,29.4, 0.0,  0, 0.0000,     0,26.2,27.9,29.3, 25,    25,    49, 0.6070, 0.5198
M5,29/06/23,17:05:01,     9, 10129,   435, 1007.1, 300,21.2,29.4, 0.0,  0, 0.0000,     0,26.2,27.9,29.3, 25,    25,    50, 0.6094, 0.5181
M5,29/06/23,17:05:02,     9, 10130,   436, 1007.1, 300,21.2,29.4, 0.0,  0, 0.0000,     0,26.2,28.0,29.3, 25,    26,    51, 0.6113, 0.5181
M5,29/06/23,17:05:03,     9, 10131,   436, 1007.1, 300,21.2,29.4, 0.0,  0, 0.0000,     0,26.2,28.0,29.3, 25,    26,    52, 0.6140, 0.5177
M5,29/06/23,17:05:04,     9, 10132,   437, 1007.1, 300,21.2,29.4, 0.0,  0, 0.0000,     0,26.2,28.0,29.3, 25,    27,    53, 0.6165, 0.5162
M5,29/06/23,17:05:05,     9, 10133,   437, 1007.1, 300,21.2,29.4, 0.0,  0, 0.0000,     0,26.2,28.0,29.3, 25,    27,    54, 0.6186, 0.5165
M5,29/06/23,17:05:06,     9, 10134,   438, 1007.1, 300,21.2,29.4, 0.0,  0, 0.0000,     0,26.2,27.9,29.3, 25,    28,    55, 0.6203, 0.5180
M5,29/06/23,17:05:07,     9, 10135,   439, 1007.1, 300,21.3,29.4, 0.0,  0, 0.0000,     0,26.2,27.9,29.3, 25,    29,    56, 0.6229, 0.5194
M5,29/06/23,17:05:08,     9, 10136,   439, 1007.1, 300,21.3,29.4, 0.0,  0, 0.0000,     0,26.2,27.9,29.3, 25,    29,    57, 0.6249, 0.5194
M5,29/06/23,17:05:09,     9, 10137,   440, 1007.1, 300,21.3,29.4, 0.0,  0, 0.0000,     0,26.2,27.9,29.3, 25,    30,    58, 0.6274, 0.5193
M5,29/06/23,17:05:10,     9, 10138,   441, 1007.1, 300,21.3,29.4, 0.0,  0, 0.0000,     0,26.2,27.9,29.3, 25,    31,    59, 0.6297, 0.5184
M5,29/06/23,17:05:11,     9, 10139,   441, 1007.1, 300,21.3,29.4, 0.0,  0, 0.0000,     0,26.2,27.9,29.5, 25,    31,    60, 0.6316, 0.5190
R5,29/06/23,17:05:11,     9, 10139,   441, 1007.1, 300,21.3,29.4, 0.0,  0, 0.0000,     0,26.2,27.9,29.5, 25,    31,    60, 0.6316, 0.5190
End
