Tag(M3),Date,Time,Plot_No,Rec_No,CO2,Pressure,Flow,H2O,Tsen,O2,Error,Aux_V,PAR,Tsoil,Tair,Msoil
Zero
Start
M5,30/06/23,14:17:59,     1,  2192,   412, 1004.5, 300,20.3,29.0, 0.0,  0, 0.0000,     0,27.2,31.1,17.1, 20,    -0,     1, 0.0000, 0.0000
M5,30/06/23,14:18:00,     1,  2193,   412, 1004.5, 300,20.3,29.0, 0.0,  0, 0.0000,     0,27.2,31.1,17.1, 20,    -0,     2, 0.0000, 0.0000
M5,30/06/23,14:18:01,     1,  2194,   412, 1004.5, 300,20.4,29.1, 0.0,  0, 0.0000,     0,27.2,31.2,17.1, 20,    -0,     3, 0.0000, 0.0000
M5,30/06/23,14:18:02,     1,  2195,   413, 1004.5, 300,20.4,29.1, 0.0,  0, 0.0000,     0,27.2,31.3,17.1, 20,     0,     4, 0.0000, 0.0000
M5,30/06/23,14:18:03,     1,  2196,   413, 1004.5, 300,20.5,29.1, 0.0,  0, 0.0000,     0,27.2,31.3,17.1, 20,     1,     5, 0.0000, 0.0000
M5,30/06/23,14:18:04,     1,  2197,   413, 1004.5, 300,20.5,29.1, 0.0,  0, 0.0000,     0,27.2,31.4,17.1, 20,     1,     6, 0.0000, 0.0000
M5,30/06/23,14:18:05,     1,  2198,   413, 1004.5, 300,20.5,29.1, 0.0,  0, 0.0000,     0,27.2,31.5,17.4, 20,     1,     7, 0.0000, 0.0000
M5,30/06/23,14:18:06,     1,  2199,   414, 1004.5, 300,20.7,29.1, 0.0,  0, 0.0000,     0,27.2,31.5,17.4, 20,     1,     8, 0.0000, 0.0000
M5,30/06/23,14:18:07,     1,  2200,   414, 1004.5, 300,20.7,29.1, 0.0,  0, 0.0000,     0,27.2,31.6,17.4, 20,     1,     9, 0.0000, 0.0000
M5,30/06/23,14:18:08,     1,  2201,   414, 1004.5, 300,20.8,29.1, 0.0,  0, 0.0000,     0,27.2,31.6,17.4, 25,     2,    10, 0.0000, 0.0000
M5,30/06/23,14:18:09,     1,  2202,   415, 1004.5, 300,20.8,29.1, 0.0,  0, 0.0000,     0,27.2,31.7,17.4, 25,     2,    11, 0.0000, 0.0000
M5,30/06/23,14:18:10,     1,  2203,   415, 1004.5, 300,20.9,29.1, 0.0,  0, 0.0000,     0,27.2,31.7,17.4, 25,     3,    12, 0.0000, 0.0000
M5,30/06/23,14:18:11,     1,  2204,   415, 1004.5, 300,20.9,29.1, 0.0,  0, 0.0000,     0,27.2,31.7,17.4, 25,     3,    13, 0.3364, 0.6358
M5,30/06/23,14:18:12,     1,  2205,   415, 1004.5, 300,20.9,29.1, 0.0,  0, 0.0000,     0,27.2,31.8,17.4, 25,     3,    14, 0.3323, 0.4454
M5,30/06/23,14:18:13,     1,  2206,   416, 1004.5, 300,21.0,29.1, 0.0,  0, 0.0000,     0,27.2,31.8,17.4, 25,     3,    15, 0.3535, 0.3649
M5,30/06/23,14:18:14,     1,  2207,   416, 1004.5, 300,21.0,29.1, 0.0,  0, 0.0000,     0,27.2,31.8,17.4, 25,     4,    16, 0.3406, 0.3781
M5,30/06/23,14:18:15,     1,  2208,   416, 1004.5, 300,21.1,29.1, 0.0,  0, 0.0000,     0,27.2,31.9,17.4, 25,     4,    17, 0.3313, 0.4032
M5,30/06/23,14:18:16,     1,  2209,   416, 1004.5, 300,21.1,29.1, 0.0,  0, 0.0000,     0,27.2,31.9,17.4, 25,     4,    18, 0.3146, 0.4098
M5,30/06/23,14:18:17,     1,  2210,   417, 1004.5, 300,21.2,29.1, 0.0,  0, 0.0000,     0,27.2,31.9,17.4, 25,     4,    19, 0.3265, 0.3528
M5,30/06/23,14:18:18,     1,  2211,   417, 1004.5, 300,21.2,29.1, 0.0,  0, 0.0000,     0,27.2,32.0,17.4, 25,     5,    20, 0.3338, 0.3151
M5,30/06/23,14:18:19,     1,  2212,   417, 1004.5, 300,21.3,29.1, 0.0,  0, 0.0000,     0,27.2,32.0,17.4, 25,     5,    21, 0.3308, 0.3433
M5,30/06/23,14:18:20,     1,  2213,   418, 1004.5, 300,21.3,29.1, 0.0,  0, 0.0000,     0,27.2,32.0,17.4, 25,     5,    22, 0.3345, 0.3209
M5,30/06/23,14:18:21,     1,  2214,   418, 1004.5, 300,21.3,29.1, 0.0,  0, 0.0000,     0,27.2,32.0,17.4, 25,     6,    23, 0.3446, 0.2867
M5,30/06/23,14:18:22,     1,  2215,   418, 1004.5, 300,21.4,29.1, 0.0,  0, 0.0000,     0,27.2,32.1,17.4, 25,     6,    24, 0.3551, 0.2719
M5,30/06/23,14:18:23,     1,  2216,   419, 1004.5, 300,21.4,29.1, 0.0,  0, 0.0000,     0,27.2,32.1,17.4, 25,     6,    25, 0.3571, 0.2785
M5,30/06/23,14:18:24,     1,  2217,   419, 1004.5, 300,21.4,29.1, 0.0,  0, 0.0000,     0,27.2,32.1,17.4, 25,     6,    26, 0.3580, 0.2977
M5,30/06/23,14:18:25,     1,  2218,   419, 1004.5, 300,21.4,29.1, 0.0,  0, 0.0000,     0,27.2,32.1,17.4, 25,     7,    27, 0.3578, 0.3053
M5,30/06/23,14:18:26,     1,  2219,   420, 1004.5, 300,21.5,29.1, 0.0,  0, 0.0000,     0,27.2,32.1,17.4, 25,     7,    28, 0.3638, 0.3005
M5,30/06/23,14:18:27,     1,  2220,   420, 1004.5, 300,21.5,29.1, 0.0,  0, 0.0000,     0,27.2,32.2,17.4, 25,     7,    29, 0.3637, 0.3079
M5,30/06/23,14:18:28,     1,  2221,   420, 1004.5, 300,21.5,29.1, 0.0,  0, 0.0000,     0,27.2,32.2,17.4, 25,     8,    30, 0.3667, 0.3033
M5,30/06/23,14:18:29,     1,  2222,   421, 1004.5, 300,21.6,29.2, 0.0,  0, 0.0000,     0,27.2,32.2,17.4, 25,     8,    31, 0.3714, 0.3027
M5,30/06/23,14:18:30,     1,  2223,   421, 1004.5, 300,21.6,29.2, 0.0,  0, 0.0000,     0,27.2,32.2,17.4, 25,     9,    32, 0.3781, 0.2869
M5,30/06/23,14:18:31,     1,  2224,   422, 1004.5, 300,21.7,29.2, 0.0, 21, 0.0000,     0,27.2,32.2,17.4, 25,     9,    33, 0.3874, 0.2735
M5,30/06/23,14:18:32,     1,  2225,   422, 1004.5, 300,21.7,29.2, 0.0, 21, 0.0000,     0,27.2,32.2,17.1, 25,    10,    34, 0.3971, 0.2537
M5,30/06/23,14:18:33,     1,  2226,   423, 1004.5, 300,21.7,29.2, 0.0, 21, 0.0000,     0,27.2,32.3,17.1, 25,    10,    35, 0.4061, 0.2458
M5,30/06/23,14:18:34,     1,  2227,   423, 1004.4, 300,21.7,29.2, 0.0, 21, 0.0000,     0,27.2,32.3,17.1, 25,    11,    36, 0.4122, 0.2433
M5,30/06/23,14:18:35,     1,  2228,   423, 1004.4, 300,21.7,29.2, 0.0, 21, 0.0000,     0,27.2,32.3,17.1, 25,    11,    37, 0.4156, 0.2509
M5,30/06/23,14:18:36,     1,  2229,   423, 1004.4, 300,21.8,29.2, 0.0, 21, 0.0000,     0,27.2,32.3,17.1, 25,    11,    38, 0.4176, 0.2656
M5,30/06/23,14:18:37,     1,  2230,   424, 1004.4, 301,21.8,29.2, 0.0, 21, 0.0000,     0,27.2,32.3,17.1, 25,    11,    39, 0.4186, 0.2785
M5,30/06/23,14:18:38,     1,  2231,   424, 1004.4, 300,21.8,29.2, 0.0, 21, 0.0000,     0,27.2,32.3,17.1, 25,    12,    40, 0.4219, 0.2874
M5,30/06/23,14:18:39,     1,  2232,   425, 1004.4, 300,21.8,29.2, 0.0, 21, 0.0000,     0,27.2,32.3,17.1, 25,    12,    41, 0.4245, 0.2913
M5,30/06/23,14:18:40,     1,  2233,   425, 1004.4, 300,21.9,29.2, 0.0, 21, 0.0000,     0,27.2,32.3,17.1, 25,    13,    42, 0.4296, 0.2899
M5,30/06/23,14:18:41,     1,  2234,   426, 1004.5, 300,21.9,29.2, 0.0, 21, 0.0000,     0,27.2,32.3,17.1, 25,    13,    43, 0.4330, 0.2911
M5,30/06/23,14:18:42,     1,  2235,   426, 1004.5, 300,22.0,29.2, 0.0, 21, 0.0000,     0,27.2,32.4,17.1, 25,    14,    44, 0.4366, 0.2956
M5,30/06/23,14:18:43,     1,  2236,   426, 1004.5, 300,22.0,29.2, 0.0, 21, 0.0000,     0,27.2,32.4,17.1, 25,    14,    45, 0.4378, 0.3041
M5,30/06/23,14:18:44,     1,  2237,   427, 1004.5, 300,22.0,29.2, 0.0, 21, 0.0000,     0,27.2,32.4,17.1, 25,    14,    46, 0.4395, 0.3095
M5,30/06/23,14:18:45,     1,  2238,   427, 1004.5, 300,22.0,29.2, 0.0, 21, 0.0000,     0,27.2,32.4,17.1, 25,    15,    47, 0.4423, 0.3135
M5,30/06/23,14:18:46,     1,  2239,   427, 1004.5, 300,22.0,29.2, 0.0, 21, 0.0000,     0,27.2,32.4,17.1, 25,    15,    48, 0.4440, 0.3181
M5,30/06/23,14:18:47,     1,  2240,   428, 1004.5, 300,22.1,29.2, 0.0, 21, 0.0000,     0,27.2,32.4,17.1, 25,    15,    49, 0.4461, 0.3236
M5,30/06/23,14:18:48,     1,  2241,   428, 1004.5, 300,22.1,29.2, 0.0,  0, 0.0000,     0,27.2,32.4,17.1, 25,    16,    50, 0.4472, 0.3290
M5,30/06/23,14:18:49,     1,  2242,   429, 1004.5, 300,22.1,29.2, 0.0,  0, 0.0000,     0,27.2,32.4,17.1, 25,    16,    51, 0.4496, 0.3333
M5,30/06/23,14:18:50,     1,  2243,   429, 1004.5, 300,22.1,29.2, 0.0,  0, 0.0000,     0,27.2,32.4,17.1, 25,    17,    52, 0.4507, 0.3377
M5,30/06/23,14:18:51,     1,  2244,   429, 1004.5, 300,22.1,29.2, 0.0,  0, 0.0000,     0,27.2,32.4,17.1, 25,    17,    53, 0.4522, 0.3403
M5,30/06/23,14:18:52,     1,  2245,   430, 1004.5, 300,22.2,29.2, 0.0,  0, 0.0000,     0,27.2,32.4,17.1, 25,    18,    54, 0.4546, 0.3424
M5,30/06/23,14:18:53,     1,  2246,   430, 1004.5, 300,22.2,29.2, 0.0,  0, 0.0000,     0,27.2,32.4,17.1, 25,    18,    55, 0.4554, 0.3470
M5,30/06/23,14:18:54,     1,  2247,   431, 1004.5, 300,22.2,29.2, 0.0,  0, 0.0000,     0,27.2,32.4,17.1, 25,    18,    56, 0.4571, 0.3506
M5,30/06/23,14:18:55,     1,  2248,   431, 1004.5, 300,22.2,29.2, 0.0,  0, 0.0000,     0,27.2,32.4,17.1, 25,    19,    57, 0.4591, 0.3504
M5,30/06/23,14:18:57,     1,  2249,   432, 1004.5, 300,22.2,29.2, 0.0,  0, 0.0000,     0,27.2,32.4,17.1, 25,    19,    58, 0.4609, 0.3519
M5,30/06/23,14:18:58,     1,  2250,   432, 1004.5, 300,22.2,29.2, 0.0,  0, 0.0000,     0,27.2,32.4,17.1, 25,    20,    59, 0.4627, 0.3523
M5,30/06/23,14:18:59,     1,  2251,   433, 1004.5, 300,22.2,29.2, 0.0,  0, 0.0000,     0,27.2,32.5,17.1, 25,    20,    60, 0.4646, 0.3522
R5,30/06/23,14:18:59,     1,  2251,   433, 1004.5, 300,22.2,29.2, 0.0,  0, 0.0000,     0,27.2,32.5,17.1, 25,    20,    60, 0.4646, 0.3522
End
Start
M5,30/06/23,14:19:46,     1,  2298,   414, 1004.4, 300,20.7,29.4, 0.0,  0, 0.0000,     0,27.2,31.7,17.1, 20,     0,     1, 0.0000, 0.0000
M5,30/06/23,14:19:47,     1,  2299,   414, 1004.4, 300,20.7,29.4, 0.0,  0, 0.0000,     0,27.2,31.8,17.1, 20,    -0,     2, 0.0000, 0.0000
M5,30/06/23,14:19:48,     1,  2300,   414, 1004.4, 300,20.8,29.4, 0.0,  0, 0.0000,     0,27.2,31.9,17.1, 20,     0,     3, 0.0000, 0.0000
M5,30/06/23,14:19:49,     1,  2301,   414, 1004.4, 300,20.8,29.4, 0.0,  0, 0.0000,     0,27.2,31.9,17.1, 20,     0,     4, 0.0000, 0.0000
M5,30/06/23,14:19:50,     1,  2302,   414, 1004.4, 300,20.9,29.4, 0.0,  0, 0.0000,     0,27.2,32.0,17.1, 20,     0,     5, 0.0000, 0.0000
M5,30/06/23,14:19:51,     1,  2303,   414, 1004.4, 300,20.9,29.4, 0.0,  0, 0.0000,     0,27.2,32.0,17.1, 20,     0,     6, 0.0000, 0.0000
M5,30/06/23,14:19:52,     1,  2304,   415, 1004.4, 300,21.0,29.4, 0.0,  0, 0.0000,     0,27.2,32.1,17.1, 20,     1,     7, 0.0000, 0.0000
M5,30/06/23,14:19:53,     1,  2305,   415, 1004.4, 300,21.0,29.4, 0.0,  0, 0.0000,     0,27.2,32.2,17.1, 20,     1,     8, 0.0000, 0.0000
M5,30/06/23,14:19:54,     1,  2306,   415, 1004.4, 300,21.0,29.4, 0.0,  0, 0.0000,     0,27.2,32.2,17.1, 20,     1,     9, 0.0000, 0.0000
M5,30/06/23,14:19:55,     1,  2307,   416, 1004.4, 300,21.2,29.4, 0.0,  0, 0.0000,     0,27.2,32.3,17.1, 25,     2,    10, 0.0000, 0.0000
M5,30/06/23,14:19:56,     1,  2308,   416, 1004.4, 300,21.2,29.4, 0.0,  0, 0.0000,     0,27.2,32.3,17.1, 25,     2,    11, 0.0000, 0.0000
M5,30/06/23,14:19:57,     1,  2309,   417, 1004.4, 300,21.2,29.4, 0.0,  0, 0.0000,     0,27.2,32.3,17.1, 25,     3,    12, 0.0000, 0.0000
M5,30/06/23,14:19:58,     1,  2310,   417, 1004.4, 300,21.2,29.4, 0.0,  0, 0.0000,     0,27.2,32.4,17.1, 25,     3,    13, 0.5546, 0.7046
M5,30/06/23,14:19:59,     1,  2311,   417, 1004.4, 300,21.4,29.4, 0.0,  0, 0.0000,     0,27.2,32.4,17.1, 25,     3,    14, 0.4460, 0.8452
M5,30/06/23,14:20:00,     1,  2312,   417, 1004.4, 300,21.4,29.4, 0.0,  0, 0.0000,     0,27.2,32.5,17.1, 25,     3,    15, 0.3752, 0.7666
M5,30/06/23,14:20:01,     1,  2313,   418, 1004.4, 300,21.4,29.4, 0.0,  0, 0.0000,     0,27.2,32.5,17.1, 25,     4,    16, 0.3730, 0.5770
M5,30/06/23,14:20:02,     1,  2314,   418, 1004.4, 300,21.5,29.4, 0.0,  0, 0.0000,     0,27.2,32.5,17.1, 25,     4,    17, 0.3814, 0.4855
M5,30/06/23,14:20:03,     1,  2315,   418, 1004.4, 300,21.5,29.4, 0.0,  0, 0.0000,     0,27.2,32.5,17.1, 25,     4,    18, 0.3834, 0.4310
M5,30/06/23,14:20:04,     1,  2316,   419, 1004.4, 300,21.6,29.4, 0.0,  0, 0.0000,     0,27.5,32.6,17.4, 25,     5,    19, 0.3914, 0.4067
M5,30/06/23,14:20:05,     1,  2317,   419, 1004.4, 300,21.6,29.4, 0.0,  0, 0.0000,     0,27.5,32.6,17.4, 25,     5,    20, 0.4020, 0.3628
M5,30/06/23,14:20:06,     1,  2318,   420, 1004.4, 300,21.6,29.4, 0.0,  0, 0.0000,     0,27.5,32.6,17.4, 25,     5,    21, 0.4119, 0.3521
M5,30/06/23,14:20:07,     1,  2319,   420, 1004.4, 300,21.6,29.4, 0.0,  0, 0.0000,     0,27.5,32.6,17.4, 25,     6,    22, 0.4153, 0.3506
M5,30/06/23,14:20:08,     1,  2320,   420, 1004.4, 300,21.6,29.4, 0.0,  0, 0.0000,     0,27.5,32.7,17.4, 25,     6,    23, 0.4048, 0.3929
M5,30/06/23,14:20:09,     1,  2321,   420, 1004.4, 300,21.7,29.4, 0.0,  0, 0.0000,     0,27.5,32.7,17.1, 25,     6,    24, 0.4063, 0.3992
M5,30/06/23,14:20:10,     1,  2322,   421, 1004.4, 300,21.7,29.4, 0.0,  0, 0.0000,     0,27.5,32.7,17.1, 25,     7,    25, 0.4049, 0.3993
M5,30/06/23,14:20:11,     1,  2323,   421, 1004.4, 300,21.8,29.5, 0.0,  0, 0.0000,     0,27.5,32.7,17.1, 25,     7,    26, 0.4104, 0.3882
M5,30/06/23,14:20:12,     1,  2324,   422, 1004.4, 300,21.8,29.5, 0.0,  0, 0.0000,     0,27.5,32.7,17.1, 25,     8,    27, 0.4158, 0.3698
M5,30/06/23,14:20:13,     1,  2325,   422, 1004.4, 300,21.9,29.4, 0.0,  0, 0.0000,     0,27.5,32.7,17.1, 25,     8,    28, 0.4248, 0.3525
M5,30/06/23,14:20:14,     1,  2326,   423, 1004.4, 300,21.9,29.4, 0.0,  0, 0.0000,     0,27.2,32.7,17.1, 25,     9,    29, 0.4325, 0.3357
M5,30/06/23,14:20:15,     1,  2327,   423, 1004.4, 300,21.9,29.4, 0.0,  0, 0.0000,     0,27.2,32.8,17.1, 25,     9,    30, 0.4419, 0.3232
M5,30/06/23,14:20:16,     1,  2328,   424, 1004.4, 300,21.9,29.4, 0.0, 21, 0.0000,     0,27.2,32.8,17.1, 25,    10,    31, 0.4499, 0.3119
M5,30/06/23,14:20:17,     1,  2329,   424, 1004.4, 300,21.9,29.4, 0.0, 21, 0.0000,     0,27.2,32.8,17.1, 25,    10,    32, 0.4577, 0.3038
M5,30/06/23,14:20:18,     1,  2330,   425, 1004.4, 300,22.0,29.5, 0.0, 21, 0.0000,     0,27.2,32.8,17.1, 25,    11,    33, 0.4670, 0.3003
M5,30/06/23,14:20:19,     1,  2331,   425, 1004.4, 300,22.0,29.5, 0.0, 21, 0.0000,     0,27.2,32.8,17.1, 25,    11,    34, 0.4722, 0.3037
M5,30/06/23,14:20:20,     1,  2332,   425, 1004.4, 300,22.1,29.5, 0.0, 21, 0.0000,     0,27.5,32.8,17.1, 25,    11,    35, 0.4772, 0.3137
M5,30/06/23,14:20:21,     1,  2333,   426, 1004.4, 300,22.1,29.5, 0.0, 21, 0.0000,     0,27.5,32.8,17.1, 25,    12,    36, 0.4794, 0.3255
M5,30/06/23,14:20:22,     1,  2334,   426, 1004.4, 300,22.1,29.5, 0.0, 21, 0.0000,     0,27.5,32.8,17.1, 25,    12,    37, 0.4829, 0.3343
M5,30/06/23,14:20:23,     1,  2335,   427, 1004.4, 300,22.1,29.5, 0.0, 21, 0.0000,     0,27.5,32.8,17.1, 25,    13,    38, 0.4860, 0.3400
M5,30/06/23,14:20:24,     1,  2336,   427, 1004.4, 300,22.1,29.5, 0.0, 21, 0.0000,     0,27.5,32.8,17.1, 25,    13,    39, 0.4905, 0.3395
M5,30/06/23,14:20:25,     1,  2337,   428, 1004.4, 300,22.2,29.5, 0.0, 21, 0.0000,     0,27.5,32.8,17.1, 25,    14,    40, 0.4986, 0.3322
M5,30/06/23,14:20:26,     1,  2338,   429, 1004.4, 300,22.2,29.5, 0.0, 21, 0.0000,     0,27.5,32.9,17.1, 25,    15,    41, 0.5071, 0.3189
M5,30/06/23,14:20:27,     1,  2339,   429, 1004.4, 300,22.2,29.5, 0.0, 21, 0.0000,     0,27.5,32.9,17.1, 25,    15,    42, 0.5146, 0.3156
M5,30/06/23,14:20:28,     1,  2340,   429, 1004.4, 300,22.2,29.5, 0.0, 21, 0.0000,     0,27.5,32.9,17.1, 25,    15,    43, 0.5187, 0.3207
M5,30/06/23,14:20:29,     1,  2341,   430, 1004.4, 300,22.3,29.5, 0.0, 21, 0.0000,     0,27.5,32.9,17.1, 25,    16,    44, 0.5212, 0.3335
M5,30/06/23,14:20:30,     1,  2342,   430, 1004.4, 300,22.3,29.5, 0.0, 21, 0.0000,     0,27.5,32.9,17.1, 25,    16,    45, 0.5214, 0.3503
M5,30/06/23,14:20:31,     1,  2343,   430, 1004.4, 300,22.3,29.5, 0.0, 21, 0.0000,     0,27.5,32.9,17.1, 25,    16,    46, 0.5203, 0.3700
M5,30/06/23,14:20:32,     1,  2344,   430, 1004.4, 300,22.3,29.5, 0.0,  0, 0.0000,     0,27.5,32.9,17.1, 25,    16,    47, 0.5196, 0.3891
M5,30/06/23,14:20:33,     1,  2345,   431, 1004.4, 300,22.3,29.5, 0.0,  0, 0.0000,     0,27.5,32.9,17.1, 25,    16,    48, 0.5179, 0.4060
M5,30/06/23,14:20:34,     1,  2346,   431, 1004.4, 300,22.4,29.5, 0.0,  0, 0.0000,     0,27.5,32.9,17.1, 25,    17,    49, 0.5168, 0.4222
M5,30/06/23,14:20:35,     1,  2347,   431, 1004.4, 300,22.4,29.5, 0.0,  0, 0.0000,     0,27.5,32.9,17.1, 25,    17,    50, 0.5155, 0.4338
M5,30/06/23,14:20:36,     1,  2348,   432, 1004.4, 300,22.4,29.5, 0.0,  0, 0.0000,     0,27.5,32.9,17.1, 25,    17,    51, 0.5139, 0.4478
M5,30/06/23,14:20:37,     1,  2349,   432, 1004.4, 300,22.4,29.5, 0.0,  0, 0.0000,     0,27.5,32.9,17.1, 25,    18,    52, 0.5111, 0.4624
M5,30/06/23,14:20:38,     1,  2350,   432, 1004.4, 300,22.5,29.5, 0.0,  0, 0.0000,     0,27.5,32.9,17.1, 25,    18,    53, 0.5089, 0.4759
M5,30/06/23,14:20:39,     1,  2351,   432, 1004.4, 300,22.5,29.5, 0.0,  0, 0.0000,     0,27.5,32.9,17.1, 25,    18,    54, 0.5062, 0.4872
M5,30/06/23,14:20:40,     1,  2352,   433, 1004.4, 300,22.5,29.5, 0.0,  0, 0.0000,     0,27.5,32.9,17.1, 25,    18,    55, 0.5029, 0.4991
M5,30/06/23,14:20:41,     1,  2353,   433, 1004.4, 300,22.5,29.5, 0.0,  0, 0.0000,     0,27.5,32.9,17.1, 25,    19,    56, 0.5007, 0.5077
M5,30/06/23,14:20:42,     1,  2354,   434, 1004.4, 300,22.5,29.5, 0.0,  0, 0.0000,     0,27.5,32.9,17.1, 25,    20,    57, 0.4992, 0.5111
M5,30/06/23,14:20:43,     1,  2355,   434, 1004.4, 300,22.5,29.5, 0.0,  0, 0.0000,     0,27.5,32.9,17.1, 25,    20,    58, 0.4982, 0.5150
M5,30/06/23,14:20:44,     1,  2356,   434, 1004.4, 300,22.5,29.5, 0.0,  0, 0.0000,     0,27.5,32.9,17.1, 25,    20,    59, 0.4967, 0.5181
M5,30/06/23,14:20:45,     1,  2357,   435, 1004.4, 300,22.6,29.5, 0.0,  0, 0.0000,     0,27.5,32.9,17.1, 25,    20,    60, 0.4949, 0.5231
R5,30/06/23,14:20:45,     1,  2357,   435, 1004.4, 300,22.6,29.5, 0.0,  0, 0.0000,     0,27.5,32.9,17.1, 25,    20,    60, 0.4949, 0.5231
End
Start
M5,30/06/23,14:21:32,     1,  2404,   417, 1004.4, 300,20.7,29.6, 0.0,  0, 0.0000,     0,27.5,31.7,17.1, 20,    -1,     1, 0.0000, 0.0000
M5,30/06/23,14:21:33,     1,  2405,   417, 1004.4, 300,20.7,29.6, 0.0,  0, 0.0000,     0,27.5,31.7,17.1, 20,    -2,     2, 0.0000, 0.0000
M5,30/06/23,14:21:34,     1,  2406,   417, 1004.4, 300,20.7,29.6, 0.0,  0, 0.0000,     0,27.5,31.8,17.1, 20,    -2,     3, 0.0000, 0.0000
M5,30/06/23,14:21:35,     1,  2407,   417, 1004.4, 300,20.7,29.6, 0.0,  0, 0.0000,     0,27.5,31.8,17.1, 20,    -2,     4, 0.0000, 0.0000
M5,30/06/23,14:21:36,     1,  2408,   417, 1004.4, 300,20.8,29.7, 0.0,  0, 0.0000,     0,27.5,31.9,17.1, 20,    -2,     5, 0.0000, 0.0000
M5,30/06/23,14:21:37,     1,  2409,   417, 1004.4, 300,20.8,29.7, 0.0,  0, 0.0000,     0,27.5,31.9,17.1, 20,    -2,     6, 0.0000, 0.0000
M5,30/06/23,14:21:38,     1,  2410,   418, 1004.4, 300,20.9,29.6, 0.0,  0, 0.0000,     0,27.5,32.0,17.1, 20,    -1,     7, 0.0000, 0.0000
M5,30/06/23,14:21:39,     1,  2411,   418, 1004.4, 300,20.9,29.6, 0.0,  0, 0.0000,     0,27.5,32.0,17.1, 20,    -1,     8, 0.0000, 0.0000
M5,30/06/23,14:21:40,     1,  2412,   418, 1004.4, 300,20.9,29.6, 0.0,  0, 0.0000,     0,27.5,32.1,17.1, 20,    -0,     9, 0.0000, 0.0000
M5,30/06/23,14:21:41,     1,  2413,   419, 1004.4, 300,20.9,29.7, 0.0,  0, 0.0000,     0,27.5,32.1,17.1, 25,    -0,    10, 0.0000, 0.0000
M5,30/06/23,14:21:42,     1,  2414,   419, 1004.4, 300,20.9,29.7, 0.0,  0, 0.0000,     0,27.5,32.1,17.1, 25,    -0,    11, 0.0000, 0.0000
M5,30/06/23,14:21:43,     1,  2415,   419, 1004.4, 300,21.0,29.7, 0.0,  0, 0.0000,     0,27.5,32.2,17.1, 25,     0,    12, 0.0000, 0.0000
M5,30/06/23,14:21:44,     1,  2416,   420, 1004.4, 300,21.0,29.7, 0.0, 21, 0.0000,     0,27.5,32.2,17.1, 25,     1,    13, 0.4115, 0.1109
M5,30/06/23,14:21:45,     1,  2417,   420, 1004.4, 300,21.1,29.7, 0.0, 21, 0.0000,     0,27.5,32.2,17.1, 25,     1,    14, 0.4772, 0.1910
M5,30/06/23,14:21:46,     1,  2418,   420, 1004.4, 300,21.1,29.7, 0.0, 21, 0.0000,     0,27.5,32.3,17.1, 25,     1,    15, 0.4842, 0.3171
M5,30/06/23,14:21:47,     1,  2419,   421, 1004.4, 300,21.1,29.7, 0.0,  0, 0.0000,     0,27.5,32.3,17.1, 25,     2,    16, 0.4567, 0.4513
M5,30/06/23,14:21:49,     1,  2420,   420, 1004.4, 300,21.2,29.7, 0.0,  0, 0.0000,     0,27.5,32.3,17.1, 25,     1,    17, 0.3876, 0.6443
M5,30/06/23,14:21:50,     1,  2421,   420, 1004.4, 300,21.2,29.7, 0.0,  0, 0.0000,     0,27.5,32.4,17.1, 25,     1,    18, 0.3262, 0.7020
M5,30/06/23,14:21:51,     1,  2422,   421, 1004.4, 300,21.2,29.7, 0.0,  0, 0.0000,     0,27.5,32.4,17.1, 25,     2,    19, 0.3030, 0.6447
M5,30/06/23,14:21:52,     1,  2423,   421, 1004.4, 300,21.2,29.7, 0.0,  0, 0.0000,     0,27.5,32.4,17.1, 25,     2,    20, 0.3017, 0.5337
M5,30/06/23,14:21:53,     1,  2424,   422, 1004.4, 300,21.3,29.7, 0.0,  0, 0.0000,     0,27.5,32.4,17.1, 25,     3,    21, 0.3242, 0.4094
M5,30/06/23,14:21:54,     1,  2425,   422, 1004.4, 300,21.3,29.7, 0.0,  0, 0.0000,     0,27.5,32.4,17.1, 25,     3,    22, 0.3441, 0.3204
M5,30/06/23,14:21:55,     1,  2426,   423, 1004.4, 300,21.4,29.7, 0.0, 21, 0.0000,     0,27.5,32.5,17.1, 25,     4,    23, 0.3725, 0.2453
M5,30/06/23,14:21:56,     1,  2427,   424, 1004.4, 300,21.4,29.7, 0.0, 21, 0.0000,     0,27.5,32.5,17.1, 25,     5,    24, 0.4050, 0.1694
M5,30/06/23,14:21:57,     1,  2428,   424, 1004.4, 300,21.4,29.7, 0.0, 21, 0.0000,     0,27.5,32.5,17.1, 25,     5,    25, 0.4309, 0.1361
M5,30/06/23,14:21:58,     1,  2429,   425, 1004.4, 300,21.4,29.7, 0.0, 21, 0.0000,     0,27.5,32.5,17.1, 25,     6,    26, 0.4504, 0.1419
M5,30/06/23,14:21:59,     1,  2430,   425, 1004.4, 300,21.4,29.7, 0.0, 21, 0.0000,     0,27.5,32.5,17.1, 25,     6,    27, 0.4617, 0.1638
M5,30/06/23,14:22:00,     1,  2431,   425, 1004.4, 300,21.5,29.7, 0.0, 21, 0.0000,     0,27.5,32.5,17.1, 25,     6,    28, 0.4706, 0.1966
M5,30/06/23,14:22:01,     1,  2432,   426, 1004.4, 300,21.5,29.7, 0.0, 21, 0.0000,     0,27.5,32.5,17.1, 25,     7,    29, 0.4746, 0.2297
M5,30/06/23,14:22:02,     1,  2433,   426, 1004.4, 300,21.6,29.7, 0.0, 21, 0.0000,     0,27.5,32.6,17.1, 25,     7,    30, 0.4789, 0.2644
M5,30/06/23,14:22:03,     1,  2434,   426, 1004.4, 300,21.6,29.7, 0.0, 21, 0.0000,     0,27.5,32.6,17.1, 25,     7,    31, 0.4819, 0.2866
M5,30/06/23,14:22:04,     1,  2435,   427, 1004.4, 300,21.6,29.7, 0.0, 21, 0.0000,     0,27.5,32.6,17.1, 25,     8,    32, 0.4834, 0.3098
M5,30/06/23,14:22:05,     1,  2436,   427, 1004.4, 300,21.7,29.7, 0.0, 21, 0.0000,     0,27.5,32.6,17.1, 25,     8,    33, 0.4877, 0.3274
M5,30/06/23,14:22:06,     1,  2437,   427, 1004.4, 300,21.7,29.7, 0.0, 21, 0.0000,     0,27.5,32.6,17.1, 25,     9,    34, 0.4887, 0.3446
M5,30/06/23,14:22:07,     1,  2438,   428, 1004.4, 300,21.7,29.7, 0.0,  0, 0.0000,     0,27.5,32.6,17.1, 25,     9,    35, 0.4903, 0.3634
M5,30/06/23,14:22:08,     1,  2439,   428, 1004.4, 300,21.7,29.7, 0.0,  0, 0.0000,     0,27.5,32.6,17.1, 25,     9,    36, 0.4898, 0.3799
M5,30/06/23,14:22:09,     1,  2440,   428, 1004.4, 300,21.8,29.7, 0.0,  0, 0.0000,     0,27.5,32.6,17.1, 25,     9,    37, 0.4886, 0.4008
M5,30/06/23,14:22:10,     1,  2441,   429, 1004.4, 300,21.8,29.7, 0.0,  0, 0.0000,     0,27.5,32.6,17.1, 25,    10,    38, 0.4876, 0.4130
M5,30/06/23,14:22:11,     1,  2442,   429, 1004.4, 300,21.8,29.7, 0.0,  0, 0.0000,     0,27.5,32.7,17.1, 25,    10,    39, 0.4876, 0.4200
M5,30/06/23,14:22:12,     1,  2443,   430, 1004.4, 300,21.8,29.7, 0.0,  0, 0.0000,     0,27.5,32.7,17.1, 25,    11,    40, 0.4891, 0.4240
M5,30/06/23,14:22:13,     1,  2444,   430, 1004.4, 300,21.8,29.7, 0.0,  0, 0.0000,     0,27.5,32.7,17.1, 25,    11,    41, 0.4892, 0.4291
M5,30/06/23,14:22:14,     1,  2445,   431, 1004.4, 300,21.9,29.7, 0.0,  0, 0.0000,     0,27.5,32.7,17.1, 25,    12,    42, 0.4910, 0.4323
M5,30/06/23,14:22:15,     1,  2446,   431, 1004.4, 300,21.9,29.7, 0.0,  0, 0.0000,     0,27.5,32.7,17.1, 25,    12,    43, 0.4902, 0.4397
M5,30/06/23,14:22:16,     1,  2447,   431, 1004.4, 300,21.9,29.7, 0.0,  0, 0.0000,     0,27.5,32.7,17.1, 25,    12,    44, 0.4907, 0.4443
M5,30/06/23,14:22:17,     1,  2448,   432, 1004.4, 300,21.9,29.7, 0.0,  0, 0.0000,     0,27.5,32.7,17.1, 25,    13,    45, 0.4920, 0.4422
M5,30/06/23,14:22:18,     1,  2449,   432, 1004.4, 300,22.0,29.7, 0.0,  0, 0.0000,     0,27.5,32.7,17.1, 25,    14,    46, 0.4949, 0.4406
M5,30/06/23,14:22:19,     1,  2450,   433, 1004.4, 300,22.0,29.7, 0.0,  0, 0.0000,     0,27.5,32.7,17.1, 25,    14,    47, 0.4959, 0.4403
M5,30/06/23,14:22:20,     1,  2451,   433, 1004.4, 300,22.0,29.7, 0.0,  0, 0.0000,     0,27.5,32.7,17.1, 25,    14,    48, 0.4949, 0.4475
M5,30/06/23,14:22:21,     1,  2452,   433, 1004.4, 300,22.1,29.7, 0.0,  0, 0.0000,     0,27.5,32.7,17.1, 25,    14,    49, 0.4945, 0.4553
M5,30/06/23,14:22:22,     1,  2453,   433, 1004.4, 300,22.1,29.7, 0.0,  0, 0.0000,     0,27.5,32.7,17.1, 25,    15,    50, 0.4931, 0.4620
M5,30/06/23,14:22:23,     1,  2454,   434, 1004.4, 300,22.1,29.7, 0.0,  0, 0.0000,     0,27.5,32.7,17.1, 25,    15,    51, 0.4931, 0.4666
M5,30/06/23,14:22:24,     1,  2455,   434, 1004.4, 300,22.1,29.7, 0.0,  0, 0.0000,     0,27.5,32.7,17.1, 25,    15,    52, 0.4922, 0.4707
M5,30/06/23,14:22:25,     1,  2456,   435, 1004.4, 300,22.1,29.7, 0.0,  0, 0.0000,     0,27.5,32.7,17.1, 25,    16,    53, 0.4914, 0.4753
M5,30/06/23,14:22:26,     1,  2457,   435, 1004.4, 300,22.1,29.7, 0.0,  0, 0.0000,     0,27.5,32.7,17.1, 25,    16,    54, 0.4902, 0.4796
M5,30/06/23,14:22:27,     1,  2458,   435, 1004.4, 300,22.1,29.7, 0.0,  0, 0.0000,     0,27.5,32.7,17.1, 25,    16,    55, 0.4889, 0.4837
M5,30/06/23,14:22:28,     1,  2459,   436, 1004.4, 300,22.2,29.7, 0.0,  0, 0.0000,     0,27.5,32.7,17.1, 25,    17,    56, 0.4882, 0.4882
M5,30/06/23,14:22:29,     1,  2460,   436, 1004.4, 300,22.2,29.7, 0.0,  0, 0.0000,     0,27.5,32.7,17.1, 25,    17,    57, 0.4870, 0.4913
M5,30/06/23,14:22:30,     1,  2461,   437, 1004.4, 300,22.2,29.7, 0.0,  0, 0.0000,     0,27.5,32.7,17.1, 25,    18,    58, 0.4872, 0.4910
M5,30/06/23,14:22:31,     1,  2462,   437, 1004.4, 300,22.2,29.7, 0.0,  0, 0.0000,     0,27.5,32.7,17.1, 25,    18,    59, 0.4873, 0.4892
M5,30/06/23,14:22:32,     1,  2463,   438, 1004.4, 300,22.3,29.7, 0.0,  0, 0.0000,     0,27.5,32.7,17.1, 25,    19,    60, 0.4885, 0.4853
R5,30/06/23,14:22:32,     1,  2463,   438, 1004.4, 300,22.3,29.7, 0.0,  0, 0.0000,     0,27.5,32.7,17.1, 25,    19,    60, 0.4885, 0.4853
End
Start
M5,30/06/23,14:28:00,     2,  2789,   452, 1004.3, 299,21.2,30.1, 0.0,  0, 0.0000,     0,26.9,32.0,28.5, 20,    -2,     1, 0.0000, 0.0000
M5,30/06/23,14:28:01,     2,  2790,   451, 1004.3, 300,21.5,30.1, 0.0,  0, 0.0000,     0,26.9,32.0,28.8, 20,    -3,     2, 0.0000, 0.0000
M5,30/06/23,14:28:02,     2,  2791,   450, 1004.3, 300,21.5,30.1, 0.0,  0, 0.0000,     0,26.9,32.1,28.8, 20,    -4,     3, 0.0000, 0.0000
M5,30/06/23,14:28:03,     2,  2792,   449, 1004.3, 300,21.7,30.1, 0.0,  0, 0.0000,     0,26.9,32.2,28.8, 20,    -4,     4, 0.0000, 0.0000
M5,30/06/23,14:28:04,     2,  2793,   449, 1004.3, 300,21.7,30.1, 0.0,  0, 0.0000,     0,26.9,32.2,28.8, 20,    -4,     5, 0.0000, 0.0000
M5,30/06/23,14:28:05,     2,  2794,   450, 1004.3, 300,21.7,30.1, 0.0,  0, 0.0000,     0,26.9,32.3,28.8, 20,    -4,     6, 0.0000, 0.0000
M5,30/06/23,14:28:06,     2,  2795,   450, 1004.3, 299,22.0,30.1, 0.0,  0, 0.0000,     0,26.9,32.3,28.8, 20,    -3,     7, 0.0000, 0.0000
M5,30/06/23,14:28:07,     2,  2796,   451, 1004.3, 300,22.0,30.1, 0.0,  0, 0.0000,     0,26.9,32.4,28.5, 20,    -3,     8, 0.0000, 0.0000
M5,30/06/23,14:28:08,     2,  2797,   451, 1004.3, 300,22.2,30.1, 0.0,  0, 0.0000,     0,26.9,32.4,28.5, 20,    -2,     9, 0.0000, 0.0000
M5,30/06/23,14:28:09,     2,  2798,   452, 1004.3, 300,22.2,30.1, 0.0,  0, 0.0000,     0,26.9,32.5,28.5, 25,    -2,    10, 0.0000, 0.0000
M5,30/06/23,14:28:10,     2,  2799,   453, 1004.3, 300,22.4,30.1, 0.0,  0, 0.0000,     0,26.9,32.5,28.5, 25,    -1,    11, 0.0000, 0.0000
M5,30/06/23,14:28:11,     2,  2800,   453, 1004.3, 300,22.4,30.1, 0.0,  0, 0.0000,     0,26.9,32.5,28.5, 25,    -1,    12, 0.0000, 0.0000
M5,30/06/23,14:28:12,     2,  2801,   454, 1004.3, 300,22.4,30.1, 0.0,  0, 0.0000,     0,26.9,32.6,28.5, 25,     0,    13, 0.6872, 0.9759
M5,30/06/23,14:28:13,     2,  2802,   454, 1004.3, 300,22.6,30.1, 0.0,  0, 0.0000,     0,26.9,32.6,28.5, 25,     0,    14, 0.6403, 0.9387
M5,30/06/23,14:28:14,     2,  2803,   454, 1004.3, 300,22.6,30.1, 0.0,  0, 0.0000,     0,26.9,32.6,28.5, 25,     1,    15, 0.5817, 0.8686
M5,30/06/23,14:28:15,     2,  2804,   455, 1004.3, 300,22.8,30.1, 0.0,  0, 0.0000,     0,26.9,32.7,28.5, 25,     1,    16, 0.5591, 0.8219
M5,30/06/23,14:28:16,     2,  2805,   455, 1004.3, 300,22.8,30.1, 0.0,  0, 0.0000,     0,26.9,32.7,28.5, 25,     1,    17, 0.5436, 0.7228
M5,30/06/23,14:28:17,     2,  2806,   456, 1004.3, 300,23.0,30.1, 0.0,  0, 0.0000,     0,26.9,32.7,28.5, 25,     2,    18, 0.5522, 0.6565
M5,30/06/23,14:28:18,     2,  2807,   456, 1004.3, 300,23.0,30.1, 0.0,  0, 0.0000,     0,26.9,32.7,28.5, 25,     3,    19, 0.5621, 0.5705
M5,30/06/23,14:28:19,     2,  2808,   457, 1004.3, 300,23.2,30.1, 0.0,  0, 0.0000,     0,26.9,32.8,28.5, 25,     3,    20, 0.5864, 0.5134
M5,30/06/23,14:28:20,     2,  2809,   458, 1004.3, 300,23.2,30.1, 0.0, 21, 0.0000,     0,26.9,32.8,28.5, 25,     4,    21, 0.6100, 0.4469
M5,30/06/23,14:28:21,     2,  2810,   458, 1004.3, 300,23.2,30.1, 0.0, 21, 0.0000,     0,26.9,32.8,28.5, 25,     5,    22, 0.6301, 0.4152
M5,30/06/23,14:28:22,     2,  2811,   459, 1004.3, 300,23.4,30.1, 0.0, 21, 0.0000,     0,26.9,32.8,28.5, 25,     5,    23, 0.6440, 0.4456
M5,30/06/23,14:28:23,     2,  2812,   459, 1004.3, 300,23.4,30.1, 0.0, 21, 0.0000,     0,26.9,32.8,28.8, 25,     6,    24, 0.6463, 0.4718
M5,30/06/23,14:28:24,     2,  2813,   460, 1004.3, 300,23.6,30.1, 0.0,  0, 0.0000,     0,26.9,32.8,28.8, 25,     6,    25, 0.6491, 0.5178
M5,30/06/23,14:28:25,     2,  2814,   460, 1004.3, 300,23.6,30.1, 0.0,  0, 0.0000,     0,26.9,32.8,28.8, 25,     6,    26, 0.6451, 0.5462
M5,30/06/23,14:28:26,     2,  2815,   460, 1004.3, 300,23.7,30.2, 0.0,  0, 0.0000,     0,26.9,32.9,28.8, 25,     7,    27, 0.6431, 0.5831
M5,30/06/23,14:28:27,     2,  2816,   461, 1004.3, 300,23.7,30.2, 0.0,  0, 0.0000,     0,26.9,32.9,28.8, 25,     7,    28, 0.6401, 0.5932
M5,30/06/23,14:28:28,     2,  2817,   462, 1004.3, 300,23.7,30.2, 0.0,  0, 0.0000,     0,26.9,32.9,28.8, 25,     8,    29, 0.6400, 0.5918
M5,30/06/23,14:28:29,     2,  2818,   462, 1004.3, 300,23.9,30.1, 0.0,  0, 0.0000,     0,26.9,32.9,28.8, 25,     9,    30, 0.6430, 0.5967
M5,30/06/23,14:28:30,     2,  2819,   463, 1004.3, 300,23.9,30.1, 0.0,  0, 0.0000,     0,26.9,32.9,28.8, 25,     9,    31, 0.6419, 0.5993
M5,30/06/23,14:28:31,     2,  2820,   463, 1004.3, 300,24.0,30.1, 0.0,  0, 0.0000,     0,26.9,32.9,28.8, 25,    10,    32, 0.6430, 0.6083
M5,30/06/23,14:28:32,     2,  2821,   464, 1004.3, 300,24.0,30.1, 0.0,  0, 0.0000,     0,26.9,32.9,28.8, 25,    10,    33, 0.6427, 0.6064
M5,30/06/23,14:28:33,     2,  2822,   465, 1004.3, 300,24.1,30.2, 0.0,  0, 0.0000,     0,26.9,32.9,28.5, 25,    11,    34, 0.6473, 0.6033
M5,30/06/23,14:28:34,     2,  2823,   465, 1004.3, 300,24.1,30.2, 0.0,  0, 0.0000,     0,26.9,32.9,28.5, 25,    11,    35, 0.6478, 0.6004
M5,30/06/23,14:28:35,     2,  2824,   465, 1004.3, 300,24.1,30.2, 0.0,  0, 0.0000,     0,26.9,32.9,28.5, 25,    12,    36, 0.6461, 0.6054
M5,30/06/23,14:28:36,     2,  2825,   466, 1004.3, 300,24.3,30.1, 0.0,  0, 0.0000,     0,26.9,32.9,28.5, 25,    12,    37, 0.6455, 0.6175
M5,30/06/23,14:28:37,     2,  2826,   466, 1004.3, 300,24.3,30.1, 0.0,  0, 0.0000,     0,26.9,33.0,28.5, 25,    13,    38, 0.6425, 0.6248
M5,30/06/23,14:28:38,     2,  2827,   467, 1004.3, 300,24.4,30.1, 0.0,  0, 0.0000,     0,26.9,33.0,28.5, 25,    13,    39, 0.6421, 0.6326
M5,30/06/23,14:28:39,     2,  2828,   467, 1004.3, 300,24.4,30.1, 0.0,  0, 0.0000,     0,26.9,33.0,28.5, 25,    14,    40, 0.6408, 0.6324
M5,30/06/23,14:28:40,     2,  2829,   468, 1004.3, 300,24.5,30.2, 0.0,  0, 0.0000,     0,26.9,33.0,28.5, 25,    15,    41, 0.6432, 0.6313
M5,30/06/23,14:28:41,     2,  2830,   469, 1004.3, 300,24.5,30.2, 0.0,  0, 0.0000,     0,26.9,33.0,28.5, 25,    15,    42, 0.6438, 0.6251
M5,30/06/23,14:28:42,     2,  2831,   470, 1004.3, 300,24.7,30.2, 0.0,  0, 0.0000,     0,26.9,33.0,28.5, 25,    16,    43, 0.6480, 0.6161
M5,30/06/23,14:28:43,     2,  2832,   470, 1004.3, 300,24.7,30.2, 0.0,  0, 0.0000,     0,26.9,33.0,28.5, 25,    17,    44, 0.6495, 0.6087
M5,30/06/23,14:28:44,     2,  2833,   471, 1004.3, 300,24.7,30.2, 0.0,  0, 0.0000,     0,26.9,33.0,28.8, 25,    17,    45, 0.6497, 0.6074
M5,30/06/23,14:28:45,     2,  2834,   471, 1004.3, 300,24.8,30.2, 0.0,  0, 0.0000,     0,26.9,33.0,28.8, 25,    17,    46, 0.6513, 0.6089
M5,30/06/23,14:28:46,     2,  2835,   472, 1004.3, 300,24.8,30.2, 0.0,  0, 0.0000,     0,26.9,33.0,28.8, 25,    18,    47, 0.6517, 0.6067
M5,30/06/23,14:28:47,     2,  2836,   473, 1004.3, 300,24.9,30.2, 0.0,  0, 0.0000,     0,26.9,33.0,28.8, 25,    19,    48, 0.6551, 0.6021
M5,30/06/23,14:28:48,     2,  2837,   473, 1004.3, 300,24.9,30.2, 0.0,  0, 0.0000,     0,26.9,33.0,28.8, 25,    19,    49, 0.6562, 0.5985
M5,30/06/23,14:28:49,     2,  2838,   474, 1004.3, 300,25.0,30.2, 0.0,  0, 0.0000,     0,26.7,33.0,28.5, 25,    20,    50, 0.6583, 0.5980
M5,30/06/23,14:28:50,     2,  2839,   474, 1004.3, 300,25.0,30.2, 0.0,  0, 0.0000,     0,26.7,33.0,28.5, 25,    21,    51, 0.6595, 0.5952
M5,30/06/23,14:28:51,     2,  2840,   475, 1004.3, 300,25.0,30.2, 0.0,  0, 0.0000,     0,26.7,33.0,28.5, 25,    21,    52, 0.6600, 0.5952
M5,30/06/23,14:28:52,     2,  2841,   475, 1004.3, 300,25.1,30.2, 0.0,  0, 0.0000,     0,26.7,33.0,28.5, 25,    22,    53, 0.6623, 0.5954
M5,30/06/23,14:28:53,     2,  2842,   476, 1004.3, 300,25.1,30.2, 0.0,  0, 0.0000,     0,26.7,32.9,28.5, 25,    22,    54, 0.6622, 0.5974
M5,30/06/23,14:28:54,     2,  2843,   476, 1004.3, 300,25.2,30.2, 0.0,  0, 0.0000,     0,26.7,32.9,28.5, 25,    23,    55, 0.6632, 0.6012
M5,30/06/23,14:28:55,     2,  2844,   477, 1004.3, 300,25.2,30.2, 0.0,  0, 0.0000,     0,26.9,32.9,28.8, 25,    23,    56, 0.6633, 0.6023
M5,30/06/23,14:28:56,     2,  2845,   478, 1004.3, 300,25.2,30.2, 0.0,  0, 0.0000,     0,26.9,32.9,28.8, 25,    24,    57, 0.6646, 0.6029
M5,30/06/23,14:28:57,     2,  2846,   478, 1004.3, 300,25.2,30.2, 0.0,  0, 0.0000,     0,26.9,32.9,28.8, 25,    24,    58, 0.6648, 0.6036
M5,30/06/23,14:28:58,     2,  2847,   479, 1004.3, 300,25.2,30.2, 0.0,  0, 0.0000,     0,26.9,32.9,28.8, 25,    25,    59, 0.6653, 0.6033
M5,30/06/23,14:28:59,     2,  2848,   480, 1004.3, 300,25.3,30.2, 0.0,  0, 0.0000,     0,26.9,32.9,28.8, 25,    26,    60, 0.6677, 0.6019
R5,30/06/23,14:28:59,     2,  2848,   480, 1004.3, 300,25.3,30.2, 0.0,  0, 0.0000,     0,26.9,32.9,28.8, 25,    26,    60, 0.6677, 0.6019
End
Start
M5,30/06/23,14:29:44,     2,  2893,   429, 1004.3, 300,21.5,30.2, 0.0,  0, 0.0000,     0,26.7,30.9,28.5, 20,     3,     1, 0.0000, 0.0000
M5,30/06/23,14:29:45,     2,  2894,   430, 1004.3, 300,21.6,30.2, 0.0,  0, 0.0000,     0,26.7,31.0,28.5, 20,     4,     2, 0.0000, 0.0000
M5,30/06/23,14:29:46,     2,  2895,   432, 1004.3, 300,21.6,30.2, 0.0,  0, 0.0000,     0,26.7,31.1,28.5, 20,     6,     3, 0.0000, 0.0000
M5,30/06/23,14:29:47,     2,  2896,   433, 1004.3, 300,21.7,30.2, 0.0,  0, 0.0000,     0,26.7,31.1,28.5, 20,     7,     4, 0.0000, 0.0000
M5,30/06/23,14:29:48,     2,  2897,   433, 1004.3, 300,21.7,30.2, 0.0,  0, 0.0000,     0,26.7,31.2,28.6, 20,     7,     5, 0.0000, 0.0000
M5,30/06/23,14:29:49,     2,  2898,   434, 1004.3, 300,21.9,30.2, 0.0,  0, 0.0000,     0,26.7,31.2,28.6, 20,     8,     6, 0.0000, 0.0000
M5,30/06/23,14:29:50,     2,  2899,   435, 1004.3, 300,21.9,30.2, 0.0,  0, 0.0000,     0,26.7,31.3,28.6, 20,     9,     7, 0.0000, 0.0000
M5,30/06/23,14:29:51,     2,  2900,   435, 1004.3, 300,22.0,30.2, 0.0,  0, 0.0000,     0,26.7,31.3,28.6, 20,     9,     8, 0.0000, 0.0000
M5,30/06/23,14:29:52,     2,  2901,   436, 1004.3, 300,22.0,30.2, 0.0,  0, 0.0000,     0,26.7,31.4,28.6, 20,    10,     9, 0.0000, 0.0000
M5,30/06/23,14:29:53,     2,  2902,   437, 1004.3, 300,22.0,30.2, 0.0,  0, 0.0000,     0,26.7,31.4,28.5, 25,    11,    10, 0.0000, 0.0000
M5,30/06/23,14:29:54,     2,  2903,   437, 1004.3, 300,22.2,30.2, 0.0,  0, 0.0000,     0,26.7,31.4,28.5, 25,    11,    11, 0.0000, 0.0000
M5,30/06/23,14:29:55,     2,  2904,   438, 1004.3, 300,22.2,30.2, 0.0,  0, 0.0000,     0,26.7,31.5,28.5, 25,    12,    12, 0.0000, 0.0000
M5,30/06/23,14:29:56,     2,  2905,   438, 1004.3, 300,22.4,30.2, 0.0,  0, 0.0000,     0,26.7,31.5,28.5, 25,    12,    13, 0.6391, 0.9162
M5,30/06/23,14:29:57,     2,  2906,   438, 1004.3, 300,22.4,30.2, 0.0,  0, 0.0000,     0,26.7,31.5,28.5, 25,    12,    14, 0.5661, 0.8352
M5,30/06/23,14:29:58,     2,  2907,   439, 1004.3, 300,22.6,30.2, 0.0,  0, 0.0000,     0,26.7,31.6,28.5, 25,    13,    15, 0.5678, 0.7204
M5,30/06/23,14:29:59,     2,  2908,   440, 1004.3, 300,22.6,30.2, 0.0,  0, 0.0000,     0,26.7,31.6,28.5, 25,    14,    16, 0.5823, 0.5835
M5,30/06/23,14:30:00,     2,  2909,   440, 1004.3, 300,22.6,30.2, 0.0,  0, 0.0000,     0,26.7,31.6,28.5, 25,    14,    17, 0.5886, 0.5430
M5,30/06/23,14:30:01,     2,  2910,   440, 1004.3, 300,22.8,30.2, 0.0,  0, 0.0000,     0,26.7,31.6,28.5, 25,    14,    18, 0.5892, 0.5785
M5,30/06/23,14:30:02,     2,  2911,   441, 1004.3, 300,22.8,30.2, 0.0,  0, 0.0000,     0,26.7,31.7,28.5, 25,    15,    19, 0.5833, 0.5791
M5,30/06/23,14:30:03,     2,  2912,   442, 1004.3, 300,22.9,30.2, 0.0,  0, 0.0000,     0,26.7,31.7,28.5, 25,    16,    20, 0.6066, 0.5308
M5,30/06/23,14:30:04,     2,  2913,   442, 1004.3, 300,22.9,30.2, 0.0,  0, 0.0000,     0,26.7,31.7,28.5, 25,    16,    21, 0.6212, 0.4938
M5,30/06/23,14:30:05,     2,  2914,   443, 1004.3, 300,23.1,30.2, 0.0,  0, 0.0000,     0,26.7,31.7,28.5, 25,    17,    22, 0.6430, 0.4802
M5,30/06/23,14:30:06,     2,  2915,   444, 1004.3, 300,23.1,30.2, 0.0, 21, 0.0000,     0,26.7,31.8,28.5, 25,    18,    23, 0.6553, 0.4697
M5,30/06/23,14:30:07,     2,  2916,   444, 1004.3, 300,23.1,30.2, 0.0, 21, 0.0000,     0,26.7,31.8,28.5, 25,    18,    24, 0.6664, 0.4671
M5,30/06/23,14:30:08,     2,  2917,   445, 1004.3, 300,23.3,30.2, 0.0, 21, 0.0000,     0,26.7,31.8,28.5, 25,    19,    25, 0.6820, 0.4755
M5,30/06/23,14:30:09,     2,  2918,   446, 1004.3, 300,23.3,30.2, 0.0, 21, 0.0000,     0,26.7,31.8,28.5, 25,    20,    26, 0.6867, 0.4935
M5,30/06/23,14:30:10,     2,  2919,   446, 1004.3, 300,23.4,30.2, 0.0,  0, 0.0000,     0,26.7,31.8,28.5, 25,    20,    27, 0.6895, 0.5332
M5,30/06/23,14:30:11,     2,  2920,   446, 1004.2, 300,23.4,30.2, 0.0,  0, 0.0000,     0,26.7,31.8,28.5, 25,    20,    28, 0.6768, 0.5950
M5,30/06/23,14:30:12,     2,  2921,   446, 1004.2, 300,23.6,30.2, 0.0,  0, 0.0000,     0,26.7,31.8,28.5, 25,    20,    29, 0.6704, 0.6401
M5,30/06/23,14:30:13,     2,  2922,   447, 1004.2, 300,23.6,30.2, 0.0,  0, 0.0000,     0,26.7,31.8,28.5, 25,    21,    30, 0.6614, 0.6665
M5,30/06/23,14:30:14,     2,  2923,   447, 1004.2, 300,23.7,30.2, 0.0,  0, 0.0000,     0,26.7,31.9,28.5, 25,    21,    31, 0.6572, 0.6865
M5,30/06/23,14:30:15,     2,  2924,   448, 1004.2, 300,23.7,30.2, 0.0,  0, 0.0000,     0,26.7,31.9,28.5, 25,    22,    32, 0.6526, 0.6891
M5,30/06/23,14:30:16,     2,  2925,   449, 1004.2, 300,23.7,30.2, 0.0,  0, 0.0000,     0,26.7,31.9,28.5, 25,    23,    33, 0.6504, 0.6835
M5,30/06/23,14:30:17,     2,  2926,   449, 1004.2, 300,23.9,30.3, 0.0,  0, 0.0000,     0,26.7,31.9,28.5, 25,    23,    34, 0.6532, 0.6768
M5,30/06/23,14:30:18,     2,  2927,   450, 1004.2, 300,23.9,30.3, 0.0,  0, 0.0000,     0,26.7,31.9,28.5, 25,    24,    35, 0.6554, 0.6587
M5,30/06/23,14:30:19,     2,  2928,   451, 1004.2, 300,24.0,30.3, 0.0,  0, 0.0000,     0,26.7,31.9,28.5, 25,    25,    36, 0.6610, 0.6449
M5,30/06/23,14:30:20,     2,  2929,   451, 1004.2, 300,24.0,30.3, 0.0,  0, 0.0000,     0,26.7,31.9,28.5, 25,    25,    37, 0.6626, 0.6349
M5,30/06/23,14:30:21,     2,  2930,   452, 1004.3, 300,24.1,30.2, 0.0,  0, 0.0000,     0,26.7,31.9,28.5, 25,    26,    38, 0.6654, 0.6320
M5,30/06/23,14:30:23,     2,  2931,   452, 1004.3, 300,24.1,30.2, 0.0,  0, 0.0000,     0,26.7,31.9,28.5, 25,    26,    39, 0.6655, 0.6301
M5,30/06/23,14:30:24,     2,  2932,   453, 1004.3, 300,24.1,30.2, 0.0,  0, 0.0000,     0,26.7,31.9,28.5, 25,    27,    40, 0.6650, 0.6304
M5,30/06/23,14:30:25,     2,  2933,   454, 1004.3, 300,24.2,30.2, 0.0,  0, 0.0000,     0,26.7,31.9,28.5, 25,    28,    41, 0.6674, 0.6304
M5,30/06/23,14:30:26,     2,  2934,   454, 1004.3, 300,24.2,30.2, 0.0,  0, 0.0000,     0,26.7,31.9,28.5, 25,    28,    42, 0.6672, 0.6304
M5,30/06/23,14:30:27,     2,  2935,   455, 1004.3, 300,24.3,30.3, 0.0,  0, 0.0000,     0,26.7,31.9,28.5, 25,    29,    43, 0.6686, 0.6337
M5,30/06/23,14:30:28,     2,  2936,   455, 1004.3, 300,24.3,30.3, 0.0,  0, 0.0000,     0,26.7,31.9,28.5, 25,    29,    44, 0.6686, 0.6326
M5,30/06/23,14:30:29,     2,  2937,   456, 1004.3, 300,24.5,30.2, 0.0,  0, 0.0000,     0,26.7,31.9,28.5, 25,    30,    45, 0.6708, 0.6315
M5,30/06/23,14:30:30,     2,  2938,   457, 1004.3, 300,24.5,30.2, 0.0,  0, 0.0000,     0,26.7,31.9,28.5, 25,    31,    46, 0.6726, 0.6248
M5,30/06/23,14:30:31,     2,  2939,   457, 1004.3, 300,24.5,30.2, 0.0,  0, 0.0000,     0,26.7,31.9,28.5, 25,    31,    47, 0.6738, 0.6211
M5,30/06/23,14:30:32,     2,  2940,   458, 1004.3, 300,24.5,30.2, 0.0,  0, 0.0000,     0,26.7,31.9,28.5, 25,    31,    48, 0.6745, 0.6257
M5,30/06/23,14:30:33,     2,  2941,   458, 1004.3, 300,24.5,30.2, 0.0,  0, 0.0000,     0,26.7,31.9,28.5, 25,    32,    49, 0.6743, 0.6269
M5,30/06/23,14:30:34,     2,  2942,   459, 1004.3, 300,24.7,30.3, 0.0,  0, 0.0000,     0,26.7,31.9,28.5, 25,    33,    50, 0.6763, 0.6282
M5,30/06/23,14:30:35,     2,  2943,   459, 1004.3, 300,24.7,30.3, 0.0,  0, 0.0000,     0,26.7,31.9,28.5, 25,    33,    51, 0.6762, 0.6291
M5,30/06/23,14:30:36,     2,  2944,   460, 1004.3, 300,24.7,30.2, 0.0,  0, 0.0000,     0,26.7,31.9,28.5, 25,    34,    52, 0.6775, 0.6296
M5,30/06/23,14:30:37,     2,  2945,   461, 1004.3, 300,24.7,30.2, 0.0,  0, 0.0000,     0,26.7,31.9,28.5, 25,    35,    53, 0.6775, 0.6302
M5,30/06/23,14:30:38,     2,  2946,   461, 1004.3, 300,24.7,30.2, 0.0,  0, 0.0000,     0,26.7,31.9,28.5, 25,    35,    54, 0.6773, 0.6316
M5,30/06/23,14:30:39,     2,  2947,   462, 1004.3, 300,24.9,30.3, 0.0,  0, 0.0000,     0,26.7,31.9,28.5, 25,    36,    55, 0.6782, 0.6351
M5,30/06/23,14:30:40,     2,  2948,   462, 1004.3, 300,24.9,30.3, 0.0,  0, 0.0000,     0,26.7,31.9,28.5, 25,    36,    56, 0.6781, 0.6358
M5,30/06/23,14:30:41,     2,  2949,   463, 1004.3, 300,24.9,30.3, 0.0,  0, 0.0000,     0,26.7,31.9,28.5, 25,    37,    57, 0.6787, 0.6381
M5,30/06/23,14:30:42,     2,  2950,   463, 1004.3, 300,24.9,30.3, 0.0,  0, 0.0000,     0,26.7,31.9,28.5, 25,    37,    58, 0.6787, 0.6383
M5,30/06/23,14:30:43,     2,  2951,   464, 1004.3, 300,25.0,30.2, 0.0,  0, 0.0000,     0,26.7,31.9,28.5, 25,    38,    59, 0.6794, 0.6401
M5,30/06/23,14:30:44,     2,  2952,   465, 1004.3, 300,25.0,30.2, 0.0,  0, 0.0000,     0,26.7,31.9,28.5, 25,    39,    60, 0.6795, 0.6400
R5,30/06/23,14:30:44,     2,  2952,   465, 1004.3, 300,25.0,30.2, 0.0,  0, 0.0000,     0,26.7,31.9,28.5, 25,    39,    60, 0.6795, 0.6400
End
Start
M5,30/06/23,14:31:29,     2,  2997,   429, 1004.2, 300,21.5,30.3, 0.0,  0, 0.0000,     0,26.7,30.7,28.5, 20,     2,     1, 0.0000, 0.0000
M5,30/06/23,14:31:30,     2,  2998,   431, 1004.2, 300,21.5,30.3, 0.0,  0, 0.0000,     0,26.7,30.8,28.5, 20,     4,     2, 0.0000, 0.0000
M5,30/06/23,14:31:31,     2,  2999,   432, 1004.2, 300,21.7,30.3, 0.0,  0, 0.0000,     0,26.7,30.8,28.5, 20,     5,     3, 0.0000, 0.0000
M5,30/06/23,14:31:32,     2,  3000,   434, 1004.2, 300,21.7,30.3, 0.0,  0, 0.0000,     0,26.7,30.9,28.5, 20,     7,     4, 0.0000, 0.0000
M5,30/06/23,14:31:33,     2,  3001,   434, 1004.2, 300,21.7,30.3, 0.0,  0, 0.0000,     0,26.7,30.9,28.5, 20,     7,     5, 0.0000, 0.0000
M5,30/06/23,14:31:34,     2,  3002,   435, 1004.2, 300,21.8,30.3, 0.0,  0, 0.0000,     0,26.7,30.9,28.5, 20,     8,     6, 0.0000, 0.0000
M5,30/06/23,14:31:35,     2,  3003,   435, 1004.3, 300,21.8,30.3, 0.0,  0, 0.0000,     0,26.7,31.0,28.5, 20,     8,     7, 0.0000, 0.0000
M5,30/06/23,14:31:36,     2,  3004,   436, 1004.3, 300,22.0,30.3, 0.0,  0, 0.0000,     0,26.7,31.0,28.5, 20,     9,     8, 0.0000, 0.0000
M5,30/06/23,14:31:37,     2,  3005,   437, 1004.3, 300,22.0,30.3, 0.0,  0, 0.0000,     0,26.7,31.0,28.5, 20,    10,     9, 0.0000, 0.0000
M5,30/06/23,14:31:38,     2,  3006,   438, 1004.3, 300,22.2,30.3, 0.0,  0, 0.0000,     0,26.7,31.1,28.5, 25,    11,    10, 0.0000, 0.0000
M5,30/06/23,14:31:39,     2,  3007,   438, 1004.3, 300,22.2,30.3, 0.0,  0, 0.0000,     0,26.7,31.1,28.5, 25,    11,    11, 0.0000, 0.0000
M5,30/06/23,14:31:40,     2,  3008,   439, 1004.3, 300,22.2,30.3, 0.0,  0, 0.0000,     0,26.7,31.1,28.5, 25,    12,    12, 0.0000, 0.0000
M5,30/06/23,14:31:41,     2,  3009,   439, 1004.3, 300,22.4,30.3, 0.0,  0, 0.0000,     0,26.4,31.2,28.5, 25,    12,    13, 0.6849, 0.9712
M5,30/06/23,14:31:42,     2,  3010,   440, 1004.3, 300,22.4,30.3, 0.0,  0, 0.0000,     0,26.4,31.2,28.5, 25,    13,    14, 0.5997, 0.9269
M5,30/06/23,14:31:43,     2,  3011,   440, 1004.2, 300,22.5,30.3, 0.0,  0, 0.0000,     0,26.4,31.2,28.5, 25,    13,    15, 0.6448, 0.6897
M5,30/06/23,14:31:44,     2,  3012,   441, 1004.2, 300,22.5,30.3, 0.0,  0, 0.0000,     0,26.4,31.2,28.5, 25,    14,    16, 0.6681, 0.5941
M5,30/06/23,14:31:45,     2,  3013,   442, 1004.2, 300,22.7,30.3, 0.0,  0, 0.0000,     0,26.4,31.3,28.5, 25,    15,    17, 0.6977, 0.5745
M5,30/06/23,14:31:46,     2,  3014,   442, 1004.2, 300,22.7,30.3, 0.0,  0, 0.0000,     0,26.7,31.3,28.5, 25,    15,    18, 0.6979, 0.6032
M5,30/06/23,14:31:47,     2,  3015,   443, 1004.3, 300,22.7,30.3, 0.0,  0, 0.0000,     0,26.7,31.3,28.5, 25,    16,    19, 0.6912, 0.6405
M5,30/06/23,14:31:48,     2,  3016,   443, 1004.3, 300,22.8,30.3, 0.0,  0, 0.0000,     0,26.7,31.3,28.5, 25,    16,    20, 0.6919, 0.6787
M5,30/06/23,14:31:49,     2,  3017,   444, 1004.3, 300,22.8,30.3, 0.0,  0, 0.0000,     0,26.7,31.4,28.5, 25,    17,    21, 0.6750, 0.7195
M5,30/06/23,14:31:50,     2,  3018,   444, 1004.3, 300,23.0,30.3, 0.0,  0, 0.0000,     0,26.7,31.4,28.5, 25,    17,    22, 0.6695, 0.7438
M5,30/06/23,14:31:51,     2,  3019,   444, 1004.3, 301,23.0,30.3, 0.0,  0, 0.0000,     0,26.7,31.4,28.5, 25,    17,    23, 0.6529, 0.7639
M5,30/06/23,14:31:52,     2,  3020,   444, 1004.3, 300,23.2,30.3, 0.0,  0, 0.0000,     0,26.4,31.4,28.5, 25,    17,    24, 0.6302, 0.8186
M5,30/06/23,14:31:53,     2,  3021,   445, 1004.2, 300,23.2,30.3, 0.0,  0, 0.0000,     0,26.4,31.4,28.5, 25,    18,    25, 0.6150, 0.8140
M5,30/06/23,14:31:54,     2,  3022,   446, 1004.2, 300,23.3,30.3, 0.0,  0, 0.0000,     0,26.4,31.4,28.5, 25,    19,    26, 0.6127, 0.7905
M5,30/06/23,14:31:55,     2,  3023,   446, 1004.2, 300,23.3,30.3, 0.0,  0, 0.0000,     0,26.4,31.4,28.5, 25,    19,    27, 0.6103, 0.7528
M5,30/06/23,14:31:56,     2,  3024,   447, 1004.2, 300,23.3,30.3, 0.0,  0, 0.0000,     0,26.4,31.5,28.5, 25,    20,    28, 0.6083, 0.7236
M5,30/06/23,14:31:57,     2,  3025,   447, 1004.2, 300,23.5,30.3, 0.0,  0, 0.0000,     0,26.4,31.5,28.5, 25,    20,    29, 0.6106, 0.7049
M5,30/06/23,14:31:58,     2,  3026,   448, 1004.2, 300,23.5,30.3, 0.0,  0, 0.0000,     0,26.4,31.5,28.5, 25,    21,    30, 0.6088, 0.6865
M5,30/06/23,14:31:59,     2,  3027,   449, 1004.2, 300,23.6,30.3, 0.0,  0, 0.0000,     0,26.4,31.5,28.5, 25,    22,    31, 0.6126, 0.6671
M5,30/06/23,14:32:00,     2,  3028,   449, 1004.2, 300,23.6,30.3, 0.0,  0, 0.0000,     0,26.4,31.5,28.5, 25,    22,    32, 0.6108, 0.6573
M5,30/06/23,14:32:01,     2,  3029,   449, 1004.2, 300,23.7,30.3, 0.0,  0, 0.0000,     0,26.4,31.5,28.5, 25,    22,    33, 0.6123, 0.6523
M5,30/06/23,14:32:02,     2,  3030,   450, 1004.2, 300,23.7,30.3, 0.0,  0, 0.0000,     0,26.4,31.5,28.5, 25,    23,    34, 0.6107, 0.6452
M5,30/06/23,14:32:03,     2,  3031,   450, 1004.2, 300,23.7,30.3, 0.0,  0, 0.0000,     0,26.4,31.5,28.5, 25,    23,    35, 0.6093, 0.6391
M5,30/06/23,14:32:04,     2,  3032,   451, 1004.2, 300,23.9,30.3, 0.0,  0, 0.0000,     0,26.4,31.5,28.5, 25,    24,    36, 0.6126, 0.6316
M5,30/06/23,14:32:05,     2,  3033,   452, 1004.2, 300,23.9,30.3, 0.0,  0, 0.0000,     0,26.4,31.6,28.5, 25,    25,    37, 0.6125, 0.6236
M5,30/06/23,14:32:06,     2,  3034,   452, 1004.2, 300,24.0,30.3, 0.0,  0, 0.0000,     0,26.4,31.6,28.5, 25,    25,    38, 0.6157, 0.6150
M5,30/06/23,14:32:07,     2,  3035,   453, 1004.2, 300,24.0,30.3, 0.0,  0, 0.0000,     0,26.4,31.6,28.5, 25,    26,    39, 0.6164, 0.6071
M5,30/06/23,14:32:08,     2,  3036,   453, 1004.2, 300,24.1,30.3, 0.0,  0, 0.0000,     0,26.4,31.6,28.5, 25,    26,    40, 0.6200, 0.5994
M5,30/06/23,14:32:09,     2,  3037,   454, 1004.2, 300,24.1,30.3, 0.0,  0, 0.0000,     0,26.4,31.6,28.5, 25,    27,    41, 0.6223, 0.5890
M5,30/06/23,14:32:10,     2,  3038,   455, 1004.2, 300,24.1,30.3, 0.0,  0, 0.0000,     0,26.4,31.6,28.5, 25,    28,    42, 0.6250, 0.5786
M5,30/06/23,14:32:11,     2,  3039,   456, 1004.2, 300,24.2,30.3, 0.0,  0, 0.0000,     0,26.4,31.6,28.5, 25,    29,    43, 0.6306, 0.5665
M5,30/06/23,14:32:12,     2,  3040,   456, 1004.2, 300,24.2,30.3, 0.0,  0, 0.0000,     0,26.4,31.6,28.5, 25,    29,    44, 0.6332, 0.5597
M5,30/06/23,14:32:13,     2,  3041,   456, 1004.2, 300,24.3,30.3, 0.0,  0, 0.0000,     0,26.4,31.6,28.5, 25,    29,    45, 0.6360, 0.5609
M5,30/06/23,14:32:14,     2,  3042,   457, 1004.2, 300,24.3,30.3, 0.0,  0, 0.0000,     0,26.4,31.6,28.5, 25,    30,    46, 0.6359, 0.5649
M5,30/06/23,14:32:15,     2,  3043,   457, 1004.2, 300,24.4,30.3, 0.0,  0, 0.0000,     0,26.4,31.6,28.5, 25,    30,    47, 0.6365, 0.5735
M5,30/06/23,14:32:16,     2,  3044,   458, 1004.2, 300,24.4,30.3, 0.0,  0, 0.0000,     0,26.4,31.6,28.5, 25,    31,    48, 0.6361, 0.5771
M5,30/06/23,14:32:17,     2,  3045,   458, 1004.2, 300,24.5,30.3, 0.0,  0, 0.0000,     0,26.4,31.6,28.5, 25,    31,    49, 0.6372, 0.5823
M5,30/06/23,14:32:18,     2,  3046,   459, 1004.2, 300,24.5,30.3, 0.0,  0, 0.0000,     0,26.4,31.6,28.5, 25,    32,    50, 0.6366, 0.5859
M5,30/06/23,14:32:19,     2,  3047,   460, 1004.2, 300,24.5,30.3, 0.0,  0, 0.0000,     0,26.4,31.6,28.5, 25,    33,    51, 0.6373, 0.5848
M5,30/06/23,14:32:20,     2,  3048,   460, 1004.2, 300,24.6,30.3, 0.0,  0, 0.0000,     0,26.4,31.6,28.5, 25,    33,    52, 0.6396, 0.5836
M5,30/06/23,14:32:21,     2,  3049,   461, 1004.2, 300,24.6,30.3, 0.0,  0, 0.0000,     0,26.4,31.6,28.5, 25,    34,    53, 0.6409, 0.5804
M5,30/06/23,14:32:22,     2,  3050,   461, 1004.2, 300,24.7,30.3, 0.0,  0, 0.0000,     0,26.4,31.6,28.5, 25,    34,    54, 0.6429, 0.5797
M5,30/06/23,14:32:23,     2,  3051,   462, 1004.2, 300,24.7,30.3, 0.0,  0, 0.0000,     0,26.4,31.6,28.5, 25,    35,    55, 0.6442, 0.5772
M5,30/06/23,14:32:24,     2,  3052,   463, 1004.2, 300,24.8,30.3, 0.0,  0, 0.0000,     0,26.4,31.6,28.5, 25,    36,    56, 0.6468, 0.5753
M5,30/06/23,14:32:25,     2,  3053,   463, 1004.2, 300,24.8,30.3, 0.0,  0, 0.0000,     0,26.4,31.6,28.5, 25,    36,    57, 0.6485, 0.5720
M5,30/06/23,14:32:26,     2,  3054,   464, 1004.2, 300,24.8,30.3, 0.0,  0, 0.0000,     0,26.4,31.6,28.5, 25,    37,    58, 0.6503, 0.5685
M5,30/06/23,14:32:27,     2,  3055,   465, 1004.2, 300,24.9,30.3, 0.0,  0, 0.0000,     0,26.4,31.6,28.5, 25,    38,    59, 0.6532, 0.5659
M5,30/06/23,14:32:28,     2,  3056,   465, 1004.2, 300,24.9,30.3, 0.0,  0, 0.0000,     0,26.4,31.6,28.5, 25,    38,    60, 0.6552, 0.5623
R5,30/06/23,14:32:28,     2,  3056,   465, 1004.2, 300,24.9,30.3, 0.0,  0, 0.0000,     0,26.4,31.6,28.5, 25,    38,    60, 0.6552, 0.5623
End
Zero
Start
M5,30/06/23,14:37:04,     3,  3330,   419, 1004.1, 300,21.5,30.7, 0.0,  0, 0.0000,     0,26.4,31.8,13.1, 20,     0,     1, 0.0000, 0.0000
M5,30/06/23,14:37:05,     3,  3331,   420, 1004.1, 300,21.7,30.7, 0.0,  0, 0.0000,     0,26.4,31.9,13.1, 20,     1,     2, 0.0000, 0.0000
M5,30/06/23,14:37:06,     3,  3332,   420, 1004.1, 300,21.7,30.7, 0.0,  0, 0.0000,     0,26.4,31.9,13.1, 20,     1,     3, 0.0000, 0.0000
M5,30/06/23,14:37:07,     3,  3333,   420, 1004.1, 300,21.9,30.7, 0.0,  0, 0.0000,     0,26.4,32.0,13.1, 20,     1,     4, 0.0000, 0.0000
M5,30/06/23,14:37:08,     3,  3334,   421, 1004.1, 300,21.9,30.7, 0.0,  0, 0.0000,     0,26.4,32.0,13.1, 20,     2,     5, 0.0000, 0.0000
M5,30/06/23,14:37:09,     3,  3335,   421, 1004.1, 300,22.0,30.7, 0.0,  0, 0.0000,     0,26.4,32.1,13.1, 20,     3,     6, 0.0000, 0.0000
M5,30/06/23,14:37:10,     3,  3336,   422, 1004.1, 300,22.0,30.7, 0.0,  0, 0.0000,     0,26.4,32.1,13.1, 20,     3,     7, 0.0000, 0.0000
M5,30/06/23,14:37:11,     3,  3337,   422, 1004.1, 300,22.0,30.7, 0.0,  0, 0.0000,     0,26.4,32.2,13.1, 20,     4,     8, 0.0000, 0.0000
M5,30/06/23,14:37:12,     3,  3338,   423, 1004.1, 300,22.1,30.7, 0.0,  0, 0.0000,     0,26.4,32.2,13.1, 20,     4,     9, 0.0000, 0.0000
M5,30/06/23,14:37:13,     3,  3339,   424, 1004.1, 300,22.1,30.7, 0.0,  0, 0.0000,     0,26.4,32.2,13.1, 25,     5,    10, 0.0000, 0.0000
M5,30/06/23,14:37:14,     3,  3340,   424, 1004.1, 300,22.3,30.7, 0.0,  0, 0.0000,     0,26.4,32.3,13.1, 25,     5,    11, 0.0000, 0.0000
M5,30/06/23,14:37:15,     3,  3341,   424, 1004.1, 300,22.3,30.7, 0.0,  0, 0.0000,     0,26.4,32.3,13.1, 25,     5,    12, 0.0000, 0.0000
M5,30/06/23,14:37:16,     3,  3342,   425, 1004.1, 300,22.3,30.7, 0.0, 21, 0.0000,     0,26.4,32.3,13.1, 25,     6,    13, 0.4223, 0.2228
M5,30/06/23,14:37:17,     3,  3343,   425, 1004.1, 300,22.3,30.7, 0.0, 21, 0.0000,     0,26.4,32.4,13.1, 25,     6,    14, 0.4589, 0.2511
M5,30/06/23,14:37:18,     3,  3344,   426, 1004.1, 300,22.3,30.7, 0.0, 21, 0.0000,     0,26.4,32.4,13.1, 25,     7,    15, 0.4878, 0.2822
M5,30/06/23,14:37:19,     3,  3345,   426, 1004.1, 300,22.4,30.7, 0.0, 21, 0.0000,     0,26.4,32.4,13.1, 25,     7,    16, 0.5367, 0.2799
M5,30/06/23,14:37:20,     3,  3346,   427, 1004.1, 300,22.4,30.7, 0.0, 21, 0.0000,     0,26.4,32.4,13.1, 25,     8,    17, 0.5733, 0.2817
M5,30/06/23,14:37:21,     3,  3347,   428, 1004.1, 300,22.5,30.7, 0.0, 21, 0.0000,     0,26.4,32.5,13.1, 25,     9,    18, 0.6356, 0.2362
M5,30/06/23,14:37:22,     3,  3348,   428, 1004.1, 300,22.5,30.7, 0.0, 21, 0.0000,     0,26.4,32.5,13.1, 25,     9,    19, 0.6617, 0.2910
M5,30/06/23,14:37:23,     3,  3349,   429, 1004.1, 300,22.6,30.7, 0.0, 21, 0.0000,     0,26.4,32.5,13.1, 25,    10,    20, 0.6862, 0.3459
M5,30/06/23,14:37:24,     3,  3350,   429, 1004.1, 300,22.6,30.7, 0.0, 21, 0.0000,     0,26.4,32.5,13.1, 25,    10,    21, 0.6864, 0.4357
M5,30/06/23,14:37:25,     3,  3351,   430, 1004.1, 300,22.6,30.7, 0.0,  0, 0.0000,     0,26.4,32.5,13.1, 25,    11,    22, 0.6833, 0.5055
M5,30/06/23,14:37:26,     3,  3352,   430, 1004.1, 300,22.7,30.7, 0.0,  0, 0.0000,     0,26.4,32.6,13.1, 25,    11,    23, 0.6821, 0.5618
M5,30/06/23,14:37:27,     3,  3353,   431, 1004.1, 300,22.7,30.7, 0.0,  0, 0.0000,     0,26.4,32.6,13.1, 25,    12,    24, 0.6814, 0.5859
M5,30/06/23,14:37:28,     3,  3354,   432, 1004.1, 300,22.8,30.7, 0.0,  0, 0.0000,     0,26.4,32.6,13.1, 25,    13,    25, 0.6905, 0.5850
M5,30/06/23,14:37:29,     3,  3355,   432, 1004.1, 300,22.8,30.7, 0.0,  0, 0.0000,     0,26.4,32.6,13.1, 25,    14,    26, 0.6964, 0.5825
M5,30/06/23,14:37:30,     3,  3356,   433, 1004.1, 300,22.8,30.7, 0.0,  0, 0.0000,     0,26.4,32.6,13.1, 25,    14,    27, 0.6966, 0.6053
M5,30/06/23,14:37:31,     3,  3357,   433, 1004.1, 300,22.8,30.7, 0.0,  0, 0.0000,     0,26.4,32.6,13.1, 25,    14,    28, 0.6941, 0.6261
M5,30/06/23,14:37:32,     3,  3358,   434, 1004.1, 300,22.9,30.7, 0.0,  0, 0.0000,     0,26.4,32.6,13.1, 25,    15,    29, 0.6978, 0.6281
M5,30/06/23,14:37:33,     3,  3359,   435, 1004.1, 300,22.9,30.7, 0.0,  0, 0.0000,     0,26.4,32.7,13.1, 25,    16,    30, 0.7006, 0.6267
M5,30/06/23,14:37:34,     3,  3360,   435, 1004.1, 300,22.9,30.7, 0.0,  0, 0.0000,     0,26.4,32.7,13.1, 25,    16,    31, 0.6992, 0.6397
M5,30/06/23,14:37:35,     3,  3361,   436, 1004.1, 300,23.0,30.7, 0.0,  0, 0.0000,     0,26.4,32.7,13.1, 25,    17,    32, 0.7010, 0.6483
M5,30/06/23,14:37:36,     3,  3362,   436, 1004.1, 300,23.0,30.7, 0.0,  0, 0.0000,     0,26.4,32.7,13.1, 25,    17,    33, 0.6977, 0.6639
M5,30/06/23,14:37:37,     3,  3363,   436, 1004.1, 300,23.0,30.7, 0.0,  0, 0.0000,     0,26.4,32.7,13.1, 25,    18,    34, 0.6932, 0.6848
M5,30/06/23,14:37:38,     3,  3364,   437, 1004.1, 300,23.0,30.7, 0.0,  0, 0.0000,     0,26.4,32.7,13.1, 25,    18,    35, 0.6915, 0.6888
M5,30/06/23,14:37:39,     3,  3365,   438, 1004.1, 300,23.1,30.7, 0.0,  0, 0.0000,     0,26.4,32.7,13.1, 25,    19,    36, 0.6935, 0.6840
M5,30/06/23,14:37:40,     3,  3366,   439, 1004.1, 300,23.1,30.7, 0.0,  0, 0.0000,     0,26.4,32.7,13.1, 25,    20,    37, 0.6935, 0.6820
M5,30/06/23,14:37:41,     3,  3367,   439, 1004.1, 300,23.1,30.7, 0.0,  0, 0.0000,     0,26.4,32.7,13.1, 25,    20,    38, 0.6942, 0.6782
M5,30/06/23,14:37:42,     3,  3368,   440, 1004.1, 300,23.1,30.7, 0.0,  0, 0.0000,     0,26.4,32.7,13.1, 25,    21,    39, 0.6961, 0.6742
M5,30/06/23,14:37:43,     3,  3369,   440, 1004.1, 300,23.1,30.7, 0.0,  0, 0.0000,     0,26.4,32.7,13.1, 25,    22,    40, 0.6964, 0.6731
M5,30/06/23,14:37:44,     3,  3370,   441, 1004.1, 300,23.2,30.7, 0.0,  0, 0.0000,     0,26.4,32.7,13.1, 25,    22,    41, 0.6982, 0.6716
M5,30/06/23,14:37:45,     3,  3371,   442, 1004.1, 300,23.2,30.7, 0.0,  0, 0.0000,     0,26.4,32.8,13.1, 25,    23,    42, 0.6982, 0.6720
M5,30/06/23,14:37:46,     3,  3372,   442, 1004.1, 300,23.2,30.7, 0.0,  0, 0.0000,     0,26.4,32.8,13.1, 25,    23,    43, 0.6982, 0.6748
M5,30/06/23,14:37:47,     3,  3373,   442, 1004.1, 300,23.2,30.7, 0.0,  0, 0.0000,     0,26.4,32.8,13.1, 25,    24,    44, 0.6963, 0.6817
M5,30/06/23,14:37:48,     3,  3374,   443, 1004.1, 300,23.2,30.7, 0.0,  0, 0.0000,     0,26.4,32.8,13.1, 25,    24,    45, 0.6934, 0.6915
M5,30/06/23,14:37:49,     3,  3375,   443, 1004.1, 300,23.2,30.7, 0.0,  0, 0.0000,     0,26.4,32.8,13.1, 25,    24,    46, 0.6905, 0.7040
M5,30/06/23,14:37:50,     3,  3376,   444, 1004.1, 300,23.2,30.7, 0.0,  0, 0.0000,     0,26.4,32.8,13.1, 25,    25,    47, 0.6877, 0.7109
M5,30/06/23,14:37:51,     3,  3377,   445, 1004.1, 300,23.3,30.8, 0.0,  0, 0.0000,     0,26.4,32.8,13.1, 25,    26,    48, 0.6870, 0.7119
M5,30/06/23,14:37:52,     3,  3378,   445, 1004.1, 300,23.3,30.8, 0.0,  0, 0.0000,     0,26.4,32.8,13.1, 25,    26,    49, 0.6863, 0.7102
M5,30/06/23,14:37:53,     3,  3379,   446, 1004.1, 300,23.3,30.8, 0.0,  0, 0.0000,     0,26.4,32.8,13.1, 25,    27,    50, 0.6859, 0.7103
M5,30/06/23,14:37:54,     3,  3380,   446, 1004.1, 300,23.3,30.8, 0.0,  0, 0.0000,     0,26.4,32.8,13.1, 25,    27,    51, 0.6843, 0.7121
M5,30/06/23,14:37:55,     3,  3381,   447, 1004.1, 300,23.4,30.8, 0.0,  0, 0.0000,     0,26.4,32.8,13.1, 25,    28,    52, 0.6846, 0.7102
M5,30/06/23,14:37:56,     3,  3382,   448, 1004.1, 300,23.4,30.8, 0.0,  0, 0.0000,     0,26.4,32.8,13.1, 25,    29,    53, 0.6845, 0.7064
M5,30/06/23,14:37:57,     3,  3383,   448, 1004.2, 300,23.4,30.8, 0.0,  0, 0.0000,     0,26.4,32.8,13.1, 25,    29,    54, 0.6842, 0.7042
M5,30/06/23,14:37:58,     3,  3384,   448, 1004.2, 300,23.4,30.8, 0.0,  0, 0.0000,     0,26.4,32.8,13.1, 25,    29,    55, 0.6829, 0.7073
M5,30/06/23,14:37:59,     3,  3385,   449, 1004.1, 300,23.4,30.8, 0.0,  0, 0.0000,     0,26.4,32.8,13.1, 25,    30,    56, 0.6812, 0.7099
M5,30/06/23,14:38:00,     3,  3386,   449, 1004.1, 300,23.5,30.8, 0.0,  0, 0.0000,     0,26.4,32.8,13.1, 25,    30,    57, 0.6802, 0.7129
M5,30/06/23,14:38:01,     3,  3387,   450, 1004.1, 300,23.5,30.8, 0.0,  0, 0.0000,     0,26.4,32.8,13.1, 25,    31,    58, 0.6790, 0.7133
M5,30/06/23,14:38:02,     3,  3388,   451, 1004.1, 300,23.5,30.8, 0.0,  0, 0.0000,     0,26.4,32.8,13.1, 25,    32,    59, 0.6788, 0.7106
M5,30/06/23,14:38:03,     3,  3389,   451, 1004.1, 300,23.5,30.8, 0.0,  0, 0.0000,     0,26.4,32.8,13.1, 25,    33,    60, 0.6789, 0.7068
R5,30/06/23,14:38:03,     3,  3389,   451, 1004.1, 300,23.5,30.8, 0.0,  0, 0.0000,     0,26.4,32.8,13.1, 25,    33,    60, 0.6789, 0.7068
End
Start
M5,30/06/23,14:39:02,     3,  3447,   414, 1004.2, 299,21.6,30.8, 0.0,  0, 0.0000,     0,26.4,31.9,12.4, 20,     0,     1, 0.0000, 0.0000
M5,30/06/23,14:39:03,     3,  3448,   415, 1004.1, 300,21.8,30.9, 0.0,  0, 0.0000,     0,26.4,31.9,12.4, 20,     0,     2, 0.0000, 0.0000
M5,30/06/23,14:39:04,     3,  3449,   415, 1004.1, 300,21.8,30.9, 0.0,  0, 0.0000,     0,26.4,32.0,12.4, 20,     1,     3, 0.0000, 0.0000
M5,30/06/23,14:39:05,     3,  3450,   416, 1004.1, 300,21.9,30.8, 0.0,  0, 0.0000,     0,26.4,32.0,12.4, 20,     1,     4, 0.0000, 0.0000
M5,30/06/23,14:39:06,     3,  3451,   416, 1004.1, 300,21.9,30.8, 0.0,  0, 0.0000,     0,26.4,32.1,12.4, 20,     2,     5, 0.0000, 0.0000
M5,30/06/23,14:39:07,     3,  3452,   417, 1004.1, 300,21.9,30.8, 0.0,  0, 0.0000,     0,26.4,32.1,12.6, 20,     3,     6, 0.0000, 0.0000
M5,30/06/23,14:39:08,     3,  3453,   417, 1004.1, 300,22.1,30.8, 0.0,  0, 0.0000,     0,26.4,32.2,12.6, 20,     3,     7, 0.0000, 0.0000
M5,30/06/23,14:39:09,     3,  3454,   418, 1004.1, 300,22.1,30.8, 0.0,  0, 0.0000,     0,26.4,32.2,12.6, 20,     3,     8, 0.0000, 0.0000
M5,30/06/23,14:39:10,     3,  3455,   418, 1004.1, 300,22.2,30.9, 0.0,  0, 0.0000,     0,26.4,32.2,12.6, 20,     4,     9, 0.0000, 0.0000
M5,30/06/23,14:39:11,     3,  3456,   418, 1004.1, 300,22.2,30.9, 0.0,  0, 0.0000,     0,26.4,32.3,12.6, 25,     4,    10, 0.0000, 0.0000
M5,30/06/23,14:39:12,     3,  3457,   419, 1004.1, 300,22.3,30.9, 0.0,  0, 0.0000,     0,26.4,32.3,12.6, 25,     5,    11, 0.0000, 0.0000
M5,30/06/23,14:39:13,     3,  3458,   419, 1004.1, 300,22.3,30.9, 0.0,  0, 0.0000,     0,26.4,32.3,12.6, 25,     5,    12, 0.0000, 0.0000
M5,30/06/23,14:39:14,     3,  3459,   420, 1004.1, 300,22.3,30.9, 0.0,  0, 0.0000,     0,26.4,32.4,12.6, 25,     6,    13, 0.6401, 0.6391
M5,30/06/23,14:39:15,     3,  3460,   420, 1004.1, 300,22.5,30.9, 0.0,  0, 0.0000,     0,26.4,32.4,12.6, 25,     6,    14, 0.6313, 0.6798
M5,30/06/23,14:39:16,     3,  3461,   421, 1004.1, 300,22.5,30.9, 0.0,  0, 0.0000,     0,26.4,32.4,12.6, 25,     7,    15, 0.6721, 0.5472
M5,30/06/23,14:39:17,     3,  3462,   422, 1004.1, 300,22.5,30.9, 0.0,  0, 0.0000,     0,26.4,32.4,12.6, 25,     8,    16, 0.6834, 0.5888
M5,30/06/23,14:39:18,     3,  3463,   422, 1004.1, 300,22.5,30.9, 0.0,  0, 0.0000,     0,26.4,32.5,12.6, 25,     8,    17, 0.6604, 0.6714
M5,30/06/23,14:39:19,     3,  3464,   422, 1004.1, 300,22.6,30.9, 0.0,  0, 0.0000,     0,26.4,32.5,12.6, 25,     8,    18, 0.6502, 0.7028
M5,30/06/23,14:39:20,     3,  3465,   423, 1004.1, 300,22.6,30.9, 0.0,  0, 0.0000,     0,26.4,32.5,12.6, 25,     9,    19, 0.6384, 0.7059
M5,30/06/23,14:39:21,     3,  3466,   423, 1004.1, 300,22.6,30.9, 0.0,  0, 0.0000,     0,26.4,32.5,12.6, 25,     9,    20, 0.6208, 0.7254
M5,30/06/23,14:39:22,     3,  3467,   424, 1004.1, 300,22.7,30.9, 0.0,  0, 0.0000,     0,26.4,32.5,12.6, 25,    10,    21, 0.6138, 0.7251
M5,30/06/23,14:39:23,     3,  3468,   424, 1004.1, 300,22.7,30.9, 0.0,  0, 0.0000,     0,26.4,32.6,12.6, 25,    10,    22, 0.5994, 0.7300
M5,30/06/23,14:39:24,     3,  3469,   424, 1004.1, 300,22.8,30.9, 0.0,  0, 0.0000,     0,26.4,32.6,12.6, 25,    10,    23, 0.5883, 0.7394
M5,30/06/23,14:39:25,     3,  3470,   425, 1004.1, 300,22.8,30.9, 0.0,  0, 0.0000,     0,26.4,32.6,12.6, 25,    11,    24, 0.5783, 0.7270
M5,30/06/23,14:39:26,     3,  3471,   425, 1004.1, 300,22.9,30.9, 0.0,  0, 0.0000,     0,26.4,32.6,12.6, 25,    11,    25, 0.5742, 0.7100
M5,30/06/23,14:39:27,     3,  3472,   426, 1004.1, 300,22.9,30.9, 0.0,  0, 0.0000,     0,26.4,32.6,12.6, 25,    12,    26, 0.5700, 0.6884
M5,30/06/23,14:39:28,     3,  3473,   426, 1004.1, 300,23.0,30.9, 0.0,  0, 0.0000,     0,26.4,32.6,12.6, 25,    12,    27, 0.5694, 0.6697
M5,30/06/23,14:39:29,     3,  3474,   427, 1004.1, 300,23.0,30.9, 0.0,  0, 0.0000,     0,26.4,32.7,12.6, 25,    13,    28, 0.5707, 0.6405
M5,30/06/23,14:39:30,     3,  3475,   428, 1004.1, 300,23.0,30.9, 0.0,  0, 0.0000,     0,26.4,32.7,12.6, 25,    14,    29, 0.5719, 0.6187
M5,30/06/23,14:39:31,     3,  3476,   428, 1004.1, 300,23.0,30.9, 0.0,  0, 0.0000,     0,26.4,32.7,12.6, 25,    14,    30, 0.5748, 0.6041
M5,30/06/23,14:39:32,     3,  3477,   428, 1004.1, 300,23.0,30.9, 0.0,  0, 0.0000,     0,26.4,32.7,12.6, 25,    14,    31, 0.5735, 0.5993
M5,30/06/23,14:39:33,     3,  3478,   429, 1004.1, 300,23.1,30.9, 0.0,  0, 0.0000,     0,26.4,32.7,12.6, 25,    15,    32, 0.5718, 0.6026
M5,30/06/23,14:39:34,     3,  3479,   429, 1004.1, 300,23.1,30.9, 0.0,  0, 0.0000,     0,26.4,32.7,12.6, 25,    15,    33, 0.5696, 0.6013
M5,30/06/23,14:39:35,     3,  3480,   430, 1004.1, 300,23.2,30.9, 0.0,  0, 0.0000,     0,26.4,32.7,12.6, 25,    16,    34, 0.5697, 0.5992
M5,30/06/23,14:39:36,     3,  3481,   430, 1004.1, 300,23.2,30.9, 0.0,  0, 0.0000,     0,26.4,32.7,12.6, 25,    16,    35, 0.5687, 0.5946
M5,30/06/23,14:39:37,     3,  3482,   431, 1004.2, 300,23.2,30.9, 0.0,  0, 0.0000,     0,26.4,32.7,12.6, 25,    17,    36, 0.5680, 0.5901
M5,30/06/23,14:39:38,     3,  3483,   431, 1004.2, 300,23.2,30.9, 0.0,  0, 0.0000,     0,26.4,32.7,12.6, 25,    17,    37, 0.5701, 0.5815
M5,30/06/23,14:39:39,     3,  3484,   432, 1004.2, 300,23.2,30.9, 0.0,  0, 0.0000,     0,26.4,32.7,12.6, 25,    18,    38, 0.5738, 0.5643
M5,30/06/23,14:39:40,     3,  3485,   433, 1004.2, 300,23.3,30.9, 0.0,  0, 0.0000,     0,26.4,32.7,12.6, 25,    19,    39, 0.5791, 0.5485
M5,30/06/23,14:39:41,     3,  3486,   434, 1004.2, 300,23.3,30.9, 0.0,  0, 0.0000,     0,26.4,32.7,12.6, 25,    19,    40, 0.5838, 0.5326
M5,30/06/23,14:39:42,     3,  3487,   434, 1004.2, 299,23.3,30.9, 0.0,  0, 0.0000,     0,26.4,32.8,12.6, 25,    20,    41, 0.5889, 0.5232
M5,30/06/23,14:39:43,     3,  3488,   434, 1004.2, 300,23.3,30.9, 0.0,  0, 0.0000,     0,26.4,32.8,12.6, 25,    20,    42, 0.5922, 0.5165
M5,30/06/23,14:39:44,     3,  3489,   435, 1004.2, 300,23.3,30.9, 0.0,  0, 0.0000,     0,26.4,32.8,12.6, 25,    21,    43, 0.5939, 0.5163
M5,30/06/23,14:39:45,     3,  3490,   435, 1004.2, 300,23.4,30.9, 0.0,  0, 0.0000,     0,26.4,32.8,12.6, 25,    21,    44, 0.5964, 0.5184
M5,30/06/23,14:39:46,     3,  3491,   436, 1004.2, 300,23.4,30.9, 0.0,  0, 0.0000,     0,26.4,32.8,12.6, 25,    22,    45, 0.5966, 0.5235
M5,30/06/23,14:39:47,     3,  3492,   436, 1004.2, 300,23.4,30.9, 0.0,  0, 0.0000,     0,26.4,32.8,12.6, 25,    22,    46, 0.5969, 0.5285
M5,30/06/23,14:39:48,     3,  3493,   436, 1004.2, 300,23.4,30.9, 0.0,  0, 0.0000,     0,26.4,32.8,12.6, 25,    22,    47, 0.5962, 0.5357
M5,30/06/23,14:39:49,     3,  3494,   437, 1004.2, 300,23.5,30.9, 0.0,  0, 0.0000,     0,26.4,32.8,12.6, 25,    23,    48, 0.5954, 0.5451
M5,30/06/23,14:39:50,     3,  3495,   437, 1004.2, 300,23.5,30.9, 0.0,  0, 0.0000,     0,26.4,32.8,12.6, 25,    23,    49, 0.5943, 0.5522
M5,30/06/23,14:39:51,     3,  3496,   438, 1004.2, 300,23.5,30.9, 0.0,  0, 0.0000,     0,26.4,32.8,12.6, 25,    24,    50, 0.5946, 0.5562
M5,30/06/23,14:39:52,     3,  3497,   439, 1004.2, 300,23.5,30.9, 0.0,  0, 0.0000,     0,26.4,32.8,12.6, 25,    25,    51, 0.5950, 0.5567
M5,30/06/23,14:39:53,     3,  3498,   439, 1004.2, 300,23.5,30.9, 0.0,  0, 0.0000,     0,26.4,32.8,12.6, 25,    25,    52, 0.5959, 0.5550
M5,30/06/23,14:39:54,     3,  3499,   440, 1004.2, 300,23.6,30.9, 0.0,  0, 0.0000,     0,26.4,32.8,12.6, 25,    26,    53, 0.5964, 0.5565
M5,30/06/23,14:39:55,     3,  3500,   440, 1004.2, 300,23.6,30.9, 0.0,  0, 0.0000,     0,26.4,32.8,12.6, 25,    26,    54, 0.5961, 0.5592
M5,30/06/23,14:39:56,     3,  3501,   441, 1004.2, 300,23.6,30.9, 0.0,  0, 0.0000,     0,26.4,32.8,12.6, 25,    26,    55, 0.5962, 0.5618
M5,30/06/23,14:39:57,     3,  3502,   441, 1004.2, 300,23.6,30.9, 0.0,  0, 0.0000,     0,26.4,32.8,12.6, 25,    27,    56, 0.5965, 0.5620
M5,30/06/23,14:39:58,     3,  3503,   442, 1004.2, 300,23.6,30.9, 0.0,  0, 0.0000,     0,26.4,32.8,12.6, 25,    28,    57, 0.5974, 0.5629
M5,30/06/23,14:39:59,     3,  3504,   443, 1004.2, 300,23.6,30.9, 0.0,  0, 0.0000,     0,26.4,32.8,12.6, 25,    28,    58, 0.5986, 0.5597
M5,30/06/23,14:40:00,     3,  3505,   443, 1004.2, 300,23.6,30.9, 0.0,  0, 0.0000,     0,26.4,32.8,12.4, 25,    29,    59, 0.6001, 0.5558
M5,30/06/23,14:40:01,     3,  3506,   443, 1004.2, 300,23.7,30.9, 0.0,  0, 0.0000,     0,26.4,32.8,12.4, 25,    29,    60, 0.6011, 0.5547
R5,30/06/23,14:40:01,     3,  3506,   443, 1004.2, 300,23.7,30.9, 0.0,  0, 0.0000,     0,26.4,32.8,12.4, 25,    29,    60, 0.6011, 0.5547
End
Start
M5,30/06/23,14:40:46,     3,  3551,   410, 1004.2, 300,21.3,31.0, 0.0,  0, 0.0000,     0,26.4,31.5,12.6, 20,    -0,     1, 0.0000, 0.0000
M5,30/06/23,14:40:47,     3,  3552,   410, 1004.2, 300,21.4,31.0, 0.0,  0, 0.0000,     0,26.4,31.6,12.6, 20,     0,     2, 0.0000, 0.0000
M5,30/06/23,14:40:48,     3,  3553,   411, 1004.2, 300,21.4,31.0, 0.0,  0, 0.0000,     0,26.4,31.6,12.3, 20,     0,     3, 0.0000, 0.0000
M5,30/06/23,14:40:49,     3,  3554,   411, 1004.2, 300,21.5,31.0, 0.0,  0, 0.0000,     0,26.4,31.7,12.3, 20,     1,     4, 0.0000, 0.0000
M5,30/06/23,14:40:50,     3,  3555,   412, 1004.1, 300,21.5,31.0, 0.0,  0, 0.0000,     0,26.4,31.7,12.3, 20,     1,     5, 0.0000, 0.0000
M5,30/06/23,14:40:51,     3,  3556,   412, 1004.1, 300,21.6,31.0, 0.0,  0, 0.0000,     0,26.4,31.8,12.3, 20,     2,     6, 0.0000, 0.0000
M5,30/06/23,14:40:52,     3,  3557,   413, 1004.1, 300,21.6,31.0, 0.0,  0, 0.0000,     0,26.4,31.8,12.3, 20,     3,     7, 0.0000, 0.0000
M5,30/06/23,14:40:53,     3,  3558,   413, 1004.1, 300,21.6,31.0, 0.0,  0, 0.0000,     0,26.4,31.9,12.6, 20,     3,     8, 0.0000, 0.0000
M5,30/06/23,14:40:54,     3,  3559,   414, 1004.1, 300,21.7,31.0, 0.0,  0, 0.0000,     0,26.4,31.9,12.6, 20,     3,     9, 0.0000, 0.0000
M5,30/06/23,14:40:55,     3,  3560,   414, 1004.1, 300,21.7,31.0, 0.0,  0, 0.0000,     0,26.4,31.9,12.6, 25,     4,    10, 0.0000, 0.0000
M5,30/06/23,14:40:56,     3,  3561,   415, 1004.1, 300,21.8,31.0, 0.0,  0, 0.0000,     0,26.4,32.0,12.6, 25,     4,    11, 0.0000, 0.0000
M5,30/06/23,14:40:57,     3,  3562,   415, 1004.1, 300,21.8,31.0, 0.0,  0, 0.0000,     0,26.4,32.0,12.6, 25,     5,    12, 0.0000, 0.0000
M5,30/06/23,14:40:58,     3,  3563,   416, 1004.1, 300,21.9,31.0, 0.0,  0, 0.0000,     0,26.4,32.0,12.6, 25,     5,    13, 0.7449, 0.8883
M5,30/06/23,14:40:59,     3,  3564,   416, 1004.1, 300,21.9,31.0, 0.0,  0, 0.0000,     0,26.4,32.1,12.6, 25,     6,    14, 0.7365, 0.7910
M5,30/06/23,14:41:00,     3,  3565,   417, 1004.1, 300,21.9,31.0, 0.0,  0, 0.0000,     0,26.4,32.1,12.6, 25,     7,    15, 0.7122, 0.7977
M5,30/06/23,14:41:01,     3,  3566,   417, 1004.1, 299,22.0,31.0, 0.0,  0, 0.0000,     0,26.4,32.1,12.6, 25,     7,    16, 0.7174, 0.7579
M5,30/06/23,14:41:02,     3,  3567,   418, 1004.2, 300,22.0,31.0, 0.0,  0, 0.0000,     0,26.4,32.1,12.6, 25,     8,    17, 0.7041, 0.7623
M5,30/06/23,14:41:03,     3,  3568,   419, 1004.2, 300,22.1,31.0, 0.0,  0, 0.0000,     0,26.4,32.2,12.6, 25,     9,    18, 0.7202, 0.7054
M5,30/06/23,14:41:04,     3,  3569,   419, 1004.2, 300,22.1,31.0, 0.0,  0, 0.0000,     0,26.4,32.2,12.6, 25,     9,    19, 0.7182, 0.7064
M5,30/06/23,14:41:05,     3,  3570,   420, 1004.2, 300,22.2,31.0, 0.0,  0, 0.0000,     0,26.4,32.2,12.6, 25,     9,    20, 0.7160, 0.7275
M5,30/06/23,14:41:06,     3,  3571,   420, 1004.2, 300,22.2,31.0, 0.0,  0, 0.0000,     0,26.4,32.2,12.6, 25,    10,    21, 0.7065, 0.7436
M5,30/06/23,14:41:07,     3,  3572,   421, 1004.2, 300,22.3,31.0, 0.0,  0, 0.0000,     0,26.4,32.2,12.6, 25,    10,    22, 0.6997, 0.7587
M5,30/06/23,14:41:08,     3,  3573,   422, 1004.2, 300,22.3,31.0, 0.0,  0, 0.0000,     0,26.4,32.3,12.6, 25,    11,    23, 0.7013, 0.7320
M5,30/06/23,14:41:09,     3,  3574,   422, 1004.2, 300,22.3,31.0, 0.0,  0, 0.0000,     0,26.4,32.3,12.6, 25,    12,    24, 0.7042, 0.7094
M5,30/06/23,14:41:10,     3,  3575,   423, 1004.2, 300,22.3,31.0, 0.0,  0, 0.0000,     0,26.4,32.3,12.6, 25,    13,    25, 0.7145, 0.6805
M5,30/06/23,14:41:11,     3,  3576,   424, 1004.2, 300,22.3,31.0, 0.0,  0, 0.0000,     0,26.4,32.3,12.6, 25,    14,    26, 0.7248, 0.6492
M5,30/06/23,14:41:12,     3,  3577,   425, 1004.2, 300,22.4,31.0, 0.0,  0, 0.0000,     0,26.4,32.3,12.6, 25,    15,    27, 0.7416, 0.6127
M5,30/06/23,14:41:13,     3,  3578,   425, 1004.2, 300,22.4,31.0, 0.0,  0, 0.0000,     0,26.4,32.3,12.6, 25,    15,    28, 0.7529, 0.5958
M5,30/06/23,14:41:14,     3,  3579,   426, 1004.2, 300,22.5,31.0, 0.0,  0, 0.0000,     0,26.4,32.3,12.6, 25,    15,    29, 0.7555, 0.6217
M5,30/06/23,14:41:15,     3,  3580,   426, 1004.2, 300,22.5,31.0, 0.0,  0, 0.0000,     0,26.4,32.3,12.6, 25,    16,    30, 0.7482, 0.6652
M5,30/06/23,14:41:16,     3,  3581,   426, 1004.2, 300,22.5,31.0, 0.0,  0, 0.0000,     0,26.4,32.3,12.6, 25,    16,    31, 0.7386, 0.7078
M5,30/06/23,14:41:17,     3,  3582,   427, 1004.2, 300,22.5,31.0, 0.0,  0, 0.0000,     0,26.4,32.4,12.6, 25,    16,    32, 0.7309, 0.7411
M5,30/06/23,14:41:18,     3,  3583,   427, 1004.2, 300,22.5,31.0, 0.0,  0, 0.0000,     0,26.4,32.4,12.6, 25,    17,    33, 0.7225, 0.7648
M5,30/06/23,14:41:19,     3,  3584,   428, 1004.2, 300,22.6,31.0, 0.0,  0, 0.0000,     0,26.4,32.4,12.6, 25,    18,    34, 0.7177, 0.7770
M5,30/06/23,14:41:20,     3,  3585,   429, 1004.2, 300,22.6,31.0, 0.0,  0, 0.0000,     0,26.4,32.4,12.6, 25,    18,    35, 0.7152, 0.7741
M5,30/06/23,14:41:21,     3,  3586,   429, 1004.2, 300,22.6,31.0, 0.0,  0, 0.0000,     0,26.4,32.4,12.6, 25,    19,    36, 0.7133, 0.7745
M5,30/06/23,14:41:22,     3,  3587,   430, 1004.2, 300,22.6,31.0, 0.0,  0, 0.0000,     0,26.4,32.4,12.6, 25,    19,    37, 0.7099, 0.7752
M5,30/06/23,14:41:23,     3,  3588,   430, 1004.2, 300,22.6,31.0, 0.0,  0, 0.0000,     0,26.4,32.4,12.6, 25,    20,    38, 0.7090, 0.7670
M5,30/06/23,14:41:24,     3,  3589,   431, 1004.1, 300,22.7,31.0, 0.0,  0, 0.0000,     0,26.4,32.4,12.6, 25,    21,    39, 0.7108, 0.7543
M5,30/06/23,14:41:25,     3,  3590,   432, 1004.1, 300,22.7,31.0, 0.0,  0, 0.0000,     0,26.4,32.4,12.6, 25,    21,    40, 0.7098, 0.7500
M5,30/06/23,14:41:26,     3,  3591,   432, 1004.1, 300,22.7,31.0, 0.0,  0, 0.0000,     0,26.4,32.4,12.6, 25,    21,    41, 0.7070, 0.7572
M5,30/06/23,14:41:27,     3,  3592,   432, 1004.1, 300,22.7,31.0, 0.0,  0, 0.0000,     0,26.4,32.4,12.6, 25,    22,    42, 0.7032, 0.7624
M5,30/06/23,14:41:28,     3,  3593,   433, 1004.1, 300,22.8,31.0, 0.0,  0, 0.0000,     0,26.4,32.4,12.6, 25,    22,    43, 0.6994, 0.7712
M5,30/06/23,14:41:29,     3,  3594,   433, 1004.1, 300,22.8,31.0, 0.0,  0, 0.0000,     0,26.4,32.4,12.6, 25,    23,    44, 0.6940, 0.7805
M5,30/06/23,14:41:30,     3,  3595,   433, 1004.1, 301,22.9,31.1, 0.0,  0, 0.0000,     0,26.4,32.4,12.6, 25,    23,    45, 0.6899, 0.7882
M5,30/06/23,14:41:31,     3,  3596,   434, 1004.2, 300,22.9,31.1, 0.0,  0, 0.0000,     0,26.4,32.4,12.6, 25,    23,    46, 0.6843, 0.7961
M5,30/06/23,14:41:32,     3,  3597,   434, 1004.2, 300,22.9,31.1, 0.0,  0, 0.0000,     0,26.4,32.4,12.6, 25,    24,    47, 0.6784, 0.8043
M5,30/06/23,14:41:33,     3,  3598,   434, 1004.2, 300,22.9,31.0, 0.0,  0, 0.0000,     0,26.4,32.4,12.6, 25,    24,    48, 0.6727, 0.8127
M5,30/06/23,14:41:34,     3,  3599,   435, 1004.2, 300,22.9,31.0, 0.0,  0, 0.0000,     0,26.4,32.4,12.6, 25,    25,    49, 0.6671, 0.8178
M5,30/06/23,14:41:35,     3,  3600,   435, 1004.2, 300,22.9,31.1, 0.0,  0, 0.0000,     0,26.4,32.4,12.6, 25,    25,    50, 0.6630, 0.8203
M5,30/06/23,14:41:36,     3,  3601,   436, 1004.2, 300,22.9,31.1, 0.0,  0, 0.0000,     0,26.4,32.4,12.6, 25,    26,    51, 0.6599, 0.8157
M5,30/06/23,14:41:37,     3,  3602,   437, 1004.2, 300,23.0,31.1, 0.0,  0, 0.0000,     0,26.4,32.4,12.6, 25,    26,    52, 0.6576, 0.8116
M5,30/06/23,14:41:38,     3,  3603,   437, 1004.2, 300,23.0,31.1, 0.0,  0, 0.0000,     0,26.4,32.4,12.6, 25,    27,    53, 0.6549, 0.8066
M5,30/06/23,14:41:39,     3,  3604,   438, 1004.2, 300,23.0,31.1, 0.0,  0, 0.0000,     0,26.4,32.4,12.6, 25,    28,    54, 0.6528, 0.7996
M5,30/06/23,14:41:40,     3,  3605,   438, 1004.2, 300,23.0,31.1, 0.0,  0, 0.0000,     0,26.4,32.4,12.6, 25,    28,    55, 0.6512, 0.7933
M5,30/06/23,14:41:41,     3,  3606,   439, 1004.2, 300,23.0,31.1, 0.0,  0, 0.0000,     0,26.4,32.4,12.6, 25,    29,    56, 0.6494, 0.7871
M5,30/06/23,14:41:42,     3,  3607,   439, 1004.2, 300,23.1,31.1, 0.0,  0, 0.0000,     0,26.4,32.4,12.6, 25,    29,    57, 0.6488, 0.7803
M5,30/06/23,14:41:43,     3,  3608,   440, 1004.2, 300,23.1,31.1, 0.0,  0, 0.0000,     0,26.4,32.4,12.6, 25,    30,    58, 0.6475, 0.7734
M5,30/06/23,14:41:44,     3,  3609,   440, 1004.2, 300,23.1,31.1, 0.0,  0, 0.0000,     0,26.4,32.4,12.6, 25,    30,    59, 0.6461, 0.7691
M5,30/06/23,14:41:45,     3,  3610,   441, 1004.2, 300,23.1,31.1, 0.0,  0, 0.0000,     0,26.4,32.4,12.6, 25,    30,    60, 0.6439, 0.7663
R5,30/06/23,14:41:45,     3,  3610,   441, 1004.2, 300,23.1,31.1, 0.0,  0, 0.0000,     0,26.4,32.4,12.6, 25,    30,    60, 0.6439, 0.7663
End
