Tag(M3),Date,Time,Plot_No,Rec_No,CO2,Pressure,Flow,H2O,Tsen,O2,Error,Aux_V,PAR,Tsoil,Tair,Msoil
Start
M5,26/07/23,13:10:59,    10,  7218,   416,  994.3, 300,24.0,28.6, 0.0,  0, 0.0000,     0,23.7,26.4,37.7, 20,     1,     1, 0.0000, 0.0000
M5,26/07/23,13:11:00,    10,  7219,   417,  994.3, 300,24.1,28.6, 0.0,  0, 0.0000,     0,23.7,26.4,37.7, 20,     3,     2, 0.0000, 0.0000
M5,26/07/23,13:11:01,    10,  7220,   419,  994.3, 300,24.1,28.6, 0.0,  0, 0.0000,     0,23.7,26.4,37.7, 20,     4,     3, 0.0000, 0.0000
M5,26/07/23,13:11:02,    10,  7221,   420,  994.3, 300,24.1,28.6, 0.0,  0, 0.0000,     0,23.7,26.4,37.7, 20,     5,     4, 0.0000, 0.0000
M5,26/07/23,13:11:03,    10,  7222,   421,  994.3, 300,24.1,28.6, 0.0,  0, 0.0000,     0,23.7,26.4,37.7, 20,     6,     5, 0.0000, 0.0000
M5,26/07/23,13:11:04,    10,  7223,   421,  994.3, 300,24.1,28.6, 0.0,  0, 0.0000,     0,23.7,26.5,37.7, 20,     6,     6, 0.0000, 0.0000
M5,26/07/23,13:11:05,    10,  7224,   422,  994.3, 300,24.2,28.6, 0.0,  0, 0.0000,     0,23.7,26.5,37.7, 20,     7,     7, 0.0000, 0.0000
M5,26/07/23,13:11:06,    10,  7225,   423,  994.3, 300,24.2,28.6, 0.0,  0, 0.0000,     0,23.7,26.5,37.7, 20,     8,     8, 0.0000, 0.0000
M5,26/07/23,13:11:07,    10,  7226,   424,  994.3, 300,24.3,28.6, 0.0,  0, 0.0000,     0,23.7,26.5,37.7, 20,     9,     9, 0.0000, 0.0000
M5,26/07/23,13:11:08,    10,  7227,   425,  994.3, 300,24.3,28.6, 0.0,  0, 0.0000,     0,23.7,26.5,37.7, 25,    10,    10, 0.0000, 0.0000
M5,26/07/23,13:11:09,    10,  7228,   426,  994.3, 300,24.3,28.6, 0.0,  0, 0.0000,     0,23.7,26.5,37.7, 25,    11,    11, 0.0000, 0.0000
M5,26/07/23,13:11:10,    10,  7229,   426,  994.3, 300,24.3,28.6, 0.0,  0, 0.0000,     0,23.7,26.6,37.7, 25,    12,    12, 0.0000, 0.0000
M5,26/07/23,13:11:11,    10,  7230,   427,  994.3, 300,24.3,28.6, 0.0,  0, 0.0000,     0,23.7,26.6,37.7, 25,    12,    13, 0.9901, 1.2836
M5,26/07/23,13:11:12,    10,  7231,   428,  994.3, 300,24.4,28.6, 0.0,  0, 0.0000,     0,23.7,26.6,37.7, 25,    13,    14, 0.9767, 1.1402
M5,26/07/23,13:11:13,    10,  7232,   429,  994.3, 300,24.4,28.6, 0.0,  0, 0.0000,     0,23.7,26.6,37.7, 25,    14,    15, 0.9435, 1.1130
M5,26/07/23,13:11:14,    10,  7233,   429,  994.3, 300,24.4,28.5, 0.0,  0, 0.0000,     0,23.7,26.6,37.7, 25,    14,    16, 0.9181, 1.0947
M5,26/07/23,13:11:15,    10,  7234,   430,  994.3, 300,24.4,28.5, 0.0,  0, 0.0000,     0,23.7,26.6,37.7, 25,    15,    17, 0.8956, 1.0700
M5,26/07/23,13:11:16,    10,  7235,   431,  994.3, 300,24.4,28.5, 0.0,  0, 0.0000,     0,23.7,26.6,37.7, 25,    16,    18, 0.8914, 1.0099
M5,26/07/23,13:11:18,    10,  7236,   431,  994.3, 300,24.5,28.5, 0.0,  0, 0.0000,     0,23.7,26.6,37.7, 25,    17,    19, 0.8980, 0.9592
M5,26/07/23,13:11:19,    10,  7237,   432,  994.3, 300,24.5,28.5, 0.0,  0, 0.0000,     0,23.7,26.7,37.7, 25,    18,    20, 0.9037, 0.9185
M5,26/07/23,13:11:20,    10,  7238,   433,  994.3, 300,24.6,28.5, 0.0,  0, 0.0000,     0,23.7,26.7,37.7, 25,    18,    21, 0.9139, 0.8940
M5,26/07/23,13:11:21,    10,  7239,   434,  994.3, 300,24.6,28.5, 0.0,  0, 0.0000,     0,23.7,26.7,37.7, 25,    19,    22, 0.9203, 0.8754
M5,26/07/23,13:11:22,    10,  7240,   435,  994.4, 300,24.6,28.5, 0.0,  0, 0.0000,     0,23.7,26.7,37.7, 25,    20,    23, 0.9237, 0.8801
M5,26/07/23,13:11:23,    10,  7241,   435,  994.4, 300,24.6,28.5, 0.0,  0, 0.0000,     0,23.7,26.7,37.7, 25,    21,    24, 0.9214, 0.8937
M5,26/07/23,13:11:24,    10,  7242,   436,  994.4, 300,24.7,28.5, 0.0,  0, 0.0000,     0,23.7,26.7,37.7, 25,    21,    25, 0.9236, 0.8983
M5,26/07/23,13:11:25,    10,  7243,   437,  994.4, 300,24.7,28.5, 0.0,  0, 0.0000,     0,23.7,26.7,37.7, 25,    22,    26, 0.9249, 0.8957
M5,26/07/23,13:11:26,    10,  7244,   438,  994.4, 300,24.7,28.5, 0.0,  0, 0.0000,     0,23.7,26.7,37.7, 25,    23,    27, 0.9270, 0.8913
M5,26/07/23,13:11:27,    10,  7245,   439,  994.4, 300,24.7,28.6, 0.0,  0, 0.0000,     0,23.7,26.7,37.7, 25,    24,    28, 0.9355, 0.8789
M5,26/07/23,13:11:28,    10,  7246,   440,  994.4, 300,24.7,28.6, 0.0,  0, 0.0000,     0,23.7,26.7,37.7, 25,    25,    29, 0.9404, 0.8696
M5,26/07/23,13:11:29,    10,  7247,   441,  994.4, 300,24.8,28.5, 0.0,  0, 0.0000,     0,23.7,26.7,37.7, 25,    26,    30, 0.9476, 0.8558
M5,26/07/23,13:11:30,    10,  7248,   442,  994.3, 300,24.8,28.5, 0.0,  0, 0.0000,     0,23.7,26.7,37.7, 25,    27,    31, 0.9560, 0.8403
M5,26/07/23,13:11:31,    10,  7249,   443,  994.3, 300,24.8,28.5, 0.0,  0, 0.0000,     0,23.7,26.7,37.7, 25,    28,    32, 0.9664, 0.8275
M5,26/07/23,13:11:32,    10,  7250,   444,  994.3, 300,24.8,28.5, 0.0,  0, 0.0000,     0,23.7,26.7,37.7, 25,    29,    33, 0.9776, 0.8083
M5,26/07/23,13:11:33,    10,  7251,   445,  994.3, 300,24.8,28.5, 0.0,  0, 0.0000,     0,23.7,26.8,37.7, 25,    30,    34, 0.9884, 0.7942
M5,26/07/23,13:11:34,    10,  7252,   445,  994.3, 300,24.9,28.5, 0.0,  0, 0.0000,     0,23.7,26.8,37.7, 25,    31,    35, 0.9943, 0.8029
M5,26/07/23,13:11:35,    10,  7253,   446,  994.3, 300,24.9,28.5, 0.0,  0, 0.0000,     0,23.7,26.8,37.7, 25,    31,    36, 0.9968, 0.8185
M5,26/07/23,13:11:36,    10,  7254,   447,  994.3, 300,24.9,28.5, 0.0,  0, 0.0000,     0,23.7,26.8,37.7, 25,    32,    37, 0.9999, 0.8342
M5,26/07/23,13:11:37,    10,  7255,   448,  994.3, 300,24.9,28.5, 0.0,  0, 0.0000,     0,23.7,26.8,37.7, 25,    33,    38, 1.0029, 0.8430
M5,26/07/23,13:11:38,    10,  7256,   449,  994.3, 300,24.9,28.5, 0.0,  0, 0.0000,     0,23.7,26.8,37.7, 25,    34,    39, 1.0045, 0.8575
M5,26/07/23,13:11:39,    10,  7257,   450,  994.3, 300,24.9,28.5, 0.0,  0, 0.0000,     0,23.7,26.8,37.7, 25,    35,    40, 1.0067, 0.8659
M5,26/07/23,13:11:40,    10,  7258,   450,  994.3, 300,24.9,28.5, 0.0,  0, 0.0000,     0,23.7,26.8,37.7, 25,    36,    41, 1.0085, 0.8746
M5,26/07/23,13:11:41,    10,  7259,   451,  994.3, 300,24.9,28.5, 0.0,  0, 0.0000,     0,23.7,26.8,37.7, 25,    36,    42, 1.0103, 0.8836
M5,26/07/23,13:11:42,    10,  7260,   452,  994.3, 301,24.9,28.5, 0.0,  0, 0.0000,     0,23.7,26.8,37.7, 25,    37,    43, 1.0110, 0.8937
M5,26/07/23,13:11:43,    10,  7261,   453,  994.4, 300,25.0,28.5, 0.0,  0, 0.0000,     0,23.7,26.8,37.7, 25,    38,    44, 1.0125, 0.9043
M5,26/07/23,13:11:44,    10,  7262,   453,  994.4, 300,25.0,28.5, 0.0,  0, 0.0000,     0,23.7,26.8,37.7, 25,    39,    45, 1.0111, 0.9195
M5,26/07/23,13:11:45,    10,  7263,   454,  994.4, 300,25.0,28.5, 0.0,  0, 0.0000,     0,23.7,26.8,37.7, 25,    39,    46, 1.0096, 0.9356
M5,26/07/23,13:11:46,    10,  7264,   455,  994.4, 300,25.0,28.5, 0.0,  0, 0.0000,     0,23.7,26.8,37.7, 25,    40,    47, 1.0078, 0.9482
M5,26/07/23,13:11:47,    10,  7265,   456,  994.4, 300,25.0,28.5, 0.0,  0, 0.0000,     0,23.7,26.8,37.7, 25,    41,    48, 1.0063, 0.9583
M5,26/07/23,13:11:48,    10,  7266,   457,  994.4, 300,25.0,28.5, 0.0,  0, 0.0000,     0,23.7,26.8,37.7, 25,    42,    49, 1.0050, 0.9664
M5,26/07/23,13:11:49,    10,  7267,   457,  994.4, 300,25.0,28.5, 0.0,  0, 0.0000,     0,23.7,26.8,37.7, 25,    42,    50, 1.0032, 0.9753
M5,26/07/23,13:11:50,    10,  7268,   458,  994.4, 300,25.1,28.5, 0.0,  0, 0.0000,     0,23.7,26.8,37.7, 25,    43,    51, 1.0024, 0.9830
M5,26/07/23,13:11:51,    10,  7269,   459,  994.3, 300,25.1,28.5, 0.0,  0, 0.0000,     0,23.7,26.8,37.7, 25,    44,    52, 0.9998, 0.9929
M5,26/07/23,13:11:52,    10,  7270,   459,  994.3, 300,25.1,28.5, 0.0,  0, 0.0000,     0,23.7,26.8,37.7, 25,    44,    53, 0.9974, 1.0029
M5,26/07/23,13:11:53,    10,  7271,   460,  994.3, 300,25.1,28.5, 0.0,  0, 0.0000,     0,23.7,26.8,37.7, 25,    45,    54, 0.9956, 1.0080
M5,26/07/23,13:11:54,    10,  7272,   461,  994.3, 300,25.2,28.5, 0.0,  0, 0.0000,     0,23.7,26.8,37.7, 25,    46,    55, 0.9950, 1.0100
M5,26/07/23,13:11:55,    10,  7273,   462,  994.3, 300,25.2,28.5, 0.0,  0, 0.0000,     0,23.7,26.8,37.7, 25,    47,    56, 0.9948, 1.0087
M5,26/07/23,13:11:56,    10,  7274,   463,  994.3, 300,25.2,28.5, 0.0,  0, 0.0000,     0,23.7,26.8,37.7, 25,    49,    57, 0.9956, 1.0035
M5,26/07/23,13:11:57,    10,  7275,   464,  994.3, 300,25.2,28.5, 0.0,  0, 0.0000,     0,23.7,26.8,37.7, 25,    50,    58, 0.9965, 0.9990
M5,26/07/23,13:11:58,    10,  7276,   465,  994.3, 300,25.2,28.5, 0.0,  0, 0.0000,     0,23.7,26.8,37.7, 25,    50,    59, 0.9968, 0.9969
R5,26/07/23,13:11:58,    10,  7276,   465,  994.3, 300,25.2,28.5, 0.0,  0, 0.0000,     0,23.7,26.8,37.7, 25,    50,    59, 0.9968, 0.9969
End
Start
M5,26/07/23,13:12:42,    10,  7320,   412,  994.3, 300,24.2,28.4, 0.0,  0, 0.0000,     0,23.5,25.8,37.7, 20,     1,     1, 0.0000, 0.0000
M5,26/07/23,13:12:43,    10,  7321,   413,  994.3, 300,24.2,28.4, 0.0,  0, 0.0000,     0,23.5,25.8,37.7, 20,     2,     2, 0.0000, 0.0000
M5,26/07/23,13:12:44,    10,  7322,   414,  994.3, 300,24.2,28.4, 0.0,  0, 0.0000,     0,23.5,25.8,37.7, 20,     3,     3, 0.0000, 0.0000
M5,26/07/23,13:12:45,    10,  7323,   414,  994.3, 300,24.2,28.4, 0.0,  0, 0.0000,     0,23.5,25.9,37.7, 20,     4,     4, 0.0000, 0.0000
M5,26/07/23,13:12:46,    10,  7324,   415,  994.3, 300,24.2,28.4, 0.0,  0, 0.0000,     0,23.5,25.9,37.7, 20,     5,     5, 0.0000, 0.0000
M5,26/07/23,13:12:47,    10,  7325,   416,  994.3, 300,24.2,28.4, 0.0,  0, 0.0000,     0,23.5,25.9,37.7, 20,     6,     6, 0.0000, 0.0000
M5,26/07/23,13:12:48,    10,  7326,   417,  994.3, 300,24.2,28.4, 0.0,  0, 0.0000,     0,23.5,25.9,37.7, 20,     6,     7, 0.0000, 0.0000
M5,26/07/23,13:12:49,    10,  7327,   417,  994.3, 300,24.2,28.4, 0.0,  0, 0.0000,     0,23.5,26.0,37.7, 20,     7,     8, 0.0000, 0.0000
M5,26/07/23,13:12:50,    10,  7328,   418,  994.3, 300,24.3,28.4, 0.0,  0, 0.0000,     0,23.5,26.0,37.7, 20,     7,     9, 0.0000, 0.0000
M5,26/07/23,13:12:51,    10,  7329,   419,  994.3, 300,24.3,28.4, 0.0,  0, 0.0000,     0,23.5,26.0,37.7, 25,     8,    10, 0.0000, 0.0000
M5,26/07/23,13:12:52,    10,  7330,   420,  994.3, 301,24.3,28.4, 0.0,  0, 0.0000,     0,23.5,26.0,37.7, 25,     9,    11, 0.0000, 0.0000
M5,26/07/23,13:12:53,    10,  7331,   420,  994.3, 300,24.3,28.4, 0.0,  0, 0.0000,     0,23.5,26.0,37.7, 25,    10,    12, 0.0000, 0.0000
M5,26/07/23,13:12:54,    10,  7332,   421,  994.3, 300,24.3,28.4, 0.0,  0, 0.0000,     0,23.5,26.0,37.7, 25,    10,    13, 0.8518, 1.2916
M5,26/07/23,13:12:55,    10,  7333,   422,  994.3, 300,24.3,28.4, 0.0,  0, 0.0000,     0,23.5,26.1,37.7, 25,    11,    14, 0.8497, 1.0164
M5,26/07/23,13:12:56,    10,  7334,   422,  994.3, 300,24.3,28.4, 0.0,  0, 0.0000,     0,23.5,26.1,37.7, 25,    12,    15, 0.8401, 0.9437
M5,26/07/23,13:12:57,    10,  7335,   423,  994.3, 300,24.4,28.4, 0.0,  0, 0.0000,     0,23.5,26.1,37.7, 25,    13,    16, 0.8360, 0.9187
M5,26/07/23,13:12:58,    10,  7336,   424,  994.3, 300,24.4,28.4, 0.0,  0, 0.0000,     0,23.5,26.1,37.7, 25,    13,    17, 0.8278, 0.8998
M5,26/07/23,13:12:59,    10,  7337,   425,  994.3, 300,24.4,28.4, 0.0,  0, 0.0000,     0,23.5,26.1,37.7, 25,    14,    18, 0.8392, 0.8560
M5,26/07/23,13:13:00,    10,  7338,   425,  994.3, 300,24.4,28.4, 0.0,  0, 0.0000,     0,23.5,26.1,37.7, 25,    15,    19, 0.8503, 0.8146
M5,26/07/23,13:13:01,    10,  7339,   426,  994.3, 300,24.5,28.4, 0.0,  0, 0.0000,     0,23.5,26.2,37.7, 25,    16,    20, 0.8545, 0.8132
M5,26/07/23,13:13:02,    10,  7340,   427,  994.3, 300,24.5,28.4, 0.0,  0, 0.0000,     0,23.5,26.2,37.7, 25,    16,    21, 0.8583, 0.8102
M5,26/07/23,13:13:03,    10,  7341,   428,  994.3, 300,24.5,28.4, 0.0,  0, 0.0000,     0,23.5,26.2,37.7, 25,    17,    22, 0.8670, 0.8024
M5,26/07/23,13:13:04,    10,  7342,   428,  994.3, 300,24.5,28.4, 0.0,  0, 0.0000,     0,23.5,26.2,37.7, 25,    18,    23, 0.8741, 0.7936
M5,26/07/23,13:13:05,    10,  7343,   429,  994.3, 300,24.5,28.4, 0.0,  0, 0.0000,     0,23.5,26.2,37.7, 25,    19,    24, 0.8767, 0.8018
M5,26/07/23,13:13:06,    10,  7344,   430,  994.3, 300,24.6,28.4, 0.0,  0, 0.0000,     0,23.5,26.2,37.7, 25,    19,    25, 0.8786, 0.8186
M5,26/07/23,13:13:07,    10,  7345,   430,  994.3, 300,24.6,28.4, 0.0,  0, 0.0000,     0,23.5,26.2,37.7, 25,    20,    26, 0.8767, 0.8346
M5,26/07/23,13:13:08,    10,  7346,   431,  994.3, 300,24.6,28.3, 0.0,  0, 0.0000,     0,23.5,26.2,37.7, 25,    21,    27, 0.8781, 0.8382
M5,26/07/23,13:13:09,    10,  7347,   432,  994.3, 300,24.6,28.3, 0.0,  0, 0.0000,     0,23.5,26.3,37.7, 25,    22,    28, 0.8836, 0.8253
M5,26/07/23,13:13:10,    10,  7348,   433,  994.3, 300,24.7,28.4, 0.0,  0, 0.0000,     0,23.5,26.3,37.7, 25,    22,    29, 0.8881, 0.8264
M5,26/07/23,13:13:11,    10,  7349,   434,  994.3, 300,24.7,28.4, 0.0,  0, 0.0000,     0,23.5,26.3,37.7, 25,    23,    30, 0.8914, 0.8238
M5,26/07/23,13:13:12,    10,  7350,   435,  994.3, 300,24.7,28.4, 0.0,  0, 0.0000,     0,23.5,26.3,37.7, 25,    24,    31, 0.8951, 0.8206
M5,26/07/23,13:13:13,    10,  7351,   436,  994.3, 300,24.7,28.3, 0.0,  0, 0.0000,     0,23.5,26.3,37.7, 25,    25,    32, 0.9020, 0.8109
M5,26/07/23,13:13:14,    10,  7352,   437,  994.3, 300,24.7,28.3, 0.0,  0, 0.0000,     0,23.5,26.3,37.7, 25,    26,    33, 0.9094, 0.7978
M5,26/07/23,13:13:15,    10,  7353,   438,  994.3, 300,24.7,28.3, 0.0,  0, 0.0000,     0,23.5,26.3,37.7, 25,    27,    34, 0.9189, 0.7849
M5,26/07/23,13:13:16,    10,  7354,   438,  994.3, 300,24.7,28.3, 0.0,  0, 0.0000,     0,23.5,26.3,37.7, 25,    28,    35, 0.9244, 0.7832
M5,26/07/23,13:13:17,    10,  7355,   439,  994.3, 300,24.8,28.3, 0.0,  0, 0.0000,     0,23.5,26.3,37.7, 25,    28,    36, 0.9287, 0.7903
M5,26/07/23,13:13:18,    10,  7356,   440,  994.3, 300,24.8,28.3, 0.0,  0, 0.0000,     0,23.5,26.3,37.7, 25,    29,    37, 0.9305, 0.8012
M5,26/07/23,13:13:19,    10,  7357,   440,  994.3, 300,24.8,28.3, 0.0,  0, 0.0000,     0,23.5,26.3,37.7, 25,    30,    38, 0.9296, 0.8195
M5,26/07/23,13:13:20,    10,  7358,   441,  994.3, 300,24.8,28.3, 0.0,  0, 0.0000,     0,23.5,26.3,37.7, 25,    30,    39, 0.9276, 0.8428
M5,26/07/23,13:13:21,    10,  7359,   441,  994.3, 300,24.8,28.3, 0.0,  0, 0.0000,     0,23.5,26.3,37.7, 25,    31,    40, 0.9245, 0.8627
M5,26/07/23,13:13:22,    10,  7360,   442,  994.3, 300,24.8,28.3, 0.0,  0, 0.0000,     0,23.5,26.3,37.7, 25,    31,    41, 0.9207, 0.8825
M5,26/07/23,13:13:23,    10,  7361,   442,  994.3, 300,24.8,28.3, 0.0,  0, 0.0000,     0,23.5,26.3,37.7, 25,    32,    42, 0.9168, 0.8993
M5,26/07/23,13:13:24,    10,  7362,   443,  994.3, 300,24.9,28.3, 0.0,  0, 0.0000,     0,23.5,26.3,37.7, 25,    33,    43, 0.9140, 0.9146
M5,26/07/23,13:13:25,    10,  7363,   444,  994.3, 300,24.9,28.3, 0.0,  0, 0.0000,     0,23.5,26.3,37.7, 25,    33,    44, 0.9102, 0.9267
M5,26/07/23,13:13:26,    10,  7364,   445,  994.3, 300,24.9,28.3, 0.0,  0, 0.0000,     0,23.5,26.3,37.7, 25,    34,    45, 0.9080, 0.9341
M5,26/07/23,13:13:27,    10,  7365,   446,  994.3, 300,24.9,28.3, 0.0,  0, 0.0000,     0,23.5,26.3,37.7, 25,    35,    46, 0.9069, 0.9341
M5,26/07/23,13:13:28,    10,  7366,   446,  994.3, 300,24.9,28.3, 0.0,  0, 0.0000,     0,23.5,26.3,37.7, 25,    36,    47, 0.9055, 0.9350
M5,26/07/23,13:13:29,    10,  7367,   447,  994.3, 300,24.9,28.3, 0.0,  0, 0.0000,     0,23.5,26.3,37.7, 25,    36,    48, 0.9035, 0.9397
M5,26/07/23,13:13:30,    10,  7368,   447,  994.3, 300,24.9,28.3, 0.0,  0, 0.0000,     0,23.5,26.3,37.7, 25,    37,    49, 0.9012, 0.9435
M5,26/07/23,13:13:31,    10,  7369,   448,  994.3, 300,25.0,28.3, 0.0,  0, 0.0000,     0,23.5,26.3,37.7, 25,    38,    50, 0.8992, 0.9472
M5,26/07/23,13:13:32,    10,  7370,   449,  994.3, 300,25.0,28.3, 0.0,  0, 0.0000,     0,23.5,26.3,37.7, 25,    38,    51, 0.8968, 0.9503
M5,26/07/23,13:13:33,    10,  7371,   450,  994.3, 300,25.0,28.3, 0.0,  0, 0.0000,     0,23.5,26.3,37.7, 25,    39,    52, 0.8951, 0.9536
M5,26/07/23,13:13:34,    10,  7372,   450,  994.3, 300,25.0,28.3, 0.0,  0, 0.0000,     0,23.5,26.3,37.7, 25,    40,    53, 0.8935, 0.9536
M5,26/07/23,13:13:35,    10,  7373,   451,  994.3, 300,25.0,28.3, 0.0,  0, 0.0000,     0,23.5,26.3,37.7, 25,    41,    54, 0.8924, 0.9515
M5,26/07/23,13:13:36,    10,  7374,   452,  994.3, 300,25.1,28.3, 0.0,  0, 0.0000,     0,23.5,26.3,37.7, 25,    42,    55, 0.8933, 0.9444
M5,26/07/23,13:13:37,    10,  7375,   453,  994.3, 300,25.1,28.3, 0.0,  0, 0.0000,     0,23.5,26.3,37.7, 25,    43,    56, 0.8946, 0.9348
M5,26/07/23,13:13:38,    10,  7376,   454,  994.3, 300,25.0,28.3, 0.0,  0, 0.0000,     0,23.5,26.3,37.7, 25,    44,    57, 0.8964, 0.9237
M5,26/07/23,13:13:39,    10,  7377,   455,  994.3, 300,25.0,28.3, 0.0,  0, 0.0000,     0,23.5,26.3,37.7, 25,    45,    58, 0.8978, 0.9154
M5,26/07/23,13:13:40,    10,  7378,   456,  994.3, 300,25.1,28.3, 0.0,  0, 0.0000,     0,23.5,26.3,37.7, 25,    45,    59, 0.8996, 0.9101
M5,26/07/23,13:13:41,    10,  7379,   457,  994.3, 300,25.1,28.3, 0.0,  0, 0.0000,     0,23.5,26.3,37.7, 25,    46,    60, 0.9007, 0.9041
R5,26/07/23,13:13:41,    10,  7379,   457,  994.3, 300,25.1,28.3, 0.0,  0, 0.0000,     0,23.5,26.3,37.7, 25,    46,    60, 0.9007, 0.9041
End
Start
M5,26/07/23,13:14:25,    10,  7422,   410,  994.3, 300,24.1,28.2, 0.0,  0, 0.0000,     0,23.3,25.3,37.7, 20,     1,     1, 0.0000, 0.0000
M5,26/07/23,13:14:26,    10,  7423,   411,  994.3, 300,24.1,28.2, 0.0,  0, 0.0000,     0,23.3,25.3,37.7, 20,     2,     2, 0.0000, 0.0000
M5,26/07/23,13:14:27,    10,  7424,   411,  994.3, 300,24.1,28.2, 0.0,  0, 0.0000,     0,23.3,25.3,37.7, 20,     2,     3, 0.0000, 0.0000
M5,26/07/23,13:14:28,    10,  7425,   412,  994.3, 300,24.1,28.2, 0.0,  0, 0.0000,     0,23.3,25.3,37.7, 20,     3,     4, 0.0000, 0.0000
M5,26/07/23,13:14:29,    10,  7426,   413,  994.3, 300,24.1,28.2, 0.0,  0, 0.0000,     0,23.3,25.4,37.7, 20,     4,     5, 0.0000, 0.0000
M5,26/07/23,13:14:30,    10,  7427,   413,  994.3, 300,24.1,28.2, 0.0,  0, 0.0000,     0,23.3,25.4,37.7, 20,     5,     6, 0.0000, 0.0000
M5,26/07/23,13:14:31,    10,  7428,   414,  994.3, 300,24.1,28.2, 0.0,  0, 0.0000,     0,23.3,25.4,37.7, 20,     5,     7, 0.0000, 0.0000
M5,26/07/23,13:14:32,    10,  7429,   414,  994.3, 300,24.1,28.2, 0.0,  0, 0.0000,     0,23.3,25.4,37.7, 20,     6,     8, 0.0000, 0.0000
M5,26/07/23,13:14:33,    10,  7430,   415,  994.3, 300,24.1,28.2, 0.0,  0, 0.0000,     0,23.3,25.5,37.7, 20,     6,     9, 0.0000, 0.0000
M5,26/07/23,13:14:34,    10,  7431,   416,  994.3, 300,24.1,28.2, 0.0,  0, 0.0000,     0,23.3,25.5,37.7, 25,     7,    10, 0.0000, 0.0000
M5,26/07/23,13:14:35,    10,  7432,   416,  994.3, 300,24.1,28.2, 0.0,  0, 0.0000,     0,23.3,25.5,37.7, 25,     7,    11, 0.0000, 0.0000
M5,26/07/23,13:14:36,    10,  7433,   417,  994.3, 300,24.1,28.2, 0.0,  0, 0.0000,     0,23.3,25.5,37.7, 25,     8,    12, 0.0000, 0.0000
M5,26/07/23,13:14:37,    10,  7434,   417,  994.3, 300,24.1,28.2, 0.0,  0, 0.0000,     0,23.3,25.5,37.7, 25,     9,    13, 0.7670, 0.6196
M5,26/07/23,13:14:38,    10,  7435,   418,  994.4, 300,24.1,28.2, 0.0,  0, 0.0000,     0,23.3,25.6,37.7, 25,     9,    14, 0.8225, 0.6049
M5,26/07/23,13:14:39,    10,  7436,   419,  994.4, 300,24.2,28.2, 0.0,  0, 0.0000,     0,23.3,25.6,37.7, 25,    10,    15, 0.8646, 0.6406
M5,26/07/23,13:14:40,    10,  7437,   420,  994.4, 300,24.2,28.2, 0.0,  0, 0.0000,     0,23.3,25.6,37.7, 25,    11,    16, 0.8906, 0.6812
M5,26/07/23,13:14:41,    10,  7438,   421,  994.4, 300,24.2,28.2, 0.0,  0, 0.0000,     0,23.3,25.6,37.7, 25,    12,    17, 0.9124, 0.7230
M5,26/07/23,13:14:42,    10,  7439,   421,  994.3, 300,24.2,28.2, 0.0,  0, 0.0000,     0,23.3,25.6,37.7, 25,    13,    18, 0.9132, 0.7887
M5,26/07/23,13:14:43,    10,  7440,   422,  994.3, 300,24.3,28.2, 0.0,  0, 0.0000,     0,23.3,25.6,37.7, 25,    13,    19, 0.9195, 0.8246
M5,26/07/23,13:14:44,    10,  7441,   423,  994.3, 300,24.3,28.2, 0.0,  0, 0.0000,     0,23.3,25.6,37.7, 25,    14,    20, 0.9064, 0.8880
M5,26/07/23,13:14:45,    10,  7442,   423,  994.3, 300,24.3,28.2, 0.0,  0, 0.0000,     0,23.3,25.7,37.7, 25,    15,    21, 0.8944, 0.9255
M5,26/07/23,13:14:46,    10,  7443,   424,  994.3, 300,24.3,28.2, 0.0,  0, 0.0000,     0,23.3,25.7,37.7, 25,    15,    22, 0.8914, 0.9285
M5,26/07/23,13:14:47,    10,  7444,   425,  994.3, 300,24.3,28.2, 0.0,  0, 0.0000,     0,23.3,25.7,37.7, 25,    16,    23, 0.8914, 0.9164
M5,26/07/23,13:14:48,    10,  7445,   426,  994.3, 299,24.3,28.2, 0.0,  0, 0.0000,     0,23.3,25.7,37.7, 25,    17,    24, 0.8952, 0.9034
M5,26/07/23,13:14:49,    10,  7446,   426,  994.3, 299,24.3,28.2, 0.0,  0, 0.0000,     0,23.3,25.7,37.7, 25,    17,    25, 0.8899, 0.9160
M5,26/07/23,13:14:50,    10,  7447,   427,  994.3, 300,24.4,28.2, 0.0,  0, 0.0000,     0,23.3,25.7,37.7, 25,    18,    26, 0.8828, 0.9409
M5,26/07/23,13:14:51,    10,  7448,   427,  994.3, 300,24.4,28.2, 0.0,  0, 0.0000,     0,23.3,25.7,37.7, 25,    18,    27, 0.8712, 0.9642
M5,26/07/23,13:14:52,    10,  7449,   428,  994.3, 300,24.4,28.2, 0.0,  0, 0.0000,     0,23.3,25.7,37.7, 25,    19,    28, 0.8616, 0.9753
M5,26/07/23,13:14:53,    10,  7450,   429,  994.3, 300,24.5,28.2, 0.0,  0, 0.0000,     0,23.3,25.7,37.7, 25,    20,    29, 0.8551, 0.9793
M5,26/07/23,13:14:54,    10,  7451,   429,  994.3, 300,24.5,28.2, 0.0,  0, 0.0000,     0,23.3,25.7,37.7, 25,    20,    30, 0.8435, 0.9939
M5,26/07/23,13:14:55,    10,  7452,   429,  994.3, 300,24.5,28.2, 0.0,  0, 0.0000,     0,23.3,25.8,37.7, 25,    20,    31, 0.8283, 1.0227
M5,26/07/23,13:14:56,    10,  7453,   430,  994.3, 300,24.5,28.2, 0.0,  0, 0.0000,     0,23.3,25.8,37.7, 25,    21,    32, 0.8133, 1.0402
M5,26/07/23,13:14:57,    10,  7454,   430,  994.3, 300,24.5,28.2, 0.0,  0, 0.0000,     0,23.3,25.8,37.7, 25,    21,    33, 0.8003, 1.0507
M5,26/07/23,13:14:58,    10,  7455,   431,  994.3, 300,24.5,28.2, 0.0,  0, 0.0000,     0,23.3,25.8,37.7, 25,    22,    34, 0.7878, 1.0546
M5,26/07/23,13:14:59,    10,  7456,   431,  994.3, 300,24.6,28.2, 0.0,  0, 0.0000,     0,23.3,25.8,37.7, 25,    22,    35, 0.7792, 1.0498
M5,26/07/23,13:15:00,    10,  7457,   432,  994.3, 300,24.6,28.2, 0.0,  0, 0.0000,     0,23.3,25.8,37.7, 25,    23,    36, 0.7714, 1.0375
M5,26/07/23,13:15:01,    10,  7458,   432,  994.3, 300,24.6,28.2, 0.0,  0, 0.0000,     0,23.3,25.8,37.7, 25,    24,    37, 0.7639, 1.0264
M5,26/07/23,13:15:02,    10,  7459,   433,  994.3, 300,24.6,28.2, 0.0,  0, 0.0000,     0,23.3,25.8,37.7, 25,    24,    38, 0.7586, 1.0119
M5,26/07/23,13:15:03,    10,  7460,   434,  994.3, 300,24.6,28.2, 0.0,  0, 0.0000,     0,23.3,25.8,37.7, 25,    25,    39, 0.7545, 0.9927
M5,26/07/23,13:15:04,    10,  7461,   434,  994.3, 300,24.6,28.2, 0.0,  0, 0.0000,     0,23.3,25.8,37.7, 25,    26,    40, 0.7506, 0.9776
M5,26/07/23,13:15:05,    10,  7462,   435,  994.3, 300,24.6,28.2, 0.0,  0, 0.0000,     0,23.3,25.8,37.7, 25,    26,    41, 0.7473, 0.9608
M5,26/07/23,13:15:06,    10,  7463,   436,  994.3, 300,24.7,28.2, 0.0,  0, 0.0000,     0,23.3,25.8,37.7, 25,    27,    42, 0.7470, 0.9409
M5,26/07/23,13:15:07,    10,  7464,   437,  994.3, 300,24.7,28.2, 0.0,  0, 0.0000,     0,23.3,25.8,37.7, 25,    28,    43, 0.7471, 0.9175
M5,26/07/23,13:15:08,    10,  7465,   437,  994.3, 300,24.7,28.2, 0.0,  0, 0.0000,     0,23.3,25.8,37.7, 25,    29,    44, 0.7474, 0.8965
M5,26/07/23,13:15:09,    10,  7466,   439,  994.3, 300,24.7,28.1, 0.0,  0, 0.0000,     0,23.3,25.8,37.7, 25,    30,    45, 0.7508, 0.8682
M5,26/07/23,13:15:10,    10,  7467,   440,  994.3, 300,24.7,28.1, 0.0,  0, 0.0000,     0,23.3,25.8,37.7, 25,    31,    46, 0.7563, 0.8350
M5,26/07/23,13:15:11,    10,  7468,   441,  994.3, 300,24.8,28.1, 0.0,  0, 0.0000,     0,23.3,25.8,37.7, 25,    32,    47, 0.7633, 0.8031
M5,26/07/23,13:15:12,    10,  7469,   441,  994.3, 300,24.8,28.1, 0.0,  0, 0.0000,     0,23.3,25.8,37.7, 25,    32,    48, 0.7682, 0.7803
M5,26/07/23,13:15:13,    10,  7470,   442,  994.3, 300,24.8,28.1, 0.0,  0, 0.0000,     0,23.3,25.8,37.7, 25,    33,    49, 0.7739, 0.7603
M5,26/07/23,13:15:14,    10,  7471,   443,  994.3, 300,24.8,28.1, 0.0,  0, 0.0000,     0,23.3,25.8,37.7, 25,    34,    50, 0.7797, 0.7393
M5,26/07/23,13:15:15,    10,  7472,   444,  994.3, 300,24.8,28.1, 0.0,  0, 0.0000,     0,23.3,25.8,37.7, 25,    35,    51, 0.7861, 0.7184
M5,26/07/23,13:15:16,    10,  7473,   445,  994.3, 300,24.8,28.1, 0.0,  0, 0.0000,     0,23.3,25.8,37.6, 25,    36,    52, 0.7922, 0.7033
M5,26/07/23,13:15:17,    10,  7474,   446,  994.3, 300,24.8,28.1, 0.0,  0, 0.0000,     0,23.3,25.8,37.6, 25,    37,    53, 0.7977, 0.6899
M5,26/07/23,13:15:18,    10,  7475,   446,  994.3, 300,24.9,28.1, 0.0,  0, 0.0000,     0,23.3,25.8,37.6, 25,    37,    54, 0.8028, 0.6806
M5,26/07/23,13:15:19,    10,  7476,   447,  994.3, 300,24.9,28.1, 0.0,  0, 0.0000,     0,23.3,25.8,37.6, 25,    38,    55, 0.8077, 0.6722
M5,26/07/23,13:15:20,    10,  7477,   448,  994.3, 300,24.9,28.1, 0.0,  0, 0.0000,     0,23.3,25.8,37.6, 25,    39,    56, 0.8129, 0.6652
M5,26/07/23,13:15:21,    10,  7478,   449,  994.3, 300,24.9,28.1, 0.0,  0, 0.0000,     0,23.3,25.8,37.7, 25,    40,    57, 0.8175, 0.6589
M5,26/07/23,13:15:22,    10,  7479,   450,  994.3, 300,24.9,28.1, 0.0,  0, 0.0000,     0,23.3,25.8,37.7, 25,    41,    58, 0.8225, 0.6540
M5,26/07/23,13:15:23,    10,  7480,   450,  994.3, 300,24.9,28.1, 0.0,  0, 0.0000,     0,23.3,25.8,37.7, 25,    41,    59, 0.8263, 0.6521
M5,26/07/23,13:15:24,    10,  7481,   451,  994.3, 300,24.9,28.1, 0.0,  0, 0.0000,     0,23.3,25.8,37.7, 25,    42,    60, 0.8297, 0.6521
R5,26/07/23,13:15:24,    10,  7481,   451,  994.3, 300,24.9,28.1, 0.0,  0, 0.0000,     0,23.3,25.8,37.7, 25,    42,    60, 0.8297, 0.6521
End
Start
M5,26/07/23,13:17:47,    11,  7623,   418,  994.2, 300,23.9,27.8, 0.0,  0, 0.0000,     0,23.0,24.5,35.5, 20,     0,     1, 0.0000, 0.0000
M5,26/07/23,13:17:48,    11,  7624,   418,  994.2, 300,23.9,27.8, 0.0,  0, 0.0000,     0,23.0,24.6,35.5, 20,     1,     2, 0.0000, 0.0000
M5,26/07/23,13:17:49,    11,  7625,   418,  994.2, 300,23.9,27.8, 0.0,  0, 0.0000,     0,23.0,24.6,35.5, 20,     1,     3, 0.0000, 0.0000
M5,26/07/23,13:17:50,    11,  7626,   418,  994.2, 300,23.9,27.8, 0.0,  0, 0.0000,     0,23.0,24.6,35.5, 20,     1,     4, 0.0000, 0.0000
M5,26/07/23,13:17:51,    11,  7627,   419,  994.2, 300,23.9,27.8, 0.0,  0, 0.0000,     0,23.0,24.6,35.5, 20,     2,     5, 0.0000, 0.0000
M5,26/07/23,13:17:52,    11,  7628,   419,  994.2, 300,23.9,27.8, 0.0,  0, 0.0000,     0,23.0,24.6,35.5, 20,     2,     6, 0.0000, 0.0000
M5,26/07/23,13:17:53,    11,  7629,   419,  994.2, 300,23.9,27.8, 0.0,  0, 0.0000,     0,23.0,24.6,35.5, 20,     2,     7, 0.0000, 0.0000
M5,26/07/23,13:17:54,    11,  7630,   420,  994.2, 300,23.9,27.8, 0.0,  0, 0.0000,     0,23.0,24.7,35.5, 20,     3,     8, 0.0000, 0.0000
M5,26/07/23,13:17:55,    11,  7631,   421,  994.2, 300,23.9,27.8, 0.0,  0, 0.0000,     0,23.0,24.7,35.5, 20,     3,     9, 0.0000, 0.0000
M5,26/07/23,13:17:56,    11,  7632,   421,  994.2, 300,23.9,27.8, 0.0,  0, 0.0000,     0,23.0,24.7,35.5, 25,     4,    10, 0.0000, 0.0000
M5,26/07/23,13:17:57,    11,  7633,   421,  994.2, 300,23.9,27.8, 0.0,  0, 0.0000,     0,23.0,24.7,35.5, 25,     4,    11, 0.0000, 0.0000
M5,26/07/23,13:17:58,    11,  7634,   422,  994.2, 300,23.9,27.8, 0.0,  0, 0.0000,     0,23.0,24.7,35.5, 25,     5,    12, 0.0000, 0.0000
M5,26/07/23,13:17:59,    11,  7635,   422,  994.2, 300,23.9,27.8, 0.0,  0, 0.0000,     0,23.0,24.7,35.5, 25,     5,    13, 0.5383, 0.3904
M5,26/07/23,13:18:00,    11,  7636,   423,  994.2, 300,23.9,27.8, 0.0,  0, 0.0000,     0,23.0,24.8,35.5, 25,     6,    14, 0.5596, 0.4499
M5,26/07/23,13:18:01,    11,  7637,   423,  994.2, 300,23.9,27.8, 0.0,  0, 0.0000,     0,23.0,24.8,35.5, 25,     6,    15, 0.5710, 0.4812
M5,26/07/23,13:18:02,    11,  7638,   424,  994.2, 300,24.0,27.8, 0.0,  0, 0.0000,     0,23.0,24.8,35.5, 25,     7,    16, 0.5794, 0.5083
M5,26/07/23,13:18:03,    11,  7639,   424,  994.2, 300,24.0,27.8, 0.0,  0, 0.0000,     0,23.0,24.8,35.5, 25,     7,    17, 0.5995, 0.4851
M5,26/07/23,13:18:04,    11,  7640,   425,  994.2, 300,24.0,27.8, 0.0,  0, 0.0000,     0,23.0,24.8,35.5, 25,     8,    18, 0.5953, 0.5388
M5,26/07/23,13:18:05,    11,  7641,   425,  994.2, 300,24.0,27.8, 0.0,  0, 0.0000,     0,23.0,24.8,35.5, 25,     8,    19, 0.5821, 0.5929
M5,26/07/23,13:18:06,    11,  7642,   426,  994.2, 300,24.0,27.8, 0.0,  0, 0.0000,     0,23.0,24.8,35.5, 25,     9,    20, 0.5754, 0.6071
M5,26/07/23,13:18:07,    11,  7643,   426,  994.2, 300,24.0,27.8, 0.0,  0, 0.0000,     0,23.0,24.8,35.5, 25,     9,    21, 0.5733, 0.6069
M5,26/07/23,13:18:08,    11,  7644,   427,  994.2, 300,24.0,27.8, 0.0,  0, 0.0000,     0,23.0,24.8,35.5, 25,    10,    22, 0.5721, 0.6003
M5,26/07/23,13:18:09,    11,  7645,   427,  994.2, 300,24.0,27.8, 0.0,  0, 0.0000,     0,23.0,24.8,35.5, 25,    10,    23, 0.5668, 0.6117
M5,26/07/23,13:18:10,    11,  7646,   427,  994.2, 300,24.0,27.8, 0.0,  0, 0.0000,     0,23.0,24.9,35.5, 25,    10,    24, 0.5634, 0.6101
M5,26/07/23,13:18:11,    11,  7647,   428,  994.2, 300,24.0,27.8, 0.0,  0, 0.0000,     0,23.0,24.9,35.5, 25,    11,    25, 0.5671, 0.5903
M5,26/07/23,13:18:12,    11,  7648,   429,  994.2, 300,24.0,27.8, 0.0,  0, 0.0000,     0,23.0,24.9,35.5, 25,    12,    26, 0.5695, 0.5762
M5,26/07/23,13:18:13,    11,  7649,   429,  994.2, 300,24.0,27.8, 0.0,  0, 0.0000,     0,23.0,24.9,35.5, 25,    12,    27, 0.5715, 0.5674
M5,26/07/23,13:18:14,    11,  7650,   430,  994.2, 300,24.1,27.8, 0.0,  0, 0.0000,     0,23.0,24.9,35.5, 25,    13,    28, 0.5738, 0.5620
M5,26/07/23,13:18:15,    11,  7651,   430,  994.2, 300,24.1,27.8, 0.0,  0, 0.0000,     0,23.0,24.9,35.5, 25,    13,    29, 0.5726, 0.5673
M5,26/07/23,13:18:16,    11,  7652,   430,  994.2, 300,24.1,27.8, 0.0,  0, 0.0000,     0,23.0,24.9,35.5, 25,    13,    30, 0.5696, 0.5782
M5,26/07/23,13:18:17,    11,  7653,   431,  994.2, 300,24.1,27.8, 0.0,  0, 0.0000,     0,23.0,24.9,35.5, 25,    14,    31, 0.5675, 0.5829
M5,26/07/23,13:18:18,    11,  7654,   431,  994.2, 300,24.1,27.8, 0.0,  0, 0.0000,     0,23.0,24.9,35.5, 25,    14,    32, 0.5669, 0.5840
M5,26/07/23,13:18:19,    11,  7655,   432,  994.2, 300,24.1,27.8, 0.0,  0, 0.0000,     0,23.0,24.9,35.5, 25,    15,    33, 0.5663, 0.5825
M5,26/07/23,13:18:20,    11,  7656,   432,  994.2, 300,24.1,27.8, 0.0,  0, 0.0000,     0,23.0,24.9,35.5, 25,    15,    34, 0.5680, 0.5737
M5,26/07/23,13:18:21,    11,  7657,   433,  994.2, 300,24.1,27.8, 0.0,  0, 0.0000,     0,23.0,24.9,35.5, 25,    16,    35, 0.5702, 0.5675
M5,26/07/23,13:18:22,    11,  7658,   433,  994.2, 300,24.1,27.8, 0.0,  0, 0.0000,     0,23.0,24.9,35.5, 25,    16,    36, 0.5717, 0.5621
M5,26/07/23,13:18:23,    11,  7659,   434,  994.2, 300,24.1,27.8, 0.0,  0, 0.0000,     0,23.0,24.9,35.5, 25,    17,    37, 0.5746, 0.5530
M5,26/07/23,13:18:24,    11,  7660,   435,  994.2, 300,24.1,27.8, 0.0,  0, 0.0000,     0,23.0,24.9,35.5, 25,    17,    38, 0.5767, 0.5478
M5,26/07/23,13:18:25,    11,  7661,   435,  994.2, 300,24.1,27.7, 0.0,  0, 0.0000,     0,23.0,24.9,35.5, 25,    18,    39, 0.5774, 0.5490
M5,26/07/23,13:18:26,    11,  7662,   436,  994.2, 300,24.1,27.7, 0.0,  0, 0.0000,     0,23.0,24.9,35.5, 25,    18,    40, 0.5792, 0.5455
M5,26/07/23,13:18:27,    11,  7663,   436,  994.2, 300,24.1,27.7, 0.0,  0, 0.0000,     0,23.0,25.0,35.5, 25,    19,    41, 0.5808, 0.5434
M5,26/07/23,13:18:28,    11,  7664,   437,  994.2, 300,24.1,27.7, 0.0,  0, 0.0000,     0,23.0,25.0,35.5, 25,    20,    42, 0.5833, 0.5383
M5,26/07/23,13:18:29,    11,  7665,   437,  994.2, 300,24.1,27.7, 0.0,  0, 0.0000,     0,23.0,25.0,35.5, 25,    20,    43, 0.5864, 0.5315
M5,26/07/23,13:18:30,    11,  7666,   438,  994.2, 300,24.2,27.7, 0.0,  0, 0.0000,     0,23.0,25.0,35.5, 25,    21,    44, 0.5905, 0.5243
M5,26/07/23,13:18:31,    11,  7667,   439,  994.2, 300,24.2,27.7, 0.0,  0, 0.0000,     0,23.0,25.0,35.5, 25,    22,    45, 0.5945, 0.5163
M5,26/07/23,13:18:32,    11,  7668,   439,  994.2, 300,24.2,27.7, 0.0,  0, 0.0000,     0,23.0,25.0,35.5, 25,    22,    46, 0.5963, 0.5178
M5,26/07/23,13:18:33,    11,  7669,   440,  994.2, 300,24.2,27.7, 0.0,  0, 0.0000,     0,23.0,25.0,35.5, 25,    22,    47, 0.5986, 0.5170
M5,26/07/23,13:18:34,    11,  7670,   440,  994.2, 300,24.2,27.7, 0.0,  0, 0.0000,     0,23.0,25.0,35.5, 25,    23,    48, 0.6018, 0.5152
M5,26/07/23,13:18:35,    11,  7671,   441,  994.2, 300,24.2,27.7, 0.0,  0, 0.0000,     0,23.0,25.0,35.5, 25,    24,    49, 0.6041, 0.5145
M5,26/07/23,13:18:36,    11,  7672,   441,  994.2, 300,24.2,27.7, 0.0,  0, 0.0000,     0,23.0,25.0,35.5, 25,    24,    50, 0.6054, 0.5177
M5,26/07/23,13:18:37,    11,  7673,   442,  994.2, 300,24.2,27.7, 0.0,  0, 0.0000,     0,23.0,25.0,35.5, 25,    24,    51, 0.6066, 0.5214
M5,26/07/23,13:18:38,    11,  7674,   442,  994.2, 300,24.2,27.7, 0.0,  0, 0.0000,     0,23.0,25.0,35.5, 25,    25,    52, 0.6081, 0.5228
M5,26/07/23,13:18:39,    11,  7675,   443,  994.2, 300,24.3,27.7, 0.0,  0, 0.0000,     0,23.0,25.0,35.5, 25,    26,    53, 0.6099, 0.5253
M5,26/07/23,13:18:40,    11,  7676,   443,  994.2, 300,24.3,27.7, 0.0,  0, 0.0000,     0,23.0,25.0,35.5, 25,    26,    54, 0.6111, 0.5279
M5,26/07/23,13:18:41,    11,  7677,   444,  994.2, 300,24.3,27.7, 0.0,  0, 0.0000,     0,23.0,25.0,35.5, 25,    27,    55, 0.6121, 0.5311
M5,26/07/23,13:18:42,    11,  7678,   444,  994.2, 300,24.3,27.7, 0.0,  0, 0.0000,     0,23.0,25.0,35.5, 25,    27,    56, 0.6135, 0.5324
M5,26/07/23,13:18:43,    11,  7679,   445,  994.2, 300,24.3,27.7, 0.0,  0, 0.0000,     0,23.0,25.0,35.5, 25,    28,    57, 0.6146, 0.5343
M5,26/07/23,13:18:44,    11,  7680,   445,  994.2, 300,24.3,27.7, 0.0,  0, 0.0000,     0,23.0,25.0,35.5, 25,    28,    58, 0.6153, 0.5390
M5,26/07/23,13:18:45,    11,  7681,   446,  994.2, 300,24.3,27.7, 0.0,  0, 0.0000,     0,23.0,25.0,35.5, 25,    28,    59, 0.6151, 0.5450
M5,26/07/23,13:18:46,    11,  7682,   446,  994.2, 300,24.3,27.7, 0.0,  0, 0.0000,     0,23.0,25.0,35.5, 25,    29,    60, 0.6149, 0.5504
R5,26/07/23,13:18:46,    11,  7682,   446,  994.2, 300,24.3,27.7, 0.0,  0, 0.0000,     0,23.0,25.0,35.5, 25,    29,    60, 0.6149, 0.5504
End
Start
M5,26/07/23,13:19:31,    11,  7727,   424,  994.2, 300,24.0,27.6, 0.0,  0, 0.0000,     0,22.8,24.4,35.5, 20,     1,     1, 0.0000, 0.0000
M5,26/07/23,13:19:32,    11,  7728,   425,  994.2, 300,24.0,27.6, 0.0,  0, 0.0000,     0,22.8,24.4,35.5, 20,     2,     2, 0.0000, 0.0000
M5,26/07/23,13:19:33,    11,  7729,   425,  994.2, 300,24.0,27.6, 0.0,  0, 0.0000,     0,22.8,24.4,35.5, 20,     2,     3, 0.0000, 0.0000
M5,26/07/23,13:19:34,    11,  7730,   426,  994.2, 300,24.0,27.6, 0.0,  0, 0.0000,     0,22.8,24.5,35.5, 20,     3,     4, 0.0000, 0.0000
M5,26/07/23,13:19:35,    11,  7731,   426,  994.2, 300,24.0,27.6, 0.0,  0, 0.0000,     0,22.8,24.5,35.5, 20,     3,     5, 0.0000, 0.0000
M5,26/07/23,13:19:36,    11,  7732,   427,  994.2, 300,24.0,27.6, 0.0,  0, 0.0000,     0,22.8,24.5,35.5, 20,     4,     6, 0.0000, 0.0000
M5,26/07/23,13:19:37,    11,  7733,   427,  994.2, 300,24.0,27.6, 0.0,  0, 0.0000,     0,22.8,24.5,35.5, 20,     4,     7, 0.0000, 0.0000
M5,26/07/23,13:19:38,    11,  7734,   428,  994.2, 300,24.0,27.6, 0.0,  0, 0.0000,     0,22.8,24.5,35.5, 20,     5,     8, 0.0000, 0.0000
M5,26/07/23,13:19:39,    11,  7735,   428,  994.2, 300,24.0,27.6, 0.0,  0, 0.0000,     0,22.8,24.5,35.5, 20,     5,     9, 0.0000, 0.0000
M5,26/07/23,13:19:40,    11,  7736,   429,  994.2, 300,24.0,27.6, 0.0,  0, 0.0000,     0,22.8,24.5,35.5, 25,     5,    10, 0.0000, 0.0000
M5,26/07/23,13:19:41,    11,  7737,   429,  994.2, 300,24.0,27.6, 0.0,  0, 0.0000,     0,22.8,24.6,35.5, 25,     6,    11, 0.0000, 0.0000
M5,26/07/23,13:19:42,    11,  7738,   429,  994.2, 300,24.0,27.6, 0.0,  0, 0.0000,     0,22.8,24.6,35.5, 25,     6,    12, 0.0000, 0.0000
M5,26/07/23,13:19:43,    11,  7739,   430,  994.2, 300,24.0,27.6, 0.0, 21, 0.0000,     0,22.8,24.6,35.5, 25,     6,    13, 0.3802, 0.2309
M5,26/07/23,13:19:44,    11,  7740,   430,  994.2, 300,24.0,27.6, 0.0, 21, 0.0000,     0,22.8,24.6,35.5, 25,     7,    14, 0.4018, 0.2807
M5,26/07/23,13:19:45,    11,  7741,   430,  994.2, 300,24.0,27.6, 0.0,  0, 0.0000,     0,22.8,24.6,35.5, 25,     7,    15, 0.4074, 0.3314
M5,26/07/23,13:19:46,    11,  7742,   431,  994.2, 300,24.0,27.6, 0.0,  0, 0.0000,     0,22.8,24.6,35.5, 25,     7,    16, 0.4318, 0.3162
M5,26/07/23,13:19:47,    11,  7743,   431,  994.2, 300,24.0,27.6, 0.0, 21, 0.0000,     0,22.8,24.6,35.5, 25,     8,    17, 0.4712, 0.2639
M5,26/07/23,13:19:48,    11,  7744,   432,  994.2, 300,24.0,27.5, 0.0, 21, 0.0000,     0,22.8,24.6,35.5, 25,     8,    18, 0.4843, 0.3044
M5,26/07/23,13:19:49,    11,  7745,   432,  994.2, 300,24.0,27.5, 0.0, 21, 0.0000,     0,22.8,24.6,35.5, 25,     9,    19, 0.5082, 0.2994
M5,26/07/23,13:19:50,    11,  7746,   433,  994.2, 300,24.1,27.6, 0.0, 21, 0.0000,     0,22.8,24.7,35.5, 25,    10,    20, 0.5272, 0.3178
M5,26/07/23,13:19:51,    11,  7747,   433,  994.2, 300,24.1,27.6, 0.0, 21, 0.0000,     0,22.8,24.7,35.5, 25,    10,    21, 0.5315, 0.3651
M5,26/07/23,13:19:52,    11,  7748,   434,  994.2, 300,24.1,27.6, 0.0,  0, 0.0000,     0,22.8,24.7,35.5, 25,    10,    22, 0.5363, 0.3948
M5,26/07/23,13:19:53,    11,  7749,   434,  994.2, 300,24.1,27.5, 0.0,  0, 0.0000,     0,22.8,24.7,35.5, 25,    11,    23, 0.5404, 0.4145
M5,26/07/23,13:19:54,    11,  7750,   435,  994.2, 300,24.1,27.5, 0.0,  0, 0.0000,     0,22.8,24.7,35.5, 25,    11,    24, 0.5400, 0.4452
M5,26/07/23,13:19:55,    11,  7751,   435,  994.2, 300,24.1,27.5, 0.0,  0, 0.0000,     0,22.8,24.7,35.5, 25,    12,    25, 0.5383, 0.4784
M5,26/07/23,13:19:56,    11,  7752,   435,  994.2, 300,24.1,27.5, 0.0,  0, 0.0000,     0,22.8,24.7,35.5, 25,    12,    26, 0.5334, 0.5059
M5,26/07/23,13:19:57,    11,  7753,   436,  994.2, 300,24.1,27.5, 0.0,  0, 0.0000,     0,22.8,24.7,35.5, 25,    12,    27, 0.5279, 0.5295
M5,26/07/23,13:19:58,    11,  7754,   436,  994.2, 300,24.1,27.5, 0.0,  0, 0.0000,     0,22.8,24.7,35.5, 25,    13,    28, 0.5280, 0.5279
M5,26/07/23,13:19:59,    11,  7755,   437,  994.2, 300,24.1,27.5, 0.0,  0, 0.0000,     0,22.8,24.7,35.5, 25,    13,    29, 0.5293, 0.5237
M5,26/07/23,13:20:00,    11,  7756,   437,  994.2, 300,24.1,27.5, 0.0,  0, 0.0000,     0,22.8,24.7,35.5, 25,    14,    30, 0.5311, 0.5181
M5,26/07/23,13:20:01,    11,  7757,   438,  994.2, 300,24.1,27.5, 0.0,  0, 0.0000,     0,22.8,24.7,35.5, 25,    14,    31, 0.5330, 0.5130
M5,26/07/23,13:20:02,    11,  7758,   438,  994.2, 300,24.1,27.5, 0.0,  0, 0.0000,     0,22.8,24.8,35.5, 25,    15,    32, 0.5352, 0.5080
M5,26/07/23,13:20:03,    11,  7759,   439,  994.2, 300,24.1,27.5, 0.0,  0, 0.0000,     0,22.8,24.8,35.5, 25,    15,    33, 0.5375, 0.5036
M5,26/07/23,13:20:04,    11,  7760,   439,  994.2, 300,24.2,27.5, 0.0,  0, 0.0000,     0,22.8,24.8,35.5, 25,    16,    34, 0.5385, 0.5082
M5,26/07/23,13:20:06,    11,  7761,   440,  994.2, 300,24.2,27.5, 0.0,  0, 0.0000,     0,22.8,24.8,35.5, 25,    16,    35, 0.5391, 0.5096
M5,26/07/23,13:20:07,    11,  7762,   440,  994.2, 300,24.2,27.5, 0.0,  0, 0.0000,     0,22.8,24.8,35.5, 25,    17,    36, 0.5420, 0.5043
M5,26/07/23,13:20:08,    11,  7763,   441,  994.2, 300,24.2,27.5, 0.0,  0, 0.0000,     0,22.8,24.8,35.5, 25,    18,    37, 0.5474, 0.4896
M5,26/07/23,13:20:09,    11,  7764,   441,  994.2, 300,24.2,27.5, 0.0,  0, 0.0000,     0,22.8,24.8,35.5, 25,    18,    38, 0.5508, 0.4847
M5,26/07/23,13:20:10,    11,  7765,   442,  994.3, 300,24.2,27.5, 0.0,  0, 0.0000,     0,22.8,24.8,35.5, 25,    18,    39, 0.5530, 0.4868
M5,26/07/23,13:20:11,    11,  7766,   442,  994.3, 300,24.2,27.5, 0.0,  0, 0.0000,     0,22.8,24.8,35.5, 25,    19,    40, 0.5535, 0.4927
M5,26/07/23,13:20:12,    11,  7767,   442,  994.3, 300,24.2,27.5, 0.0,  0, 0.0000,     0,22.8,24.8,35.5, 25,    19,    41, 0.5529, 0.5009
M5,26/07/23,13:20:13,    11,  7768,   443,  994.3, 300,24.2,27.5, 0.0,  0, 0.0000,     0,22.8,24.8,35.5, 25,    20,    42, 0.5528, 0.5069
M5,26/07/23,13:20:14,    11,  7769,   444,  994.3, 300,24.2,27.5, 0.0,  0, 0.0000,     0,22.8,24.8,35.5, 25,    20,    43, 0.5543, 0.5078
M5,26/07/23,13:20:15,    11,  7770,   444,  994.3, 300,24.2,27.5, 0.0,  0, 0.0000,     0,22.8,24.8,35.5, 25,    21,    44, 0.5555, 0.5081
M5,26/07/23,13:20:16,    11,  7771,   444,  994.2, 300,24.2,27.5, 0.0,  0, 0.0000,     0,22.8,24.8,35.5, 25,    21,    45, 0.5558, 0.5114
M5,26/07/23,13:20:17,    11,  7772,   445,  994.2, 300,24.2,27.5, 0.0,  0, 0.0000,     0,22.8,24.8,35.5, 25,    22,    46, 0.5565, 0.5138
M5,26/07/23,13:20:18,    11,  7773,   445,  994.2, 300,24.2,27.5, 0.0,  0, 0.0000,     0,22.8,24.8,35.5, 25,    22,    47, 0.5571, 0.5154
M5,26/07/23,13:20:19,    11,  7774,   446,  994.2, 300,24.2,27.5, 0.0,  0, 0.0000,     0,22.8,24.8,35.5, 25,    22,    48, 0.5564, 0.5223
M5,26/07/23,13:20:20,    11,  7775,   446,  994.2, 300,24.2,27.5, 0.0,  0, 0.0000,     0,22.8,24.8,35.5, 25,    23,    49, 0.5551, 0.5299
M5,26/07/23,13:20:21,    11,  7776,   446,  994.2, 300,24.2,27.5, 0.0,  0, 0.0000,     0,22.8,24.8,35.5, 25,    23,    50, 0.5543, 0.5354
M5,26/07/23,13:20:22,    11,  7777,   447,  994.2, 300,24.2,27.5, 0.0,  0, 0.0000,     0,22.8,24.8,35.5, 25,    24,    51, 0.5536, 0.5391
M5,26/07/23,13:20:23,    11,  7778,   447,  994.2, 300,24.2,27.5, 0.0,  0, 0.0000,     0,22.8,24.8,35.5, 25,    24,    52, 0.5535, 0.5419
M5,26/07/23,13:20:24,    11,  7779,   448,  994.2, 300,24.2,27.5, 0.0,  0, 0.0000,     0,22.8,24.8,35.5, 25,    24,    53, 0.5527, 0.5455
M5,26/07/23,13:20:25,    11,  7780,   448,  994.2, 300,24.2,27.5, 0.0,  0, 0.0000,     0,22.8,24.8,35.5, 25,    25,    54, 0.5515, 0.5503
M5,26/07/23,13:20:26,    11,  7781,   448,  994.2, 300,24.3,27.5, 0.0,  0, 0.0000,     0,22.8,24.8,35.5, 25,    25,    55, 0.5496, 0.5577
M5,26/07/23,13:20:27,    11,  7782,   449,  994.2, 300,24.3,27.5, 0.0,  0, 0.0000,     0,22.8,24.8,35.5, 25,    25,    56, 0.5474, 0.5647
M5,26/07/23,13:20:28,    11,  7783,   449,  994.2, 300,24.3,27.4, 0.0,  0, 0.0000,     0,22.8,24.8,35.5, 25,    26,    57, 0.5451, 0.5714
M5,26/07/23,13:20:29,    11,  7784,   449,  994.2, 300,24.3,27.4, 0.0,  0, 0.0000,     0,22.8,24.8,35.5, 25,    26,    58, 0.5427, 0.5778
M5,26/07/23,13:20:30,    11,  7785,   449,  994.2, 300,24.3,27.5, 0.0,  0, 0.0000,     0,22.8,24.8,35.5, 25,    26,    59, 0.5402, 0.5858
M5,26/07/23,13:20:31,    11,  7786,   450,  994.2, 300,24.3,27.5, 0.0,  0, 0.0000,     0,22.8,24.9,35.5, 25,    26,    60, 0.5369, 0.5944
R5,26/07/23,13:20:31,    11,  7786,   450,  994.2, 300,24.3,27.5, 0.0,  0, 0.0000,     0,22.8,24.9,35.5, 25,    26,    60, 0.5369, 0.5944
End
Start
M5,26/07/23,13:21:14,    11,  7829,   419,  994.3, 300,23.8,27.4, 0.0,  0, 0.0000,     0,22.8,24.2,35.5, 20,     1,     1, 0.0000, 0.0000
M5,26/07/23,13:21:15,    11,  7830,   420,  994.3, 300,23.8,27.4, 0.0,  0, 0.0000,     0,22.8,24.2,35.5, 20,     1,     2, 0.0000, 0.0000
M5,26/07/23,13:21:16,    11,  7831,   421,  994.3, 300,23.8,27.4, 0.0,  0, 0.0000,     0,22.8,24.2,35.5, 20,     2,     3, 0.0000, 0.0000
M5,26/07/23,13:21:17,    11,  7832,   421,  994.3, 300,23.8,27.4, 0.0,  0, 0.0000,     0,22.8,24.3,35.5, 20,     2,     4, 0.0000, 0.0000
M5,26/07/23,13:21:18,    11,  7833,   422,  994.3, 300,23.8,27.4, 0.0,  0, 0.0000,     0,22.8,24.3,35.5, 20,     3,     5, 0.0000, 0.0000
M5,26/07/23,13:21:19,    11,  7834,   422,  994.3, 300,23.8,27.3, 0.0,  0, 0.0000,     0,22.8,24.3,35.5, 20,     3,     6, 0.0000, 0.0000
M5,26/07/23,13:21:20,    11,  7835,   423,  994.3, 300,23.8,27.3, 0.0,  0, 0.0000,     0,22.8,24.3,35.5, 20,     4,     7, 0.0000, 0.0000
M5,26/07/23,13:21:21,    11,  7836,   423,  994.3, 300,23.9,27.3, 0.0,  0, 0.0000,     0,22.8,24.3,35.5, 20,     5,     8, 0.0000, 0.0000
M5,26/07/23,13:21:22,    11,  7837,   424,  994.3, 300,23.9,27.3, 0.0,  0, 0.0000,     0,22.8,24.3,35.5, 20,     5,     9, 0.0000, 0.0000
M5,26/07/23,13:21:23,    11,  7838,   424,  994.3, 300,23.9,27.3, 0.0,  0, 0.0000,     0,22.8,24.4,35.5, 25,     6,    10, 0.0000, 0.0000
M5,26/07/23,13:21:24,    11,  7839,   425,  994.3, 300,23.9,27.3, 0.0,  0, 0.0000,     0,22.8,24.4,35.5, 25,     6,    11, 0.0000, 0.0000
M5,26/07/23,13:21:25,    11,  7840,   425,  994.3, 300,23.9,27.3, 0.0,  0, 0.0000,     0,22.8,24.4,35.5, 25,     7,    12, 0.0000, 0.0000
M5,26/07/23,13:21:26,    11,  7841,   426,  994.3, 300,23.9,27.3, 0.0,  0, 0.0000,     0,22.8,24.4,35.5, 25,     7,    13, 0.6004, 0.6092
M5,26/07/23,13:21:27,    11,  7842,   426,  994.3, 300,23.9,27.3, 0.0,  0, 0.0000,     0,22.8,24.4,35.5, 25,     8,    14, 0.5978, 0.6070
M5,26/07/23,13:21:28,    11,  7843,   427,  994.3, 300,23.9,27.3, 0.0,  0, 0.0000,     0,22.8,24.4,35.5, 25,     8,    15, 0.6269, 0.5456
M5,26/07/23,13:21:29,    11,  7844,   427,  994.3, 300,23.9,27.3, 0.0,  0, 0.0000,     0,22.8,24.4,35.5, 25,     9,    16, 0.6118, 0.6171
M5,26/07/23,13:21:30,    11,  7845,   428,  994.3, 300,23.9,27.3, 0.0,  0, 0.0000,     0,22.8,24.5,35.5, 25,     9,    17, 0.5903, 0.6768
M5,26/07/23,13:21:31,    11,  7846,   428,  994.3, 300,23.9,27.3, 0.0,  0, 0.0000,     0,22.8,24.5,35.5, 25,     9,    18, 0.5659, 0.7060
M5,26/07/23,13:21:32,    11,  7847,   428,  994.3, 300,23.9,27.3, 0.0,  0, 0.0000,     0,22.8,24.5,35.5, 25,    10,    19, 0.5554, 0.6859
M5,26/07/23,13:21:33,    11,  7848,   429,  994.3, 300,23.9,27.3, 0.0,  0, 0.0000,     0,22.8,24.5,35.5, 25,    10,    20, 0.5514, 0.6544
M5,26/07/23,13:21:34,    11,  7849,   430,  994.3, 300,23.9,27.3, 0.0,  0, 0.0000,     0,22.8,24.5,35.5, 25,    11,    21, 0.5584, 0.6022
M5,26/07/23,13:21:35,    11,  7850,   430,  994.3, 300,24.0,27.3, 0.0,  0, 0.0000,     0,22.8,24.5,35.5, 25,    11,    22, 0.5588, 0.5937
M5,26/07/23,13:21:36,    11,  7851,   430,  994.3, 300,24.0,27.3, 0.0,  0, 0.0000,     0,22.8,24.5,35.5, 25,    12,    23, 0.5535, 0.5996
M5,26/07/23,13:21:37,    11,  7852,   431,  994.3, 300,24.0,27.3, 0.0,  0, 0.0000,     0,22.8,24.5,35.5, 25,    12,    24, 0.5470, 0.6110
M5,26/07/23,13:21:38,    11,  7853,   431,  994.3, 300,24.0,27.3, 0.0,  0, 0.0000,     0,22.8,24.5,35.5, 25,    12,    25, 0.5434, 0.6064
M5,26/07/23,13:21:39,    11,  7854,   432,  994.3, 300,24.0,27.3, 0.0,  0, 0.0000,     0,22.8,24.5,35.5, 25,    13,    26, 0.5423, 0.5965
M5,26/07/23,13:21:40,    11,  7855,   432,  994.3, 300,24.0,27.3, 0.0,  0, 0.0000,     0,22.8,24.5,35.5, 25,    13,    27, 0.5388, 0.5958
M5,26/07/23,13:21:41,    11,  7856,   432,  994.3, 300,24.0,27.3, 0.0,  0, 0.0000,     0,22.8,24.6,35.5, 25,    14,    28, 0.5372, 0.5889
M5,26/07/23,13:21:42,    11,  7857,   433,  994.3, 300,24.0,27.3, 0.0,  0, 0.0000,     0,22.8,24.6,35.5, 25,    14,    29, 0.5372, 0.5796
M5,26/07/23,13:21:43,    11,  7858,   433,  994.3, 300,24.0,27.3, 0.0,  0, 0.0000,     0,22.8,24.6,35.5, 25,    15,    30, 0.5351, 0.5780
M5,26/07/23,13:21:44,    11,  7859,   434,  994.3, 300,24.1,27.3, 0.0,  0, 0.0000,     0,22.8,24.6,35.5, 25,    15,    31, 0.5332, 0.5817
M5,26/07/23,13:21:45,    11,  7860,   434,  994.3, 300,24.1,27.3, 0.0,  0, 0.0000,     0,22.8,24.6,35.5, 25,    15,    32, 0.5288, 0.5880
M5,26/07/23,13:21:46,    11,  7861,   434,  994.3, 300,24.1,27.3, 0.0,  0, 0.0000,     0,22.8,24.6,35.5, 25,    16,    33, 0.5259, 0.5872
M5,26/07/23,13:21:47,    11,  7862,   435,  994.3, 300,24.1,27.3, 0.0,  0, 0.0000,     0,22.6,24.6,35.5, 25,    16,    34, 0.5245, 0.5822
M5,26/07/23,13:21:48,    11,  7863,   435,  994.3, 300,24.1,27.3, 0.0,  0, 0.0000,     0,22.6,24.6,35.5, 25,    17,    35, 0.5240, 0.5749
M5,26/07/23,13:21:49,    11,  7864,   436,  994.3, 300,24.1,27.3, 0.0,  0, 0.0000,     0,22.6,24.6,35.5, 25,    17,    36, 0.5246, 0.5668
M5,26/07/23,13:21:50,    11,  7865,   436,  994.3, 300,24.1,27.3, 0.0,  0, 0.0000,     0,22.6,24.6,35.5, 25,    18,    37, 0.5253, 0.5580
M5,26/07/23,13:21:51,    11,  7866,   437,  994.3, 300,24.1,27.3, 0.0,  0, 0.0000,     0,22.6,24.6,35.5, 25,    18,    38, 0.5253, 0.5548
M5,26/07/23,13:21:52,    11,  7867,   437,  994.3, 300,24.1,27.3, 0.0,  0, 0.0000,     0,22.6,24.6,35.5, 25,    18,    39, 0.5242, 0.5544
M5,26/07/23,13:21:53,    11,  7868,   438,  994.3, 300,24.1,27.3, 0.0,  0, 0.0000,     0,22.8,24.6,35.5, 25,    19,    40, 0.5248, 0.5474
M5,26/07/23,13:21:54,    11,  7869,   438,  994.3, 300,24.1,27.3, 0.0,  0, 0.0000,     0,22.8,24.6,35.5, 25,    19,    41, 0.5259, 0.5404
M5,26/07/23,13:21:55,    11,  7870,   439,  994.3, 300,24.1,27.3, 0.0,  0, 0.0000,     0,22.8,24.6,35.5, 25,    20,    42, 0.5266, 0.5380
M5,26/07/23,13:21:56,    11,  7871,   439,  994.3, 300,24.1,27.3, 0.0,  0, 0.0000,     0,22.8,24.6,35.5, 25,    20,    43, 0.5241, 0.5450
M5,26/07/23,13:21:57,    11,  7872,   439,  994.3, 300,24.1,27.3, 0.0,  0, 0.0000,     0,22.8,24.6,35.5, 25,    20,    44, 0.5214, 0.5518
M5,26/07/23,13:21:58,    11,  7873,   440,  994.3, 300,24.2,27.3, 0.0,  0, 0.0000,     0,22.6,24.6,35.5, 25,    21,    45, 0.5216, 0.5488
M5,26/07/23,13:21:59,    11,  7874,   440,  994.3, 300,24.2,27.3, 0.0,  0, 0.0000,     0,22.6,24.6,35.5, 25,    22,    46, 0.5227, 0.5415
M5,26/07/23,13:22:00,    11,  7875,   441,  994.3, 300,24.2,27.3, 0.0,  0, 0.0000,     0,22.6,24.6,35.5, 25,    22,    47, 0.5242, 0.5346
M5,26/07/23,13:22:01,    11,  7876,   441,  994.3, 300,24.2,27.3, 0.0,  0, 0.0000,     0,22.6,24.6,35.5, 25,    23,    48, 0.5255, 0.5283
M5,26/07/23,13:22:02,    11,  7877,   442,  994.3, 300,24.2,27.3, 0.0,  0, 0.0000,     0,22.6,24.6,35.5, 25,    23,    49, 0.5268, 0.5258
M5,26/07/23,13:22:03,    11,  7878,   442,  994.3, 300,24.2,27.3, 0.0,  0, 0.0000,     0,22.6,24.7,35.5, 25,    23,    50, 0.5276, 0.5223
M5,26/07/23,13:22:04,    11,  7879,   443,  994.3, 300,24.2,27.3, 0.0,  0, 0.0000,     0,22.6,24.7,35.5, 25,    24,    51, 0.5286, 0.5187
M5,26/07/23,13:22:05,    11,  7880,   443,  994.3, 300,24.2,27.3, 0.0,  0, 0.0000,     0,22.6,24.7,35.5, 25,    24,    52, 0.5287, 0.5177
M5,26/07/23,13:22:06,    11,  7881,   443,  994.3, 300,24.2,27.3, 0.0,  0, 0.0000,     0,22.6,24.7,35.5, 25,    25,    53, 0.5286, 0.5186
M5,26/07/23,13:22:07,    11,  7882,   444,  994.3, 300,24.2,27.3, 0.0,  0, 0.0000,     0,22.6,24.7,35.5, 25,    25,    54, 0.5290, 0.5188
M5,26/07/23,13:22:08,    11,  7883,   444,  994.3, 300,24.2,27.3, 0.0,  0, 0.0000,     0,22.6,24.7,35.5, 25,    26,    55, 0.5299, 0.5160
M5,26/07/23,13:22:09,    11,  7884,   445,  994.3, 300,24.2,27.3, 0.0,  0, 0.0000,     0,22.6,24.7,35.5, 25,    26,    56, 0.5311, 0.5134
M5,26/07/23,13:22:10,    11,  7885,   445,  994.3, 300,24.2,27.3, 0.0,  0, 0.0000,     0,22.6,24.7,35.5, 25,    27,    57, 0.5321, 0.5106
M5,26/07/23,13:22:11,    11,  7886,   446,  994.3, 300,24.2,27.3, 0.0,  0, 0.0000,     0,22.6,24.7,35.5, 25,    27,    58, 0.5332, 0.5079
M5,26/07/23,13:22:12,    11,  7887,   447,  994.3, 300,24.2,27.2, 0.0,  0, 0.0000,     0,22.6,24.7,35.5, 25,    28,    59, 0.5349, 0.5036
M5,26/07/23,13:22:13,    11,  7888,   447,  994.3, 300,24.2,27.2, 0.0,  0, 0.0000,     0,22.6,24.7,35.5, 25,    28,    60, 0.5364, 0.4998
R5,26/07/23,13:22:13,    11,  7888,   447,  994.3, 300,24.2,27.2, 0.0,  0, 0.0000,     0,22.6,24.7,35.5, 25,    28,    60, 0.5364, 0.4998
End
Start
M5,26/07/23,13:25:29,    12,  8083,   426,  994.2, 300,23.7,26.9, 0.0,  0, 0.0000,     0,22.4,24.0,29.3, 20,     1,     1, 0.0000, 0.0000
M5,26/07/23,13:25:30,    12,  8084,   428,  994.2, 300,23.7,26.9, 0.0,  0, 0.0000,     0,22.4,24.0,29.3, 20,     2,     2, 0.0000, 0.0000
M5,26/07/23,13:25:31,    12,  8085,   429,  994.2, 300,23.7,26.9, 0.0,  0, 0.0000,     0,22.4,24.0,29.3, 20,     3,     3, 0.0000, 0.0000
M5,26/07/23,13:25:32,    12,  8086,   429,  994.2, 300,23.7,26.9, 0.0,  0, 0.0000,     0,22.4,24.0,29.3, 20,     4,     4, 0.0000, 0.0000
M5,26/07/23,13:25:33,    12,  8087,   430,  994.2, 300,23.7,26.9, 0.0,  0, 0.0000,     0,22.4,24.1,29.3, 20,     5,     5, 0.0000, 0.0000
M5,26/07/23,13:25:34,    12,  8088,   431,  994.2, 300,23.7,26.9, 0.0,  0, 0.0000,     0,22.4,24.1,29.3, 20,     6,     6, 0.0000, 0.0000
M5,26/07/23,13:25:35,    12,  8089,   431,  994.2, 300,23.7,26.9, 0.0,  0, 0.0000,     0,22.4,24.1,29.3, 20,     6,     7, 0.0000, 0.0000
M5,26/07/23,13:25:36,    12,  8090,   432,  994.2, 300,23.7,26.9, 0.0,  0, 0.0000,     0,22.4,24.1,29.3, 20,     7,     8, 0.0000, 0.0000
M5,26/07/23,13:25:37,    12,  8091,   433,  994.2, 300,23.7,26.9, 0.0,  0, 0.0000,     0,22.4,24.1,29.3, 20,     8,     9, 0.0000, 0.0000
M5,26/07/23,13:25:38,    12,  8092,   434,  994.2, 300,23.7,26.9, 0.0,  0, 0.0000,     0,22.4,24.1,29.3, 25,     9,    10, 0.0000, 0.0000
M5,26/07/23,13:25:39,    12,  8093,   435,  994.2, 300,23.7,26.9, 0.0,  0, 0.0000,     0,22.4,24.2,29.3, 25,    10,    11, 0.0000, 0.0000
M5,26/07/23,13:25:40,    12,  8094,   436,  994.2, 300,23.7,26.9, 0.0,  0, 0.0000,     0,22.4,24.2,29.3, 25,    11,    12, 0.0000, 0.0000
M5,26/07/23,13:25:41,    12,  8095,   437,  994.2, 300,23.7,26.9, 0.0,  0, 0.0000,     0,22.4,24.2,29.3, 25,    12,    13, 1.1857, 1.6227
M5,26/07/23,13:25:42,    12,  8096,   437,  994.2, 300,23.8,26.9, 0.0,  0, 0.0000,     0,22.4,24.2,29.3, 25,    12,    14, 0.9989, 1.7195
M5,26/07/23,13:25:43,    12,  8097,   437,  994.2, 300,23.8,26.9, 0.0,  0, 0.0000,     0,22.4,24.2,29.3, 25,    12,    15, 0.8558, 1.6354
M5,26/07/23,13:25:44,    12,  8098,   438,  994.2, 300,23.8,26.9, 0.0,  0, 0.0000,     0,22.4,24.2,29.3, 25,    13,    16, 0.8411, 1.3115
M5,26/07/23,13:25:45,    12,  8099,   439,  994.2, 300,23.8,26.9, 0.0,  0, 0.0000,     0,22.4,24.2,29.3, 25,    14,    17, 0.8448, 1.1018
M5,26/07/23,13:25:46,    12,  8100,   440,  994.2, 300,23.8,26.9, 0.0,  0, 0.0000,     0,22.4,24.2,29.3, 25,    15,    18, 0.8678, 0.9487
M5,26/07/23,13:25:47,    12,  8101,   441,  994.2, 300,23.8,26.9, 0.0,  0, 0.0000,     0,22.4,24.3,29.3, 25,    16,    19, 0.8843, 0.8719
M5,26/07/23,13:25:48,    12,  8102,   442,  994.2, 300,23.8,26.9, 0.0,  0, 0.0000,     0,22.4,24.3,29.3, 25,    17,    20, 0.8798, 0.8856
M5,26/07/23,13:25:49,    12,  8103,   442,  994.2, 300,23.9,26.9, 0.0,  0, 0.0000,     0,22.4,24.3,29.3, 25,    17,    21, 0.8832, 0.8803
M5,26/07/23,13:25:50,    12,  8104,   443,  994.2, 300,23.9,26.9, 0.0,  0, 0.0000,     0,22.4,24.3,29.3, 25,    18,    22, 0.8869, 0.8670
M5,26/07/23,13:25:51,    12,  8105,   444,  994.2, 300,23.9,26.9, 0.0,  0, 0.0000,     0,22.4,24.3,29.3, 25,    19,    23, 0.8921, 0.8546
M5,26/07/23,13:25:52,    12,  8106,   445,  994.2, 300,23.9,26.9, 0.0,  0, 0.0000,     0,22.4,24.3,29.3, 25,    20,    24, 0.8975, 0.8445
M5,26/07/23,13:25:53,    12,  8107,   446,  994.2, 300,23.9,26.9, 0.0,  0, 0.0000,     0,22.4,24.3,29.3, 25,    21,    25, 0.8997, 0.8522
M5,26/07/23,13:25:55,    12,  8108,   446,  994.2, 300,23.9,26.9, 0.0,  0, 0.0000,     0,22.4,24.3,29.3, 25,    21,    26, 0.9020, 0.8530
M5,26/07/23,13:25:56,    12,  8109,   447,  994.3, 300,23.9,26.9, 0.0,  0, 0.0000,     0,22.4,24.3,29.3, 25,    22,    27, 0.9048, 0.8521
M5,26/07/23,13:25:57,    12,  8110,   448,  994.3, 300,24.0,26.9, 0.0,  0, 0.0000,     0,22.4,24.3,29.3, 25,    23,    28, 0.9121, 0.8409
M5,26/07/23,13:25:58,    12,  8111,   449,  994.3, 300,24.0,26.9, 0.0,  0, 0.0000,     0,22.4,24.3,29.3, 25,    24,    29, 0.9205, 0.8246
M5,26/07/23,13:25:59,    12,  8112,   450,  994.3, 300,24.0,26.9, 0.0,  0, 0.0000,     0,22.4,24.3,29.3, 25,    25,    30, 0.9251, 0.8253
M5,26/07/23,13:26:00,    12,  8113,   451,  994.3, 300,24.0,26.9, 0.0,  0, 0.0000,     0,22.4,24.3,29.3, 25,    26,    31, 0.9268, 0.8349
M5,26/07/23,13:26:01,    12,  8114,   451,  994.3, 300,24.0,26.9, 0.0,  0, 0.0000,     0,22.4,24.3,29.3, 25,    26,    32, 0.9277, 0.8503
M5,26/07/23,13:26:02,    12,  8115,   452,  994.3, 300,24.0,26.9, 0.0,  0, 0.0000,     0,22.4,24.4,29.3, 25,    27,    33, 0.9280, 0.8596
M5,26/07/23,13:26:03,    12,  8116,   453,  994.3, 300,24.0,26.9, 0.0,  0, 0.0000,     0,22.4,24.4,29.3, 25,    28,    34, 0.9289, 0.8657
M5,26/07/23,13:26:04,    12,  8117,   454,  994.3, 300,24.0,26.9, 0.0,  0, 0.0000,     0,22.4,24.4,29.3, 25,    29,    35, 0.9302, 0.8698
M5,26/07/23,13:26:05,    12,  8118,   455,  994.3, 300,24.0,26.9, 0.0,  0, 0.0000,     0,22.4,24.4,29.3, 25,    30,    36, 0.9315, 0.8724
M5,26/07/23,13:26:06,    12,  8119,   456,  994.3, 300,24.1,26.9, 0.0,  0, 0.0000,     0,22.4,24.4,29.3, 25,    31,    37, 0.9351, 0.8696
M5,26/07/23,13:26:07,    12,  8120,   457,  994.3, 300,24.1,26.9, 0.0,  0, 0.0000,     0,22.4,24.4,29.3, 25,    32,    38, 0.9401, 0.8596
M5,26/07/23,13:26:08,    12,  8121,   458,  994.3, 300,24.1,26.9, 0.0,  0, 0.0000,     0,22.4,24.4,29.3, 25,    33,    39, 0.9464, 0.8494
M5,26/07/23,13:26:09,    12,  8122,   459,  994.2, 300,24.1,26.9, 0.0,  0, 0.0000,     0,22.4,24.4,29.3, 25,    33,    40, 0.9501, 0.8470
M5,26/07/23,13:26:10,    12,  8123,   459,  994.2, 300,24.1,26.9, 0.0,  0, 0.0000,     0,22.4,24.4,29.3, 25,    34,    41, 0.9529, 0.8510
M5,26/07/23,13:26:11,    12,  8124,   460,  994.2, 300,24.1,26.9, 0.0,  0, 0.0000,     0,22.4,24.4,29.3, 25,    35,    42, 0.9549, 0.8546
M5,26/07/23,13:26:12,    12,  8125,   461,  994.2, 300,24.1,26.9, 0.0,  0, 0.0000,     0,22.4,24.4,29.3, 25,    36,    43, 0.9567, 0.8583
M5,26/07/23,13:26:13,    12,  8126,   462,  994.2, 300,24.1,26.9, 0.0,  0, 0.0000,     0,22.4,24.4,29.3, 25,    37,    44, 0.9586, 0.8620
M5,26/07/23,13:26:14,    12,  8127,   463,  994.2, 300,24.1,26.9, 0.0,  0, 0.0000,     0,22.4,24.4,29.3, 25,    38,    45, 0.9602, 0.8656
M5,26/07/23,13:26:15,    12,  8128,   463,  994.2, 300,24.1,26.9, 0.0,  0, 0.0000,     0,22.4,24.4,29.3, 25,    38,    46, 0.9609, 0.8723
M5,26/07/23,13:26:16,    12,  8129,   464,  994.3, 300,24.1,26.9, 0.0,  0, 0.0000,     0,22.4,24.4,29.3, 25,    39,    47, 0.9600, 0.8840
M5,26/07/23,13:26:17,    12,  8130,   464,  994.3, 300,24.2,26.9, 0.0,  0, 0.0000,     0,22.4,24.4,29.3, 25,    39,    48, 0.9593, 0.8967
M5,26/07/23,13:26:18,    12,  8131,   465,  994.3, 300,24.2,26.9, 0.0,  0, 0.0000,     0,22.4,24.4,29.3, 25,    40,    49, 0.9581, 0.9061
M5,26/07/23,13:26:19,    12,  8132,   466,  994.3, 300,24.2,26.9, 0.0,  0, 0.0000,     0,22.4,24.4,29.3, 25,    41,    50, 0.9566, 0.9159
M5,26/07/23,13:26:20,    12,  8133,   467,  994.3, 300,24.2,26.9, 0.0,  0, 0.0000,     0,22.4,24.4,29.3, 25,    42,    51, 0.9548, 0.9257
M5,26/07/23,13:26:21,    12,  8134,   467,  994.3, 300,24.2,26.9, 0.0,  0, 0.0000,     0,22.4,24.4,29.1, 25,    42,    52, 0.9520, 0.9377
M5,26/07/23,13:26:22,    12,  8135,   468,  994.3, 300,24.2,26.9, 0.0,  0, 0.0000,     0,22.4,24.4,29.1, 25,    43,    53, 0.9487, 0.9511
M5,26/07/23,13:26:23,    12,  8136,   468,  994.3, 300,24.2,26.9, 0.0,  0, 0.0000,     0,22.4,24.4,29.1, 25,    43,    54, 0.9447, 0.9651
M5,26/07/23,13:26:24,    12,  8137,   469,  994.3, 300,24.2,26.9, 0.0,  0, 0.0000,     0,22.4,24.4,29.1, 25,    44,    55, 0.9411, 0.9777
M5,26/07/23,13:26:25,    12,  8138,   470,  994.3, 300,24.2,26.9, 0.0,  0, 0.0000,     0,22.4,24.4,29.1, 25,    45,    56, 0.9373, 0.9882
M5,26/07/23,13:26:26,    12,  8139,   471,  994.3, 300,24.2,26.9, 0.0,  0, 0.0000,     0,22.4,24.4,29.1, 25,    46,    57, 0.9346, 0.9935
M5,26/07/23,13:26:27,    12,  8140,   472,  994.3, 300,24.2,26.9, 0.0,  0, 0.0000,     0,22.4,24.4,29.3, 25,    47,    58, 0.9339, 0.9918
M5,26/07/23,13:26:28,    12,  8141,   473,  994.3, 300,24.2,26.9, 0.0,  0, 0.0000,     0,22.4,24.4,29.3, 25,    48,    59, 0.9347, 0.9839
M5,26/07/23,13:26:29,    12,  8142,   474,  994.3, 300,24.2,26.9, 0.0,  0, 0.0000,     0,22.4,24.4,29.3, 25,    49,    60, 0.9365, 0.9732
R5,26/07/23,13:26:29,    12,  8142,   474,  994.3, 300,24.2,26.9, 0.0,  0, 0.0000,     0,22.4,24.4,29.3, 25,    49,    60, 0.9365, 0.9732
End
Start
M5,26/07/23,13:27:19,    12,  8192,   423,  994.2, 300,23.6,26.8, 0.0,  0, 0.0000,     0,22.4,23.8,29.3, 20,     1,     1, 0.0000, 0.0000
M5,26/07/23,13:27:20,    12,  8193,   424,  994.2, 300,23.6,26.8, 0.0,  0, 0.0000,     0,22.4,23.8,29.1, 20,     2,     2, 0.0000, 0.0000
M5,26/07/23,13:27:21,    12,  8194,   425,  994.2, 300,23.6,26.8, 0.0,  0, 0.0000,     0,22.4,23.8,29.1, 20,     3,     3, 0.0000, 0.0000
M5,26/07/23,13:27:22,    12,  8195,   426,  994.2, 300,23.6,26.8, 0.0,  0, 0.0000,     0,22.4,23.8,29.1, 20,     4,     4, 0.0000, 0.0000
M5,26/07/23,13:27:23,    12,  8196,   427,  994.2, 299,23.6,26.8, 0.0,  0, 0.0000,     0,22.4,23.8,29.1, 20,     5,     5, 0.0000, 0.0000
M5,26/07/23,13:27:24,    12,  8197,   428,  994.2, 300,23.6,26.8, 0.0,  0, 0.0000,     0,22.4,23.9,29.1, 20,     6,     6, 0.0000, 0.0000
M5,26/07/23,13:27:25,    12,  8198,   428,  994.2, 300,23.6,26.8, 0.0,  0, 0.0000,     0,22.4,23.9,29.3, 20,     6,     7, 0.0000, 0.0000
M5,26/07/23,13:27:26,    12,  8199,   429,  994.2, 300,23.6,26.8, 0.0,  0, 0.0000,     0,22.4,23.9,29.3, 20,     7,     8, 0.0000, 0.0000
M5,26/07/23,13:27:27,    12,  8200,   430,  994.2, 300,23.6,26.8, 0.0,  0, 0.0000,     0,22.4,23.9,29.3, 20,     8,     9, 0.0000, 0.0000
M5,26/07/23,13:27:28,    12,  8201,   431,  994.2, 300,23.6,26.8, 0.0,  0, 0.0000,     0,22.4,23.9,29.3, 25,     9,    10, 0.0000, 0.0000
M5,26/07/23,13:27:29,    12,  8202,   431,  994.2, 300,23.6,26.7, 0.0,  0, 0.0000,     0,22.4,23.9,29.3, 25,     9,    11, 0.0000, 0.0000
M5,26/07/23,13:27:30,    12,  8203,   432,  994.2, 300,23.6,26.7, 0.0,  0, 0.0000,     0,22.4,23.9,29.3, 25,    10,    12, 0.0000, 0.0000
M5,26/07/23,13:27:31,    12,  8204,   432,  994.2, 300,23.6,26.8, 0.0,  0, 0.0000,     0,22.4,23.9,29.1, 25,    10,    13, 0.6630, 0.6626
M5,26/07/23,13:27:32,    12,  8205,   433,  994.2, 300,23.6,26.8, 0.0,  0, 0.0000,     0,22.4,24.0,29.1, 25,    11,    14, 0.6815, 0.6253
M5,26/07/23,13:27:33,    12,  8206,   434,  994.2, 300,23.7,26.8, 0.0,  0, 0.0000,     0,22.4,24.0,29.1, 25,    12,    15, 0.6759, 0.6752
M5,26/07/23,13:27:34,    12,  8207,   434,  994.2, 300,23.7,26.8, 0.0,  0, 0.0000,     0,22.4,24.0,29.1, 25,    12,    16, 0.6834, 0.6547
M5,26/07/23,13:27:35,    12,  8208,   435,  994.2, 300,23.7,26.8, 0.0,  0, 0.0000,     0,22.4,24.0,29.1, 25,    13,    17, 0.6934, 0.6392
M5,26/07/23,13:27:36,    12,  8209,   436,  994.2, 300,23.7,26.7, 0.0,  0, 0.0000,     0,22.1,24.0,29.3, 25,    14,    18, 0.7049, 0.6315
M5,26/07/23,13:27:37,    12,  8210,   436,  994.2, 300,23.7,26.7, 0.0,  0, 0.0000,     0,22.1,24.0,29.3, 25,    14,    19, 0.7140, 0.6294
M5,26/07/23,13:27:38,    12,  8211,   437,  994.2, 300,23.7,26.8, 0.0,  0, 0.0000,     0,22.1,24.0,29.3, 25,    15,    20, 0.7163, 0.6601
M5,26/07/23,13:27:39,    12,  8212,   437,  994.2, 300,23.7,26.8, 0.0,  0, 0.0000,     0,22.1,24.0,29.3, 25,    15,    21, 0.7181, 0.6688
M5,26/07/23,13:27:40,    12,  8213,   438,  994.2, 300,23.7,26.8, 0.0,  0, 0.0000,     0,22.1,24.0,29.3, 25,    16,    22, 0.7348, 0.6330
M5,26/07/23,13:27:41,    12,  8214,   439,  994.2, 300,23.7,26.8, 0.0,  0, 0.0000,     0,22.4,24.0,29.3, 25,    17,    23, 0.7572, 0.5882
M5,26/07/23,13:27:42,    12,  8215,   440,  994.2, 300,23.7,26.8, 0.0,  0, 0.0000,     0,22.4,24.1,29.3, 25,    18,    24, 0.7773, 0.5643
M5,26/07/23,13:27:43,    12,  8216,   441,  994.2, 300,23.8,26.8, 0.0, 21, 0.0000,     0,22.4,24.1,29.3, 25,    19,    25, 0.7963, 0.5555
M5,26/07/23,13:27:44,    12,  8217,   442,  994.2, 300,23.8,26.8, 0.0, 21, 0.0000,     0,22.4,24.1,29.3, 25,    20,    26, 0.8120, 0.5548
M5,26/07/23,13:27:45,    12,  8218,   443,  994.2, 300,23.8,26.7, 0.0, 21, 0.0000,     0,22.4,24.1,29.3, 25,    21,    27, 0.8230, 0.5717
M5,26/07/23,13:27:46,    12,  8219,   443,  994.2, 300,23.8,26.7, 0.0,  0, 0.0000,     0,22.4,24.1,29.3, 25,    21,    28, 0.8298, 0.5961
M5,26/07/23,13:27:47,    12,  8220,   444,  994.2, 300,23.8,26.7, 0.0,  0, 0.0000,     0,22.4,24.1,29.1, 25,    22,    29, 0.8314, 0.6366
M5,26/07/23,13:27:48,    12,  8221,   444,  994.2, 300,23.8,26.7, 0.0,  0, 0.0000,     0,22.4,24.1,29.1, 25,    22,    30, 0.8286, 0.6786
M5,26/07/23,13:27:49,    12,  8222,   445,  994.2, 300,23.9,26.7, 0.0,  0, 0.0000,     0,22.4,24.1,29.1, 25,    23,    31, 0.8250, 0.7198
M5,26/07/23,13:27:50,    12,  8223,   445,  994.2, 300,23.9,26.7, 0.0,  0, 0.0000,     0,22.4,24.1,29.1, 25,    23,    32, 0.8188, 0.7565
M5,26/07/23,13:27:51,    12,  8224,   446,  994.2, 300,23.9,26.7, 0.0,  0, 0.0000,     0,22.4,24.1,29.1, 25,    24,    33, 0.8137, 0.7824
M5,26/07/23,13:27:52,    12,  8225,   447,  994.2, 300,23.9,26.7, 0.0,  0, 0.0000,     0,22.1,24.1,29.3, 25,    25,    34, 0.8113, 0.7944
M5,26/07/23,13:27:53,    12,  8226,   447,  994.2, 300,23.9,26.7, 0.0,  0, 0.0000,     0,22.1,24.1,29.3, 25,    26,    35, 0.8109, 0.7973
M5,26/07/23,13:27:54,    12,  8227,   448,  994.2, 300,23.9,26.7, 0.0,  0, 0.0000,     0,22.1,24.1,29.3, 25,    26,    36, 0.8112, 0.8010
M5,26/07/23,13:27:55,    12,  8228,   449,  994.2, 300,23.9,26.7, 0.0,  0, 0.0000,     0,22.1,24.1,29.3, 25,    27,    37, 0.8120, 0.7985
M5,26/07/23,13:27:56,    12,  8229,   450,  994.2, 300,23.9,26.7, 0.0,  0, 0.0000,     0,22.1,24.2,29.3, 25,    28,    38, 0.8156, 0.7884
M5,26/07/23,13:27:57,    12,  8230,   451,  994.2, 300,23.9,26.7, 0.0,  0, 0.0000,     0,22.1,24.2,29.3, 25,    29,    39, 0.8205, 0.7734
M5,26/07/23,13:27:58,    12,  8231,   452,  994.2, 300,23.9,26.7, 0.0,  0, 0.0000,     0,22.1,24.2,29.3, 25,    30,    40, 0.8232, 0.7688
M5,26/07/23,13:27:59,    12,  8232,   452,  994.2, 300,24.0,26.7, 0.0,  0, 0.0000,     0,22.1,24.2,29.3, 25,    30,    41, 0.8234, 0.7756
M5,26/07/23,13:28:00,    12,  8233,   453,  994.2, 300,24.0,26.7, 0.0,  0, 0.0000,     0,22.1,24.2,29.3, 25,    31,    42, 0.8241, 0.7779
M5,26/07/23,13:28:01,    12,  8234,   454,  994.2, 300,24.0,26.7, 0.0,  0, 0.0000,     0,22.1,24.2,29.3, 25,    32,    43, 0.8282, 0.7709
M5,26/07/23,13:28:02,    12,  8235,   455,  994.2, 300,24.0,26.7, 0.0,  0, 0.0000,     0,22.1,24.2,29.3, 25,    33,    44, 0.8327, 0.7601
M5,26/07/23,13:28:03,    12,  8236,   456,  994.2, 300,24.0,26.7, 0.0,  0, 0.0000,     0,22.1,24.2,29.3, 25,    34,    45, 0.8364, 0.7541
M5,26/07/23,13:28:04,    12,  8237,   456,  994.2, 300,24.0,26.7, 0.0,  0, 0.0000,     0,22.1,24.2,29.3, 25,    34,    46, 0.8384, 0.7545
M5,26/07/23,13:28:05,    12,  8238,   457,  994.2, 300,24.0,26.7, 0.0,  0, 0.0000,     0,22.1,24.2,29.3, 25,    35,    47, 0.8399, 0.7566
M5,26/07/23,13:28:06,    12,  8239,   457,  994.2, 300,24.0,26.7, 0.0,  0, 0.0000,     0,22.1,24.2,29.3, 25,    35,    48, 0.8405, 0.7630
M5,26/07/23,13:28:07,    12,  8240,   458,  994.2, 300,24.0,26.7, 0.0,  0, 0.0000,     0,22.1,24.2,29.3, 25,    36,    49, 0.8404, 0.7701
M5,26/07/23,13:28:08,    12,  8241,   459,  994.2, 300,24.1,26.7, 0.0,  0, 0.0000,     0,22.1,24.2,29.3, 25,    37,    50, 0.8420, 0.7724
M5,26/07/23,13:28:09,    12,  8242,   460,  994.2, 300,24.1,26.7, 0.0,  0, 0.0000,     0,22.1,24.2,29.3, 25,    38,    51, 0.8447, 0.7679
M5,26/07/23,13:28:10,    12,  8243,   461,  994.2, 300,24.1,26.7, 0.0,  0, 0.0000,     0,22.1,24.2,29.3, 25,    39,    52, 0.8480, 0.7639
M5,26/07/23,13:28:11,    12,  8244,   461,  994.2, 300,24.1,26.7, 0.0,  0, 0.0000,     0,22.1,24.2,29.3, 25,    39,    53, 0.8491, 0.7664
M5,26/07/23,13:28:12,    12,  8245,   462,  994.2, 300,24.1,26.7, 0.0,  0, 0.0000,     0,22.1,24.2,29.3, 25,    40,    54, 0.8495, 0.7720
M5,26/07/23,13:28:13,    12,  8246,   463,  994.2, 300,24.1,26.7, 0.0,  0, 0.0000,     0,22.1,24.2,29.3, 25,    41,    55, 0.8501, 0.7757
M5,26/07/23,13:28:14,    12,  8247,   463,  994.2, 300,24.1,26.7, 0.0,  0, 0.0000,     0,22.1,24.2,29.3, 25,    41,    56, 0.8504, 0.7799
M5,26/07/23,13:28:15,    12,  8248,   464,  994.2, 300,24.1,26.7, 0.0,  0, 0.0000,     0,22.1,24.2,29.3, 25,    42,    57, 0.8520, 0.7809
M5,26/07/23,13:28:16,    12,  8249,   466,  994.2, 300,24.1,26.7, 0.0,  0, 0.0000,     0,22.1,24.2,29.3, 25,    44,    58, 0.8544, 0.7771
M5,26/07/23,13:28:17,    12,  8250,   467,  994.2, 300,24.1,26.7, 0.0,  0, 0.0000,     0,22.1,24.2,29.3, 25,    45,    59, 0.8573, 0.7717
M5,26/07/23,13:28:18,    12,  8251,   467,  994.2, 300,24.1,26.7, 0.0,  0, 0.0000,     0,22.1,24.2,29.3, 25,    45,    60, 0.8597, 0.7685
R5,26/07/23,13:28:18,    12,  8251,   467,  994.2, 300,24.1,26.7, 0.0,  0, 0.0000,     0,22.1,24.2,29.3, 25,    45,    60, 0.8597, 0.7685
End
Start
M5,26/07/23,13:29:04,    12,  8296,   420,  994.2, 300,23.5,26.7, 0.0,  0, 0.0000,     0,22.1,23.7,29.3, 20,     2,     1, 0.0000, 0.0000
M5,26/07/23,13:29:05,    12,  8297,   422,  994.2, 300,23.5,26.7, 0.0,  0, 0.0000,     0,22.1,23.7,29.3, 20,     3,     2, 0.0000, 0.0000
M5,26/07/23,13:29:06,    12,  8298,   423,  994.2, 300,23.5,26.6, 0.0,  0, 0.0000,     0,22.1,23.7,29.3, 20,     4,     3, 0.0000, 0.0000
M5,26/07/23,13:29:07,    12,  8299,   424,  994.2, 300,23.5,26.6, 0.0,  0, 0.0000,     0,22.1,23.7,29.3, 20,     5,     4, 0.0000, 0.0000
M5,26/07/23,13:29:08,    12,  8300,   424,  994.2, 300,23.5,26.6, 0.0,  0, 0.0000,     0,22.1,23.7,29.3, 20,     6,     5, 0.0000, 0.0000
M5,26/07/23,13:29:09,    12,  8301,   425,  994.2, 300,23.5,26.6, 0.0,  0, 0.0000,     0,22.1,23.8,29.3, 20,     6,     6, 0.0000, 0.0000
M5,26/07/23,13:29:10,    12,  8302,   425,  994.2, 300,23.5,26.6, 0.0,  0, 0.0000,     0,22.1,23.8,29.3, 20,     7,     7, 0.0000, 0.0000
M5,26/07/23,13:29:11,    12,  8303,   426,  994.2, 300,23.5,26.6, 0.0,  0, 0.0000,     0,22.1,23.8,29.3, 20,     8,     8, 0.0000, 0.0000
M5,26/07/23,13:29:12,    12,  8304,   427,  994.2, 300,23.5,26.6, 0.0,  0, 0.0000,     0,22.1,23.8,29.3, 20,     8,     9, 0.0000, 0.0000
M5,26/07/23,13:29:13,    12,  8305,   428,  994.2, 300,23.5,26.6, 0.0,  0, 0.0000,     0,22.1,23.8,29.3, 25,     9,    10, 0.0000, 0.0000
M5,26/07/23,13:29:14,    12,  8306,   428,  994.2, 300,23.5,26.6, 0.0,  0, 0.0000,     0,22.1,23.8,29.3, 25,    10,    11, 0.0000, 0.0000
M5,26/07/23,13:29:15,    12,  8307,   429,  994.2, 300,23.5,26.6, 0.0,  0, 0.0000,     0,22.1,23.9,29.3, 25,    11,    12, 0.0000, 0.0000
M5,26/07/23,13:29:16,    12,  8308,   430,  994.2, 300,23.5,26.6, 0.0,  0, 0.0000,     0,22.1,23.9,29.3, 25,    11,    13, 0.8942, 0.9025
M5,26/07/23,13:29:17,    12,  8309,   431,  994.2, 300,23.5,26.6, 0.0,  0, 0.0000,     0,22.1,23.9,29.3, 25,    12,    14, 0.9117, 0.8588
M5,26/07/23,13:29:18,    12,  8310,   431,  994.2, 300,23.5,26.6, 0.0,  0, 0.0000,     0,22.1,23.9,29.3, 25,    13,    15, 0.8978, 0.9137
M5,26/07/23,13:29:19,    12,  8311,   432,  994.2, 300,23.5,26.6, 0.0,  0, 0.0000,     0,22.1,23.9,29.3, 25,    14,    16, 0.8796, 0.9456
M5,26/07/23,13:29:20,    12,  8312,   433,  994.2, 300,23.6,26.6, 0.0,  0, 0.0000,     0,22.1,23.9,29.3, 25,    14,    17, 0.8657, 0.9584
M5,26/07/23,13:29:21,    12,  8313,   433,  994.2, 300,23.6,26.6, 0.0,  0, 0.0000,     0,22.1,24.0,29.3, 25,    15,    18, 0.8521, 0.9564
M5,26/07/23,13:29:22,    12,  8314,   434,  994.2, 300,23.6,26.6, 0.0,  0, 0.0000,     0,22.1,24.0,29.3, 25,    16,    19, 0.8424, 0.9495
M5,26/07/23,13:29:23,    12,  8315,   435,  994.2, 300,23.6,26.6, 0.0,  0, 0.0000,     0,22.1,24.0,29.3, 25,    16,    20, 0.8334, 0.9388
M5,26/07/23,13:29:24,    12,  8316,   435,  994.2, 300,23.6,26.6, 0.0,  0, 0.0000,     0,22.1,24.0,29.3, 25,    17,    21, 0.8186, 0.9492
M5,26/07/23,13:29:25,    12,  8317,   436,  994.2, 300,23.6,26.6, 0.0,  0, 0.0000,     0,22.1,24.0,29.3, 25,    17,    22, 0.8098, 0.9439
M5,26/07/23,13:29:26,    12,  8318,   437,  994.2, 300,23.6,26.6, 0.0,  0, 0.0000,     0,22.1,24.0,29.3, 25,    18,    23, 0.8076, 0.9144
M5,26/07/23,13:29:27,    12,  8319,   438,  994.2, 300,23.6,26.6, 0.0,  0, 0.0000,     0,22.1,24.0,29.3, 25,    19,    24, 0.8168, 0.8650
M5,26/07/23,13:29:28,    12,  8320,   438,  994.2, 300,23.6,26.6, 0.0,  0, 0.0000,     0,22.1,24.0,29.3, 25,    20,    25, 0.8200, 0.8420
M5,26/07/23,13:29:29,    12,  8321,   439,  994.2, 300,23.6,26.6, 0.0,  0, 0.0000,     0,22.1,24.0,29.3, 25,    21,    26, 0.8254, 0.8188
M5,26/07/23,13:29:30,    12,  8322,   440,  994.2, 300,23.6,26.6, 0.0,  0, 0.0000,     0,22.1,24.0,29.3, 25,    21,    27, 0.8283, 0.8092
M5,26/07/23,13:29:31,    12,  8323,   440,  994.2, 300,23.6,26.6, 0.0,  0, 0.0000,     0,22.1,24.1,29.3, 25,    22,    28, 0.8267, 0.8165
M5,26/07/23,13:29:32,    12,  8324,   441,  994.2, 300,23.7,26.6, 0.0,  0, 0.0000,     0,22.1,24.1,29.3, 25,    22,    29, 0.8234, 0.8335
M5,26/07/23,13:29:33,    12,  8325,   441,  994.2, 300,23.7,26.6, 0.0,  0, 0.0000,     0,22.1,24.1,29.3, 25,    23,    30, 0.8195, 0.8435
M5,26/07/23,13:29:34,    12,  8326,   442,  994.2, 300,23.7,26.6, 0.0,  0, 0.0000,     0,22.1,24.1,29.3, 25,    24,    31, 0.8171, 0.8507
M5,26/07/23,13:29:35,    12,  8327,   443,  994.2, 300,23.7,26.6, 0.0,  0, 0.0000,     0,22.1,24.1,29.3, 25,    24,    32, 0.8141, 0.8540
M5,26/07/23,13:29:36,    12,  8328,   444,  994.2, 300,23.8,26.6, 0.0,  0, 0.0000,     0,22.1,24.1,29.3, 25,    25,    33, 0.8141, 0.8494
M5,26/07/23,13:29:37,    12,  8329,   444,  994.2, 300,23.8,26.6, 0.0,  0, 0.0000,     0,22.1,24.1,29.3, 25,    26,    34, 0.8133, 0.8456
M5,26/07/23,13:29:38,    12,  8330,   445,  994.2, 300,23.8,26.6, 0.0,  0, 0.0000,     0,22.1,24.1,29.3, 25,    26,    35, 0.8107, 0.8486
M5,26/07/23,13:29:39,    12,  8331,   445,  994.2, 300,23.8,26.6, 0.0,  0, 0.0000,     0,22.1,24.1,29.3, 25,    27,    36, 0.8061, 0.8614
M5,26/07/23,13:29:40,    12,  8332,   445,  994.2, 300,23.8,26.6, 0.0,  0, 0.0000,     0,22.1,24.1,29.3, 25,    27,    37, 0.7973, 0.8836
M5,26/07/23,13:29:41,    12,  8333,   446,  994.2, 300,23.8,26.6, 0.0,  0, 0.0000,     0,22.1,24.1,29.3, 25,    27,    38, 0.7893, 0.9018
M5,26/07/23,13:29:42,    12,  8334,   447,  994.2, 300,23.8,26.6, 0.0,  0, 0.0000,     0,22.1,24.1,29.3, 25,    28,    39, 0.7824, 0.9112
M5,26/07/23,13:29:43,    12,  8335,   447,  994.2, 300,23.9,26.6, 0.0,  0, 0.0000,     0,22.1,24.1,29.3, 25,    29,    40, 0.7784, 0.9109
M5,26/07/23,13:29:44,    12,  8336,   448,  994.2, 300,23.9,26.6, 0.0,  0, 0.0000,     0,22.1,24.1,29.3, 25,    30,    41, 0.7747, 0.9072
M5,26/07/23,13:29:45,    12,  8337,   449,  994.2, 300,23.9,26.6, 0.0,  0, 0.0000,     0,22.1,24.1,29.3, 25,    30,    42, 0.7710, 0.9057
M5,26/07/23,13:29:46,    12,  8338,   449,  994.2, 300,23.9,26.6, 0.0,  0, 0.0000,     0,22.1,24.1,29.3, 25,    31,    43, 0.7678, 0.9014
M5,26/07/23,13:29:47,    12,  8339,   450,  994.2, 300,23.9,26.6, 0.0,  0, 0.0000,     0,22.1,24.2,29.3, 25,    32,    44, 0.7660, 0.8922
M5,26/07/23,13:29:48,    12,  8340,   451,  994.2, 300,23.9,26.6, 0.0,  0, 0.0000,     0,22.1,24.2,29.3, 25,    33,    45, 0.7663, 0.8781
M5,26/07/23,13:29:49,    12,  8341,   452,  994.2, 300,23.9,26.6, 0.0,  0, 0.0000,     0,22.1,24.2,29.3, 25,    34,    46, 0.7681, 0.8592
M5,26/07/23,13:29:50,    12,  8342,   453,  994.2, 300,23.9,26.6, 0.0,  0, 0.0000,     0,22.1,24.2,29.3, 25,    35,    47, 0.7716, 0.8378
M5,26/07/23,13:29:51,    12,  8343,   454,  994.2, 300,23.9,26.6, 0.0,  0, 0.0000,     0,22.1,24.2,29.3, 25,    35,    48, 0.7736, 0.8231
M5,26/07/23,13:29:52,    12,  8344,   454,  994.2, 300,23.9,26.6, 0.0,  0, 0.0000,     0,22.1,24.2,29.3, 25,    36,    49, 0.7756, 0.8109
M5,26/07/23,13:29:53,    12,  8345,   455,  994.2, 300,23.9,26.6, 0.0,  0, 0.0000,     0,22.1,24.2,29.3, 25,    37,    50, 0.7779, 0.7983
M5,26/07/23,13:29:54,    12,  8346,   456,  994.2, 300,23.9,26.6, 0.0,  0, 0.0000,     0,22.1,24.2,29.3, 25,    37,    51, 0.7800, 0.7880
M5,26/07/23,13:29:55,    12,  8347,   457,  994.2, 300,24.0,26.6, 0.0,  0, 0.0000,     0,22.1,24.2,29.3, 25,    38,    52, 0.7831, 0.7781
M5,26/07/23,13:29:56,    12,  8348,   457,  994.2, 300,24.0,26.6, 0.0,  0, 0.0000,     0,22.1,24.2,29.3, 25,    39,    53, 0.7859, 0.7675
M5,26/07/23,13:29:57,    12,  8349,   458,  994.2, 300,24.0,26.6, 0.0,  0, 0.0000,     0,22.1,24.2,29.3, 25,    40,    54, 0.7890, 0.7572
M5,26/07/23,13:29:58,    12,  8350,   459,  994.2, 300,24.0,26.6, 0.0,  0, 0.0000,     0,22.1,24.2,29.3, 25,    41,    55, 0.7922, 0.7473
M5,26/07/23,13:29:59,    12,  8351,   460,  994.2, 300,24.0,26.6, 0.0,  0, 0.0000,     0,22.1,24.2,29.3, 25,    41,    56, 0.7955, 0.7403
M5,26/07/23,13:30:00,    12,  8352,   460,  994.2, 300,24.0,26.6, 0.0,  0, 0.0000,     0,22.1,24.2,29.3, 25,    42,    57, 0.7974, 0.7368
M5,26/07/23,13:30:01,    12,  8353,   461,  994.2, 300,24.0,26.6, 0.0,  0, 0.0000,     0,22.1,24.2,29.3, 25,    42,    58, 0.7987, 0.7363
M5,26/07/23,13:30:02,    12,  8354,   461,  994.2, 300,24.0,26.6, 0.0,  0, 0.0000,     0,22.1,24.2,29.3, 25,    43,    59, 0.8000, 0.7368
M5,26/07/23,13:30:03,    12,  8355,   462,  994.2, 300,24.0,26.6, 0.0,  0, 0.0000,     0,22.1,24.2,29.3, 25,    44,    60, 0.8005, 0.7392
R5,26/07/23,13:30:03,    12,  8355,   462,  994.2, 300,24.0,26.6, 0.0,  0, 0.0000,     0,22.1,24.2,29.3, 25,    44,    60, 0.8005, 0.7392
End
