Tag(M3),Date,Time,Plot_No,Rec_No,CO2,Pressure,Flow,H2O,Tsen,O2,Error,Aux_V,PAR,Tsoil,Tair,Msoil
Start
M5,04/07/23,14:57:05,    10,  1007,   440, 1001.7, 300,23.2,28.6, 0.0,  0, 0.0000,     0,23.7,25.0,12.3, 20,     3,     1, 0.0000, 0.0000
M5,04/07/23,14:57:06,    10,  1008,   444, 1001.7, 300,23.2,28.6, 0.0,  0, 0.0000,     0,23.7,25.0,12.3, 20,     7,     2, 0.0000, 0.0000
M5,04/07/23,14:57:07,    10,  1009,   447, 1001.7, 300,23.2,28.6, 0.0,  0, 0.0000,     0,23.7,25.0,12.5, 20,    10,     3, 0.0000, 0.0000
M5,04/07/23,14:57:08,    10,  1010,   450, 1001.7, 300,23.3,28.6, 0.0,  0, 0.0000,     0,23.7,25.0,12.5, 20,    13,     4, 0.0000, 0.0000
M5,04/07/23,14:57:09,    10,  1011,   452, 1001.7, 300,23.3,28.6, 0.0,  0, 0.0000,     0,23.7,25.0,12.5, 20,    15,     5, 0.0000, 0.0000
M5,04/07/23,14:57:10,    10,  1012,   454, 1001.7, 300,23.4,28.6, 0.0,  0, 0.0000,     0,23.7,25.0,12.5, 20,    18,     6, 0.0000, 0.0000
M5,04/07/23,14:57:11,    10,  1013,   456, 1001.7, 300,23.4,28.6, 0.0,  0, 0.0000,     0,23.7,25.0,12.5, 20,    20,     7, 0.0000, 0.0000
M5,04/07/23,14:57:12,    10,  1014,   458, 1001.7, 300,23.5,28.6, 0.0,  0, 0.0000,     0,23.7,25.1,12.5, 20,    21,     8, 0.0000, 0.0000
M5,04/07/23,14:57:13,    10,  1015,   460, 1001.7, 301,23.5,28.6, 0.0,  0, 0.0000,     0,23.5,25.1,12.5, 20,    23,     9, 0.0000, 0.0000
M5,04/07/23,14:57:14,    10,  1016,   462, 1001.7, 300,23.5,28.6, 0.0,  0, 0.0000,     0,23.5,25.1,12.5, 25,    25,    10, 0.0000, 0.0000
M5,04/07/23,14:57:15,    10,  1017,   463, 1001.7, 300,23.6,28.6, 0.0,  0, 0.0000,     0,23.5,25.1,12.5, 25,    27,    11, 0.0000, 0.0000
M5,04/07/23,14:57:16,    10,  1018,   465, 1001.7, 300,23.6,28.6, 0.0,  0, 0.0000,     0,23.5,25.1,12.5, 25,    28,    12, 0.0000, 0.0000
M5,04/07/23,14:57:17,    10,  1019,   466, 1001.7, 300,23.7,28.6, 0.0,  0, 0.0000,     0,23.5,25.1,12.5, 25,    30,    13, 1.8908, 2.0369
M5,04/07/23,14:57:18,    10,  1020,   468, 1001.7, 300,23.7,28.6, 0.0,  0, 0.0000,     0,23.7,25.1,12.5, 25,    31,    14, 1.8618, 1.9710
M5,04/07/23,14:57:19,    10,  1021,   470, 1001.7, 300,23.9,28.6, 0.0,  0, 0.0000,     0,23.7,25.1,12.5, 25,    33,    15, 1.8577, 1.9409
M5,04/07/23,14:57:20,    10,  1022,   471, 1001.7, 300,23.9,28.6, 0.0,  0, 0.0000,     0,23.7,25.1,12.5, 25,    35,    16, 1.8883, 1.8102
M5,04/07/23,14:57:21,    10,  1023,   473, 1001.7, 300,24.0,28.6, 0.0,  0, 0.0000,     0,23.7,25.1,12.5, 25,    36,    17, 1.9193, 1.7781
M5,04/07/23,14:57:22,    10,  1024,   475, 1001.7, 300,24.0,28.6, 0.0,  0, 0.0000,     0,23.7,25.1,12.5, 25,    38,    18, 1.9224, 1.8077
M5,04/07/23,14:57:23,    10,  1025,   476, 1001.7, 300,24.0,28.6, 0.0,  0, 0.0000,     0,23.7,25.1,12.4, 25,    39,    19, 1.9181, 1.8465
M5,04/07/23,14:57:24,    10,  1026,   478, 1001.7, 300,24.0,28.6, 0.0,  0, 0.0000,     0,23.7,25.1,12.4, 25,    41,    20, 1.9159, 1.8836
M5,04/07/23,14:57:25,    10,  1027,   479, 1001.7, 301,24.0,28.6, 0.0,  0, 0.0000,     0,23.7,25.1,12.4, 25,    42,    21, 1.9073, 1.9079
M5,04/07/23,14:57:26,    10,  1028,   481, 1001.7, 300,24.1,28.6, 0.0,  0, 0.0000,     0,23.7,25.1,12.4, 25,    44,    22, 1.9094, 1.9067
M5,04/07/23,14:57:27,    10,  1029,   483, 1001.7, 300,24.1,28.6, 0.0,  0, 0.0000,     0,23.7,25.1,12.4, 25,    46,    23, 1.9058, 1.9097
M5,04/07/23,14:57:28,    10,  1030,   484, 1001.7, 300,24.2,28.6, 0.0,  0, 0.0000,     0,23.7,25.1,12.4, 25,    47,    24, 1.9057, 1.9190
M5,04/07/23,14:57:29,    10,  1031,   485, 1001.7, 300,24.2,28.6, 0.0,  0, 0.0000,     0,23.5,25.1,12.7, 25,    49,    25, 1.8965, 1.9378
M5,04/07/23,14:57:30,    10,  1032,   487, 1001.7, 300,24.2,28.6, 0.0,  0, 0.0000,     0,23.5,25.1,12.7, 25,    50,    26, 1.8888, 1.9469
R5,04/07/23,14:57:30,    10,  1032,   487, 1001.7, 300,24.2,28.6, 0.0,  0, 0.0000,     0,23.5,25.1,12.7, 25,    50,    26, 1.8888, 1.9469
End
Start
M5,04/07/23,14:58:34,    10,  1096,   449, 1001.7, 300,24.5,28.6, 0.0,  0, 0.0000,     0,23.3,24.8,12.7, 20,     5,     1, 0.0000, 0.0000
M5,04/07/23,14:58:35,    10,  1097,   454, 1001.7, 300,24.4,28.6, 0.0,  0, 0.0000,     0,23.3,24.8,12.7, 20,     9,     2, 0.0000, 0.0000
M5,04/07/23,14:58:36,    10,  1098,   458, 1001.7, 300,24.4,28.6, 0.0,  0, 0.0000,     0,23.3,24.8,12.7, 20,    13,     3, 0.0000, 0.0000
M5,04/07/23,14:58:37,    10,  1099,   461, 1001.7, 300,24.3,28.6, 0.0,  0, 0.0000,     0,23.3,24.8,12.7, 20,    16,     4, 0.0000, 0.0000
M5,04/07/23,14:58:38,    10,  1100,   464, 1001.7, 300,24.3,28.6, 0.0,  0, 0.0000,     0,23.3,24.8,12.4, 20,    19,     5, 0.0000, 0.0000
M5,04/07/23,14:58:39,    10,  1101,   466, 1001.7, 300,24.3,28.6, 0.0,  0, 0.0000,     0,23.3,24.8,12.4, 20,    22,     6, 0.0000, 0.0000
M5,04/07/23,14:58:40,    10,  1102,   468, 1001.7, 300,24.4,28.6, 0.0,  0, 0.0000,     0,23.3,24.8,12.4, 20,    24,     7, 0.0000, 0.0000
M5,04/07/23,14:58:41,    10,  1103,   470, 1001.7, 300,24.4,28.6, 0.0,  0, 0.0000,     0,23.3,24.9,12.4, 20,    26,     8, 0.0000, 0.0000
M5,04/07/23,14:58:42,    10,  1104,   472, 1001.7, 300,24.4,28.6, 0.0,  0, 0.0000,     0,23.3,24.9,12.4, 20,    27,     9, 0.0000, 0.0000
M5,04/07/23,14:58:43,    10,  1105,   473, 1001.7, 300,24.4,28.6, 0.0,  0, 0.0000,     0,23.3,24.9,12.7, 25,    29,    10, 0.0000, 0.0000
M5,04/07/23,14:58:44,    10,  1106,   475, 1001.7, 300,24.4,28.6, 0.0,  0, 0.0000,     0,23.3,24.9,12.7, 25,    30,    11, 0.0000, 0.0000
M5,04/07/23,14:58:45,    10,  1107,   477, 1001.7, 300,24.4,28.6, 0.0,  0, 0.0000,     0,23.3,24.9,12.7, 25,    32,    12, 0.0000, 0.0000
M5,04/07/23,14:58:46,    10,  1108,   479, 1001.7, 300,24.4,28.6, 0.0,  0, 0.0000,     0,23.3,24.9,12.7, 25,    34,    13, 2.1509, 1.9956
M5,04/07/23,14:58:47,    10,  1109,   480, 1001.7, 300,24.4,28.6, 0.0,  0, 0.0000,     0,23.3,24.9,12.7, 25,    36,    14, 2.0965, 2.2059
M5,04/07/23,14:58:48,    10,  1110,   482, 1001.7, 300,24.4,28.6, 0.0,  0, 0.0000,     0,23.3,24.9,12.7, 25,    38,    15, 2.0678, 2.2043
M5,04/07/23,14:58:49,    10,  1111,   483, 1001.7, 300,24.4,28.6, 0.0,  0, 0.0000,     0,23.3,24.9,12.7, 25,    39,    16, 2.0104, 2.2755
M5,04/07/23,14:58:50,    10,  1112,   485, 1001.7, 300,24.4,28.6, 0.0,  0, 0.0000,     0,23.3,24.9,12.7, 25,    40,    17, 1.9531, 2.3052
M5,04/07/23,14:58:51,    10,  1113,   486, 1001.7, 300,24.5,28.7, 0.0,  0, 0.0000,     0,23.3,24.9,12.7, 25,    42,    18, 1.9080, 2.3033
M5,04/07/23,14:58:52,    10,  1114,   488, 1001.7, 300,24.5,28.7, 0.0,  0, 0.0000,     0,23.3,24.9,12.7, 25,    43,    19, 1.8886, 2.2175
M5,04/07/23,14:58:53,    10,  1115,   490, 1001.7, 300,24.5,28.7, 0.0,  0, 0.0000,     0,23.3,24.9,12.7, 25,    45,    20, 1.8956, 2.0983
M5,04/07/23,14:58:54,    10,  1116,   492, 1001.7, 300,24.5,28.7, 0.0,  0, 0.0000,     0,23.3,24.9,12.7, 25,    47,    21, 1.9037, 2.0122
M5,04/07/23,14:58:55,    10,  1117,   493, 1001.7, 300,24.5,28.7, 0.0,  0, 0.0000,     0,23.3,24.9,12.7, 25,    49,    22, 1.9129, 1.9523
M5,04/07/23,14:58:56,    10,  1118,   495, 1001.7, 300,24.6,28.7, 0.0,  0, 0.0000,     0,23.3,24.9,12.7, 25,    50,    23, 1.9130, 1.9492
R5,04/07/23,14:58:56,    10,  1118,   495, 1001.7, 300,24.6,28.7, 0.0,  0, 0.0000,     0,23.3,24.9,12.7, 25,    50,    23, 1.9130, 1.9492
End
Start
M5,04/07/23,14:59:51,    10,  1172,   426, 1001.8, 300,23.0,28.7, 0.0,  0, 0.0000,     0,23.3,24.7,12.4, 20,     4,     1, 0.0000, 0.0000
M5,04/07/23,14:59:52,    10,  1173,   429, 1001.8, 300,23.0,28.7, 0.0,  0, 0.0000,     0,23.3,24.7,12.4, 20,     8,     2, 0.0000, 0.0000
M5,04/07/23,14:59:53,    10,  1174,   433, 1001.8, 300,23.0,28.7, 0.0,  0, 0.0000,     0,23.3,24.7,12.4, 20,    11,     3, 0.0000, 0.0000
M5,04/07/23,14:59:54,    10,  1175,   436, 1001.8, 300,23.1,28.7, 0.0,  0, 0.0000,     0,23.0,24.7,12.7, 20,    15,     4, 0.0000, 0.0000
M5,04/07/23,14:59:55,    10,  1176,   439, 1001.8, 301,23.1,28.7, 0.0,  0, 0.0000,     0,23.0,24.7,12.7, 20,    17,     5, 0.0000, 0.0000
M5,04/07/23,14:59:56,    10,  1177,   441, 1001.8, 300,23.1,28.7, 0.0,  0, 0.0000,     0,23.0,24.7,12.7, 20,    19,     6, 0.0000, 0.0000
M5,04/07/23,14:59:57,    10,  1178,   442, 1001.8, 300,23.2,28.7, 0.0,  0, 0.0000,     0,23.0,24.7,12.7, 20,    21,     7, 0.0000, 0.0000
M5,04/07/23,14:59:58,    10,  1179,   444, 1001.8, 299,23.2,28.7, 0.0,  0, 0.0000,     0,23.0,24.7,12.7, 20,    22,     8, 0.0000, 0.0000
M5,04/07/23,14:59:59,    10,  1180,   445, 1001.8, 299,23.3,28.7, 0.0,  0, 0.0000,     0,23.3,24.7,12.7, 20,    24,     9, 0.0000, 0.0000
M5,04/07/23,15:00:00,    10,  1181,   447, 1001.8, 300,23.3,28.7, 0.0,  0, 0.0000,     0,23.3,24.7,12.7, 25,    26,    10, 0.0000, 0.0000
M5,04/07/23,15:00:01,    10,  1182,   449, 1001.8, 300,23.4,28.7, 0.0,  0, 0.0000,     0,23.3,24.7,12.7, 25,    27,    11, 0.0000, 0.0000
M5,04/07/23,15:00:02,    10,  1183,   450, 1001.8, 300,23.4,28.7, 0.0,  0, 0.0000,     0,23.3,24.7,12.7, 25,    28,    12, 0.0000, 0.0000
M5,04/07/23,15:00:03,    10,  1184,   451, 1001.8, 300,23.5,28.7, 0.0,  0, 0.0000,     0,23.3,24.7,12.7, 25,    30,    13, 1.6681, 1.8131
M5,04/07/23,15:00:04,    10,  1185,   453, 1001.7, 300,23.5,28.7, 0.0,  0, 0.0000,     0,23.0,24.8,12.7, 25,    31,    14, 1.6431, 1.7448
M5,04/07/23,15:00:05,    10,  1186,   454, 1001.7, 300,23.5,28.7, 0.0,  0, 0.0000,     0,23.0,24.8,12.7, 25,    32,    15, 1.5996, 1.7667
M5,04/07/23,15:00:06,    10,  1187,   455, 1001.7, 300,23.6,28.7, 0.0,  0, 0.0000,     0,23.0,24.8,12.7, 25,    34,    16, 1.6141, 1.6772
M5,04/07/23,15:00:07,    10,  1188,   457, 1001.7, 300,23.6,28.7, 0.0,  0, 0.0000,     0,23.0,24.8,12.7, 25,    35,    17, 1.6296, 1.5985
M5,04/07/23,15:00:08,    10,  1189,   458, 1001.7, 300,23.7,28.7, 0.0,  0, 0.0000,     0,23.0,24.8,12.7, 25,    37,    18, 1.6674, 1.5242
M5,04/07/23,15:00:09,    10,  1190,   460, 1001.7, 301,23.7,28.7, 0.0,  0, 0.0000,     0,23.0,24.8,12.7, 25,    39,    19, 1.7005, 1.4712
M5,04/07/23,15:00:10,    10,  1191,   462, 1001.7, 300,23.7,28.7, 0.0,  0, 0.0000,     0,23.0,24.8,12.5, 25,    40,    20, 1.7185, 1.5013
M5,04/07/23,15:00:11,    10,  1192,   463, 1001.7, 299,23.7,28.7, 0.0,  0, 0.0000,     0,23.0,24.8,12.5, 25,    41,    21, 1.7136, 1.5697
M5,04/07/23,15:00:12,    10,  1193,   464, 1001.7, 300,23.7,28.7, 0.0,  0, 0.0000,     0,23.0,24.8,12.5, 25,    43,    22, 1.7070, 1.6211
M5,04/07/23,15:00:13,    10,  1194,   465, 1001.7, 300,23.8,28.7, 0.0,  0, 0.0000,     0,23.0,24.8,12.5, 25,    44,    23, 1.7034, 1.6620
M5,04/07/23,15:00:14,    10,  1195,   467, 1001.7, 300,23.8,28.7, 0.0,  0, 0.0000,     0,23.0,24.8,12.5, 25,    45,    24, 1.6910, 1.7035
M5,04/07/23,15:00:15,    10,  1196,   468, 1001.7, 300,23.9,28.7, 0.0,  0, 0.0000,     0,23.0,24.8,12.7, 25,    46,    25, 1.6796, 1.7440
M5,04/07/23,15:00:16,    10,  1197,   469, 1001.8, 300,23.9,28.7, 0.0,  0, 0.0000,     0,23.0,24.8,12.7, 25,    47,    26, 1.6638, 1.7747
M5,04/07/23,15:00:17,    10,  1198,   471, 1001.8, 300,24.0,28.7, 0.0,  0, 0.0000,     0,23.0,24.8,12.7, 25,    49,    27, 1.6581, 1.7773
M5,04/07/23,15:00:18,    10,  1199,   472, 1001.8, 300,24.0,28.7, 0.0,  0, 0.0000,     0,23.0,24.8,12.7, 25,    51,    28, 1.6574, 1.7508
R5,04/07/23,15:00:18,    10,  1199,   472, 1001.8, 300,24.0,28.7, 0.0,  0, 0.0000,     0,23.0,24.8,12.7, 25,    51,    28, 1.6574, 1.7508
End
Zero
Start
M5,04/07/23,15:06:37,    11,  1576,   425, 1001.8, 301,23.8,28.4, 0.0,  0, 0.0000,     0,23.3,24.9,23.3, 20,     3,     1, 0.0000, 0.0000
M5,04/07/23,15:06:38,    11,  1577,   428, 1001.8, 299,23.8,28.4, 0.0,  0, 0.0000,     0,23.3,25.0,23.3, 20,     5,     2, 0.0000, 0.0000
M5,04/07/23,15:06:39,    11,  1578,   429, 1001.8, 300,23.8,28.4, 0.0,  0, 0.0000,     0,23.3,25.0,23.3, 20,     7,     3, 0.0000, 0.0000
M5,04/07/23,15:06:40,    11,  1579,   431, 1001.8, 300,23.8,28.4, 0.0,  0, 0.0000,     0,23.3,25.0,23.3, 20,     8,     4, 0.0000, 0.0000
M5,04/07/23,15:06:41,    11,  1580,   432, 1001.8, 300,23.9,28.4, 0.0,  0, 0.0000,     0,23.3,25.0,23.3, 20,     9,     5, 0.0000, 0.0000
M5,04/07/23,15:06:42,    11,  1581,   433, 1001.8, 300,23.9,28.4, 0.0,  0, 0.0000,     0,23.3,25.0,23.3, 20,    11,     6, 0.0000, 0.0000
M5,04/07/23,15:06:43,    11,  1582,   434, 1001.8, 300,24.0,28.4, 0.0,  0, 0.0000,     0,23.3,25.0,23.3, 20,    11,     7, 0.0000, 0.0000
M5,04/07/23,15:06:44,    11,  1583,   435, 1001.8, 300,24.0,28.4, 0.0,  0, 0.0000,     0,23.3,25.0,23.3, 20,    12,     8, 0.0000, 0.0000
M5,04/07/23,15:06:45,    11,  1584,   436, 1001.8, 300,24.0,28.4, 0.0,  0, 0.0000,     0,23.3,25.1,23.3, 20,    13,     9, 0.0000, 0.0000
M5,04/07/23,15:06:46,    11,  1585,   437, 1001.8, 300,24.1,28.5, 0.0,  0, 0.0000,     0,23.3,25.1,23.1, 25,    14,    10, 0.0000, 0.0000
M5,04/07/23,15:06:47,    11,  1586,   438, 1001.7, 300,24.1,28.5, 0.0,  0, 0.0000,     0,23.3,25.1,23.1, 25,    15,    11, 0.0000, 0.0000
M5,04/07/23,15:06:48,    11,  1587,   438, 1001.7, 300,24.2,28.5, 0.0,  0, 0.0000,     0,23.3,25.1,23.1, 25,    16,    12, 0.0000, 0.0000
M5,04/07/23,15:06:49,    11,  1588,   439, 1001.7, 300,24.2,28.5, 0.0,  0, 0.0000,     0,23.3,25.1,23.1, 25,    17,    13, 0.9980, 1.1630
M5,04/07/23,15:06:50,    11,  1589,   440, 1001.7, 300,24.3,28.5, 0.0,  0, 0.0000,     0,23.3,25.1,23.1, 25,    17,    14, 0.9642, 1.1493
M5,04/07/23,15:06:51,    11,  1590,   440, 1001.7, 300,24.3,28.5, 0.0,  0, 0.0000,     0,23.3,25.1,23.1, 25,    18,    15, 0.9317, 1.1036
M5,04/07/23,15:06:52,    11,  1591,   441, 1001.7, 300,24.4,28.5, 0.0,  0, 0.0000,     0,23.3,25.1,23.3, 25,    19,    16, 0.9437, 1.0212
M5,04/07/23,15:06:53,    11,  1592,   442, 1001.7, 300,24.4,28.5, 0.0,  0, 0.0000,     0,23.3,25.1,23.3, 25,    19,    17, 0.9172, 1.0405
M5,04/07/23,15:06:54,    11,  1593,   442, 1001.7, 300,24.4,28.5, 0.0,  0, 0.0000,     0,23.3,25.1,23.3, 25,    20,    18, 0.8997, 1.0288
M5,04/07/23,15:06:55,    11,  1594,   443, 1001.7, 300,24.5,28.5, 0.0,  0, 0.0000,     0,23.3,25.1,23.3, 25,    20,    19, 0.8831, 1.0468
M5,04/07/23,15:06:56,    11,  1595,   444, 1001.7, 300,24.5,28.5, 0.0,  0, 0.0000,     0,23.3,25.2,23.3, 25,    21,    20, 0.8680, 1.0280
M5,04/07/23,15:06:57,    11,  1596,   444, 1001.7, 299,24.6,28.5, 0.0,  0, 0.0000,     0,23.3,25.2,23.3, 25,    22,    21, 0.8699, 0.9813
M5,04/07/23,15:06:58,    11,  1597,   445, 1001.7, 300,24.6,28.5, 0.0,  0, 0.0000,     0,23.3,25.2,23.3, 25,    22,    22, 0.8609, 0.9696
M5,04/07/23,15:06:59,    11,  1598,   446, 1001.7, 300,24.7,28.4, 0.0,  0, 0.0000,     0,23.3,25.2,23.3, 25,    23,    23, 0.8707, 0.9211
M5,04/07/23,15:07:00,    11,  1599,   447, 1001.7, 300,24.7,28.4, 0.0,  0, 0.0000,     0,23.3,25.2,23.3, 25,    24,    24, 0.8788, 0.8764
M5,04/07/23,15:07:01,    11,  1600,   447, 1001.7, 300,24.7,28.4, 0.0,  0, 0.0000,     0,23.3,25.2,23.3, 25,    25,    25, 0.8782, 0.8723
M5,04/07/23,15:07:02,    11,  1601,   448, 1001.8, 300,24.8,28.4, 0.0,  0, 0.0000,     0,23.3,25.2,23.3, 25,    25,    26, 0.8799, 0.8750
M5,04/07/23,15:07:03,    11,  1602,   448, 1001.8, 300,24.8,28.4, 0.0,  0, 0.0000,     0,23.3,25.2,23.3, 25,    26,    27, 0.8745, 0.8876
M5,04/07/23,15:07:04,    11,  1603,   449, 1001.8, 300,24.9,28.5, 0.0,  0, 0.0000,     0,23.3,25.2,23.3, 25,    27,    28, 0.8774, 0.8870
M5,04/07/23,15:07:05,    11,  1604,   450, 1001.8, 300,24.9,28.5, 0.0,  0, 0.0000,     0,23.3,25.2,23.3, 25,    28,    29, 0.8790, 0.8741
M5,04/07/23,15:07:06,    11,  1605,   451, 1001.8, 300,25.0,28.5, 0.0,  0, 0.0000,     0,23.3,25.2,23.3, 25,    28,    30, 0.8827, 0.8700
M5,04/07/23,15:07:07,    11,  1606,   451, 1001.7, 300,25.0,28.5, 0.0,  0, 0.0000,     0,23.3,25.2,23.3, 25,    29,    31, 0.8804, 0.8745
M5,04/07/23,15:07:08,    11,  1607,   452, 1001.7, 300,25.0,28.5, 0.0,  0, 0.0000,     0,23.3,25.2,23.5, 25,    29,    32, 0.8761, 0.8855
M5,04/07/23,15:07:09,    11,  1608,   452, 1001.7, 300,25.1,28.5, 0.0,  0, 0.0000,     0,23.3,25.2,23.5, 25,    30,    33, 0.8700, 0.9082
M5,04/07/23,15:07:10,    11,  1609,   452, 1001.7, 300,25.1,28.5, 0.0,  0, 0.0000,     0,23.3,25.2,23.5, 25,    30,    34, 0.8597, 0.9334
M5,04/07/23,15:07:11,    11,  1610,   453, 1001.7, 300,25.2,28.5, 0.0,  0, 0.0000,     0,23.3,25.2,23.5, 25,    31,    35, 0.8536, 0.9490
M5,04/07/23,15:07:12,    11,  1611,   454, 1001.7, 300,25.2,28.5, 0.0,  0, 0.0000,     0,23.3,25.2,23.5, 25,    31,    36, 0.8470, 0.9545
M5,04/07/23,15:07:13,    11,  1612,   455, 1001.7, 300,25.3,28.5, 0.0,  0, 0.0000,     0,23.3,25.2,23.3, 25,    32,    37, 0.8467, 0.9456
M5,04/07/23,15:07:14,    11,  1613,   456, 1001.7, 300,25.3,28.5, 0.0,  0, 0.0000,     0,23.3,25.2,23.3, 25,    33,    38, 0.8479, 0.9249
M5,04/07/23,15:07:15,    11,  1614,   457, 1001.7, 300,25.3,28.5, 0.0,  0, 0.0000,     0,23.3,25.2,23.3, 25,    34,    39, 0.8511, 0.9044
M5,04/07/23,15:07:16,    11,  1615,   457, 1001.7, 300,25.3,28.5, 0.0,  0, 0.0000,     0,23.3,25.2,23.3, 25,    35,    40, 0.8530, 0.8878
M5,04/07/23,15:07:17,    11,  1616,   458, 1001.7, 300,25.3,28.5, 0.0,  0, 0.0000,     0,23.3,25.2,23.3, 25,    35,    41, 0.8533, 0.8793
M5,04/07/23,15:07:18,    11,  1617,   459, 1001.7, 300,25.4,28.4, 0.0,  0, 0.0000,     0,23.3,25.2,23.3, 25,    36,    42, 0.8546, 0.8733
M5,04/07/23,15:07:19,    11,  1618,   460, 1001.7, 300,25.4,28.4, 0.0,  0, 0.0000,     0,23.3,25.2,23.3, 25,    37,    43, 0.8569, 0.8600
M5,04/07/23,15:07:20,    11,  1619,   460, 1001.7, 300,25.4,28.5, 0.0,  0, 0.0000,     0,23.3,25.2,23.3, 25,    38,    44, 0.8614, 0.8478
M5,04/07/23,15:07:21,    11,  1620,   461, 1001.7, 300,25.4,28.5, 0.0,  0, 0.0000,     0,23.3,25.2,23.3, 25,    38,    45, 0.8618, 0.8449
M5,04/07/23,15:07:22,    11,  1621,   461, 1001.7, 300,25.5,28.5, 0.0,  0, 0.0000,     0,23.3,25.2,23.3, 25,    39,    46, 0.8624, 0.8473
M5,04/07/23,15:07:23,    11,  1622,   462, 1001.7, 300,25.5,28.5, 0.0,  0, 0.0000,     0,23.3,25.2,23.3, 25,    39,    47, 0.8610, 0.8512
M5,04/07/23,15:07:24,    11,  1623,   462, 1001.7, 300,25.5,28.5, 0.0,  0, 0.0000,     0,23.3,25.2,23.3, 25,    40,    48, 0.8597, 0.8541
M5,04/07/23,15:07:25,    11,  1624,   463, 1001.7, 300,25.5,28.5, 0.0,  0, 0.0000,     0,23.3,25.2,23.3, 25,    40,    49, 0.8576, 0.8623
M5,04/07/23,15:07:26,    11,  1625,   463, 1001.7, 300,25.5,28.5, 0.0,  0, 0.0000,     0,23.3,25.2,23.3, 25,    41,    50, 0.8553, 0.8678
M5,04/07/23,15:07:27,    11,  1626,   464, 1001.7, 300,25.6,28.5, 0.0,  0, 0.0000,     0,23.3,25.2,23.3, 25,    42,    51, 0.8546, 0.8729
M5,04/07/23,15:07:28,    11,  1627,   465, 1001.8, 300,25.6,28.5, 0.0,  0, 0.0000,     0,23.3,25.2,23.3, 25,    42,    52, 0.8528, 0.8755
M5,04/07/23,15:07:29,    11,  1628,   465, 1001.8, 300,25.7,28.5, 0.0,  0, 0.0000,     0,23.3,25.2,23.5, 25,    43,    53, 0.8510, 0.8797
M5,04/07/23,15:07:30,    11,  1629,   466, 1001.8, 300,25.7,28.5, 0.0,  0, 0.0000,     0,23.3,25.2,23.5, 25,    43,    54, 0.8492, 0.8821
M5,04/07/23,15:07:31,    11,  1630,   467, 1001.8, 300,25.7,28.5, 0.0,  0, 0.0000,     0,23.3,25.2,23.5, 25,    44,    55, 0.8475, 0.8833
M5,04/07/23,15:07:32,    11,  1631,   467, 1001.8, 300,25.7,28.5, 0.0,  0, 0.0000,     0,23.3,25.2,23.5, 25,    45,    56, 0.8467, 0.8842
M5,04/07/23,15:07:33,    11,  1632,   468, 1001.7, 300,25.7,28.5, 0.0,  0, 0.0000,     0,23.3,25.2,23.5, 25,    46,    57, 0.8455, 0.8837
M5,04/07/23,15:07:34,    11,  1633,   469, 1001.7, 300,25.8,28.5, 0.0,  0, 0.0000,     0,23.3,25.2,23.5, 25,    46,    58, 0.8446, 0.8851
M5,04/07/23,15:07:35,    11,  1634,   469, 1001.7, 300,25.8,28.5, 0.0,  0, 0.0000,     0,23.3,25.2,23.5, 25,    46,    59, 0.8422, 0.8888
M5,04/07/23,15:07:36,    11,  1635,   469, 1001.7, 300,25.8,28.5, 0.0,  0, 0.0000,     0,23.3,25.2,23.5, 25,    47,    60, 0.8402, 0.8935
R5,04/07/23,15:07:36,    11,  1635,   469, 1001.7, 300,25.8,28.5, 0.0,  0, 0.0000,     0,23.3,25.2,23.5, 25,    47,    60, 0.8402, 0.8935
End
Start
M5,04/07/23,15:08:30,    11,  1688,   427, 1001.8, 300,24.8,28.5, 0.0,  0, 0.0000,     0,23.0,24.8,23.6, 20,     2,     1, 0.0000, 0.0000
M5,04/07/23,15:08:31,    11,  1689,   428, 1001.8, 300,24.8,28.5, 0.0,  0, 0.0000,     0,23.0,24.8,23.6, 20,     4,     2, 0.0000, 0.0000
M5,04/07/23,15:08:32,    11,  1690,   430, 1001.8, 300,24.9,28.5, 0.0,  0, 0.0000,     0,23.0,24.8,23.6, 20,     5,     3, 0.0000, 0.0000
M5,04/07/23,15:08:33,    11,  1691,   430, 1001.8, 300,24.9,28.5, 0.0,  0, 0.0000,     0,23.0,24.9,23.6, 20,     6,     4, 0.0000, 0.0000
M5,04/07/23,15:08:34,    11,  1692,   431, 1001.8, 300,24.9,28.5, 0.0,  0, 0.0000,     0,23.0,24.9,23.7, 20,     6,     5, 0.0000, 0.0000
M5,04/07/23,15:08:35,    11,  1693,   432, 1001.8, 300,24.9,28.5, 0.0,  0, 0.0000,     0,23.0,24.9,23.7, 20,     7,     6, 0.0000, 0.0000
M5,04/07/23,15:08:36,    11,  1694,   433, 1001.8, 300,24.9,28.5, 0.0,  0, 0.0000,     0,23.0,24.9,23.7, 20,     9,     7, 0.0000, 0.0000
M5,04/07/23,15:08:37,    11,  1695,   434, 1001.8, 300,24.9,28.5, 0.0,  0, 0.0000,     0,23.0,24.9,23.7, 20,    10,     8, 0.0000, 0.0000
M5,04/07/23,15:08:38,    11,  1696,   435, 1001.8, 300,24.9,28.5, 0.0,  0, 0.0000,     0,23.0,24.9,23.7, 20,    10,     9, 0.0000, 0.0000
M5,04/07/23,15:08:39,    11,  1697,   436, 1001.8, 300,25.0,28.5, 0.0,  0, 0.0000,     0,23.0,24.9,23.7, 25,    11,    10, 0.0000, 0.0000
M5,04/07/23,15:08:40,    11,  1698,   436, 1001.8, 300,25.0,28.5, 0.0,  0, 0.0000,     0,23.0,24.9,23.7, 25,    12,    11, 0.0000, 0.0000
M5,04/07/23,15:08:41,    11,  1699,   437, 1001.8, 300,25.0,28.5, 0.0,  0, 0.0000,     0,23.0,25.0,23.7, 25,    12,    12, 0.0000, 0.0000
M5,04/07/23,15:08:42,    11,  1700,   438, 1001.8, 300,25.0,28.5, 0.0,  0, 0.0000,     0,23.0,25.0,23.7, 25,    13,    13, 0.8365, 0.8505
M5,04/07/23,15:08:43,    11,  1701,   439, 1001.8, 300,25.0,28.5, 0.0,  0, 0.0000,     0,23.0,25.0,23.7, 25,    14,    14, 0.8754, 0.7616
M5,04/07/23,15:08:44,    11,  1702,   439, 1001.8, 300,25.1,28.5, 0.0,  0, 0.0000,     0,23.0,25.0,23.7, 25,    15,    15, 0.9213, 0.7537
M5,04/07/23,15:08:45,    11,  1703,   440, 1001.8, 300,25.1,28.5, 0.0,  0, 0.0000,     0,23.0,25.0,23.8, 25,    15,    16, 0.9461, 0.7642
M5,04/07/23,15:08:46,    11,  1704,   441, 1001.8, 300,25.2,28.5, 0.0,  0, 0.0000,     0,23.0,25.0,23.8, 25,    16,    17, 0.9531, 0.8352
M5,04/07/23,15:08:47,    11,  1705,   442, 1001.8, 300,25.2,28.5, 0.0,  0, 0.0000,     0,23.0,25.0,23.8, 25,    17,    18, 0.9464, 0.8888
M5,04/07/23,15:08:48,    11,  1706,   442, 1001.8, 300,25.2,28.5, 0.0,  0, 0.0000,     0,23.0,25.0,23.8, 25,    17,    19, 0.9258, 0.9587
M5,04/07/23,15:08:49,    11,  1707,   443, 1001.8, 300,25.3,28.5, 0.0,  0, 0.0000,     0,23.0,25.0,23.8, 25,    18,    20, 0.9139, 0.9896
M5,04/07/23,15:08:50,    11,  1708,   443, 1001.8, 300,25.3,28.5, 0.0,  0, 0.0000,     0,23.0,25.0,23.6, 25,    19,    21, 0.9020, 0.9963
M5,04/07/23,15:08:51,    11,  1709,   444, 1001.8, 300,25.3,28.5, 0.0,  0, 0.0000,     0,23.0,25.0,23.6, 25,    19,    22, 0.9031, 0.9760
M5,04/07/23,15:08:52,    11,  1710,   445, 1001.8, 300,25.3,28.5, 0.0,  0, 0.0000,     0,23.0,25.0,23.6, 25,    20,    23, 0.8937, 0.9810
M5,04/07/23,15:08:53,    11,  1711,   445, 1001.8, 300,25.4,28.5, 0.0,  0, 0.0000,     0,23.0,25.0,23.6, 25,    20,    24, 0.8828, 0.9969
M5,04/07/23,15:08:54,    11,  1712,   446, 1001.8, 300,25.4,28.5, 0.0,  0, 0.0000,     0,23.0,25.0,23.6, 25,    21,    25, 0.8687, 1.0112
M5,04/07/23,15:08:55,    11,  1713,   446, 1001.8, 300,25.5,28.5, 0.0,  0, 0.0000,     0,22.8,25.0,23.6, 25,    22,    26, 0.8619, 1.0141
M5,04/07/23,15:08:56,    11,  1714,   447, 1001.8, 300,25.5,28.5, 0.0,  0, 0.0000,     0,22.8,25.0,23.6, 25,    22,    27, 0.8540, 1.0043
M5,04/07/23,15:08:57,    11,  1715,   448, 1001.8, 300,25.5,28.5, 0.0,  0, 0.0000,     0,22.8,25.0,23.6, 25,    23,    28, 0.8449, 1.0011
M5,04/07/23,15:08:58,    11,  1716,   448, 1001.8, 300,25.6,28.5, 0.0,  0, 0.0000,     0,22.8,25.0,23.6, 25,    23,    29, 0.8404, 0.9930
M5,04/07/23,15:08:59,    11,  1717,   449, 1001.8, 300,25.6,28.5, 0.0,  0, 0.0000,     0,22.8,25.1,23.6, 25,    24,    30, 0.8382, 0.9699
M5,04/07/23,15:09:00,    11,  1718,   450, 1001.8, 300,25.6,28.5, 0.0,  0, 0.0000,     0,22.8,25.1,23.6, 25,    25,    31, 0.8406, 0.9430
M5,04/07/23,15:09:01,    11,  1719,   450, 1001.8, 300,25.6,28.5, 0.0,  0, 0.0000,     0,22.8,25.1,23.6, 25,    26,    32, 0.8390, 0.9286
M5,04/07/23,15:09:02,    11,  1720,   451, 1001.8, 300,25.7,28.5, 0.0,  0, 0.0000,     0,22.8,25.1,23.6, 25,    26,    33, 0.8350, 0.9300
M5,04/07/23,15:09:03,    11,  1721,   451, 1001.8, 300,25.7,28.5, 0.0,  0, 0.0000,     0,22.8,25.1,23.6, 25,    27,    34, 0.8311, 0.9261
M5,04/07/23,15:09:04,    11,  1722,   452, 1001.8, 300,25.7,28.5, 0.0,  0, 0.0000,     0,22.8,25.1,23.6, 25,    27,    35, 0.8299, 0.9136
M5,04/07/23,15:09:05,    11,  1723,   453, 1001.8, 300,25.7,28.5, 0.0,  0, 0.0000,     0,22.8,25.1,23.6, 25,    28,    36, 0.8299, 0.9028
M5,04/07/23,15:09:06,    11,  1724,   454, 1001.8, 300,25.7,28.5, 0.0,  0, 0.0000,     0,22.8,25.1,23.5, 25,    29,    37, 0.8294, 0.8922
M5,04/07/23,15:09:07,    11,  1725,   454, 1001.8, 300,25.8,28.5, 0.0,  0, 0.0000,     0,22.8,25.1,23.5, 25,    29,    38, 0.8306, 0.8843
M5,04/07/23,15:09:08,    11,  1726,   455, 1001.8, 300,25.8,28.5, 0.0,  0, 0.0000,     0,22.8,25.1,23.5, 25,    30,    39, 0.8304, 0.8757
M5,04/07/23,15:09:09,    11,  1727,   456, 1001.8, 300,25.8,28.5, 0.0,  0, 0.0000,     0,22.8,25.1,23.5, 25,    31,    40, 0.8316, 0.8693
M5,04/07/23,15:09:10,    11,  1728,   456, 1001.8, 300,25.8,28.5, 0.0,  0, 0.0000,     0,22.8,25.1,23.5, 25,    31,    41, 0.8316, 0.8623
M5,04/07/23,15:09:11,    11,  1729,   457, 1001.8, 300,25.8,28.5, 0.0,  0, 0.0000,     0,22.8,25.1,23.5, 25,    32,    42, 0.8306, 0.8602
M5,04/07/23,15:09:12,    11,  1730,   457, 1001.8, 300,25.9,28.5, 0.0,  0, 0.0000,     0,22.8,25.1,23.5, 25,    32,    43, 0.8296, 0.8622
M5,04/07/23,15:09:13,    11,  1731,   458, 1001.8, 300,25.9,28.5, 0.0,  0, 0.0000,     0,22.8,25.1,23.5, 25,    33,    44, 0.8271, 0.8654
M5,04/07/23,15:09:14,    11,  1732,   458, 1001.8, 300,25.9,28.5, 0.0,  0, 0.0000,     0,22.8,25.1,23.5, 25,    33,    45, 0.8250, 0.8707
M5,04/07/23,15:09:15,    11,  1733,   459, 1001.8, 300,25.9,28.5, 0.0,  0, 0.0000,     0,22.8,25.1,23.5, 25,    34,    46, 0.8226, 0.8729
M5,04/07/23,15:09:16,    11,  1734,   459, 1001.8, 300,26.0,28.5, 0.0,  0, 0.0000,     0,22.8,25.1,23.5, 25,    35,    47, 0.8203, 0.8767
M5,04/07/23,15:09:17,    11,  1735,   460, 1001.8, 300,26.0,28.5, 0.0,  0, 0.0000,     0,22.8,25.1,23.5, 25,    35,    48, 0.8180, 0.8777
M5,04/07/23,15:09:18,    11,  1736,   461, 1001.8, 300,26.0,28.5, 0.0,  0, 0.0000,     0,22.8,25.1,23.5, 25,    36,    49, 0.8164, 0.8773
M5,04/07/23,15:09:19,    11,  1737,   462, 1001.8, 300,26.0,28.5, 0.0,  0, 0.0000,     0,22.8,25.1,23.5, 25,    37,    50, 0.8157, 0.8727
M5,04/07/23,15:09:20,    11,  1738,   462, 1001.8, 300,26.0,28.5, 0.0,  0, 0.0000,     0,22.8,25.1,23.5, 25,    38,    51, 0.8152, 0.8678
M5,04/07/23,15:09:21,    11,  1739,   463, 1001.8, 300,26.0,28.5, 0.0,  0, 0.0000,     0,22.8,25.1,23.5, 25,    38,    52, 0.8144, 0.8684
M5,04/07/23,15:09:22,    11,  1740,   463, 1001.8, 300,26.0,28.5, 0.0,  0, 0.0000,     0,22.8,25.1,23.5, 25,    38,    53, 0.8101, 0.8779
M5,04/07/23,15:09:23,    11,  1741,   463, 1001.8, 300,26.1,28.5, 0.0,  0, 0.0000,     0,22.8,25.1,23.5, 25,    38,    54, 0.8049, 0.8910
M5,04/07/23,15:09:24,    11,  1742,   463, 1001.8, 300,26.1,28.5, 0.0,  0, 0.0000,     0,22.8,25.1,23.5, 25,    38,    55, 0.7997, 0.9017
M5,04/07/23,15:09:25,    11,  1743,   464, 1001.8, 300,26.1,28.5, 0.0,  0, 0.0000,     0,22.8,25.1,23.5, 25,    39,    56, 0.7951, 0.9110
M5,04/07/23,15:09:26,    11,  1744,   465, 1001.8, 300,26.1,28.5, 0.0,  0, 0.0000,     0,22.8,25.1,23.5, 25,    40,    57, 0.7914, 0.9142
M5,04/07/23,15:09:27,    11,  1745,   465, 1001.8, 300,26.1,28.5, 0.0,  0, 0.0000,     0,22.8,25.1,23.7, 25,    41,    58, 0.7887, 0.9130
M5,04/07/23,15:09:28,    11,  1746,   466, 1001.8, 300,26.1,28.5, 0.0,  0, 0.0000,     0,22.8,25.1,23.7, 25,    41,    59, 0.7874, 0.9089
M5,04/07/23,15:09:29,    11,  1747,   467, 1001.8, 300,26.1,28.5, 0.0,  0, 0.0000,     0,22.8,25.1,23.7, 25,    42,    60, 0.7866, 0.9018
R5,04/07/23,15:09:29,    11,  1747,   467, 1001.8, 300,26.1,28.5, 0.0,  0, 0.0000,     0,22.8,25.1,23.7, 25,    42,    60, 0.7866, 0.9018
End
Start
M5,04/07/23,15:10:16,    11,  1794,   437, 1001.8, 300,25.1,28.6, 0.0,  0, 0.0000,     0,22.8,24.6,23.7, 20,     2,     1, 0.0000, 0.0000
M5,04/07/23,15:10:17,    11,  1795,   439, 1001.8, 300,25.1,28.6, 0.0,  0, 0.0000,     0,22.8,24.7,23.7, 20,     4,     2, 0.0000, 0.0000
M5,04/07/23,15:10:18,    11,  1796,   440, 1001.8, 300,25.1,28.6, 0.0,  0, 0.0000,     0,22.8,24.7,23.7, 20,     5,     3, 0.0000, 0.0000
M5,04/07/23,15:10:19,    11,  1797,   441, 1001.8, 300,25.1,28.6, 0.0,  0, 0.0000,     0,22.8,24.7,23.7, 20,     6,     4, 0.0000, 0.0000
M5,04/07/23,15:10:20,    11,  1798,   442, 1001.8, 300,25.1,28.6, 0.0,  0, 0.0000,     0,22.8,24.7,23.7, 20,     6,     5, 0.0000, 0.0000
M5,04/07/23,15:10:21,    11,  1799,   443, 1001.8, 300,25.2,28.6, 0.0,  0, 0.0000,     0,22.8,24.7,23.4, 20,     7,     6, 0.0000, 0.0000
M5,04/07/23,15:10:22,    11,  1800,   444, 1001.8, 300,25.2,28.6, 0.0,  0, 0.0000,     0,22.8,24.7,23.4, 20,     8,     7, 0.0000, 0.0000
M5,04/07/23,15:10:23,    11,  1801,   445, 1001.8, 300,25.2,28.6, 0.0,  0, 0.0000,     0,22.8,24.7,23.4, 20,     9,     8, 0.0000, 0.0000
M5,04/07/23,15:10:24,    11,  1802,   445, 1001.8, 300,25.2,28.6, 0.0,  0, 0.0000,     0,22.8,24.7,23.4, 20,    10,     9, 0.0000, 0.0000
M5,04/07/23,15:10:25,    11,  1803,   446, 1001.8, 300,25.3,28.6, 0.0,  0, 0.0000,     0,22.8,24.8,23.4, 25,    10,    10, 0.0000, 0.0000
M5,04/07/23,15:10:26,    11,  1804,   446, 1001.8, 300,25.3,28.6, 0.0,  0, 0.0000,     0,22.8,24.8,23.4, 25,    11,    11, 0.0000, 0.0000
M5,04/07/23,15:10:27,    11,  1805,   447, 1001.8, 300,25.4,28.6, 0.0,  0, 0.0000,     0,22.8,24.8,23.4, 25,    11,    12, 0.0000, 0.0000
M5,04/07/23,15:10:28,    11,  1806,   447, 1001.8, 300,25.4,28.6, 0.0,  0, 0.0000,     0,22.8,24.8,23.4, 25,    12,    13, 0.5766, 0.4185
M5,04/07/23,15:10:29,    11,  1807,   448, 1001.8, 300,25.4,28.6, 0.0,  0, 0.0000,     0,22.8,24.8,23.4, 25,    12,    14, 0.5945, 0.4751
M5,04/07/23,15:10:30,    11,  1808,   448, 1001.8, 300,25.4,28.6, 0.0, 21, 0.0000,     0,22.8,24.8,23.4, 25,    13,    15, 0.6733, 0.3924
M5,04/07/23,15:10:31,    11,  1809,   449, 1001.8, 300,25.4,28.6, 0.0, 21, 0.0000,     0,22.8,24.8,23.6, 25,    14,    16, 0.7608, 0.3108
M5,04/07/23,15:10:32,    11,  1810,   450, 1001.8, 300,25.5,28.6, 0.0, 21, 0.0000,     0,22.8,24.8,23.6, 25,    15,    17, 0.8101, 0.3893
M5,04/07/23,15:10:33,    11,  1811,   451, 1001.8, 300,25.5,28.6, 0.0, 21, 0.0000,     0,22.8,24.8,23.6, 25,    15,    18, 0.8181, 0.5187
M5,04/07/23,15:10:34,    11,  1812,   451, 1001.8, 300,25.6,28.6, 0.0,  0, 0.0000,     0,22.8,24.9,23.6, 25,    16,    19, 0.8046, 0.6670
M5,04/07/23,15:10:35,    11,  1813,   451, 1001.8, 300,25.6,28.6, 0.0,  0, 0.0000,     0,22.8,24.9,23.6, 25,    16,    20, 0.7776, 0.7807
M5,04/07/23,15:10:36,    11,  1814,   452, 1001.8, 300,25.6,28.6, 0.0,  0, 0.0000,     0,22.8,24.9,23.6, 25,    16,    21, 0.7566, 0.8360
M5,04/07/23,15:10:37,    11,  1815,   452, 1001.8, 300,25.6,28.6, 0.0,  0, 0.0000,     0,22.8,24.9,23.6, 25,    17,    22, 0.7421, 0.8622
M5,04/07/23,15:10:38,    11,  1816,   453, 1001.8, 300,25.6,28.6, 0.0,  0, 0.0000,     0,22.8,24.9,23.6, 25,    17,    23, 0.7284, 0.8687
M5,04/07/23,15:10:39,    11,  1817,   454, 1001.8, 300,25.7,28.6, 0.0,  0, 0.0000,     0,22.8,24.9,23.6, 25,    18,    24, 0.7308, 0.8363
M5,04/07/23,15:10:40,    11,  1818,   454, 1001.8, 300,25.7,28.6, 0.0,  0, 0.0000,     0,22.8,24.9,23.6, 25,    19,    25, 0.7327, 0.8018
M5,04/07/23,15:10:42,    11,  1819,   455, 1001.8, 300,25.7,28.6, 0.0,  0, 0.0000,     0,22.8,24.9,23.6, 25,    20,    26, 0.7379, 0.7733
M5,04/07/23,15:10:43,    11,  1820,   456, 1001.8, 300,25.7,28.6, 0.0,  0, 0.0000,     0,22.8,24.9,23.6, 25,    20,    27, 0.7391, 0.7582
M5,04/07/23,15:10:44,    11,  1821,   456, 1001.8, 300,25.7,28.6, 0.0,  0, 0.0000,     0,22.8,24.9,23.6, 25,    21,    28, 0.7384, 0.7534
M5,04/07/23,15:10:45,    11,  1822,   457, 1001.8, 300,25.8,28.6, 0.0,  0, 0.0000,     0,22.8,24.9,23.6, 25,    21,    29, 0.7388, 0.7564
M5,04/07/23,15:10:46,    11,  1823,   457, 1001.8, 300,25.8,28.6, 0.0,  0, 0.0000,     0,22.8,24.9,23.6, 25,    22,    30, 0.7360, 0.7595
M5,04/07/23,15:10:47,    11,  1824,   458, 1001.8, 300,25.9,28.6, 0.0,  0, 0.0000,     0,22.8,24.9,23.6, 25,    22,    31, 0.7345, 0.7649
M5,04/07/23,15:10:48,    11,  1825,   458, 1001.8, 300,25.9,28.6, 0.0,  0, 0.0000,     0,22.8,24.9,23.6, 25,    23,    32, 0.7333, 0.7610
M5,04/07/23,15:10:49,    11,  1826,   459, 1001.8, 300,25.9,28.6, 0.0,  0, 0.0000,     0,22.8,24.9,23.6, 25,    23,    33, 0.7327, 0.7615
M5,04/07/23,15:10:50,    11,  1827,   459, 1001.8, 300,25.9,28.6, 0.0,  0, 0.0000,     0,22.8,24.9,23.6, 25,    24,    34, 0.7303, 0.7624
M5,04/07/23,15:10:51,    11,  1828,   460, 1001.8, 300,26.0,28.6, 0.0,  0, 0.0000,     0,22.8,24.9,23.6, 25,    25,    35, 0.7306, 0.7592
M5,04/07/23,15:10:52,    11,  1829,   461, 1001.8, 300,26.0,28.6, 0.0,  0, 0.0000,     0,22.8,24.9,23.6, 25,    25,    36, 0.7325, 0.7458
M5,04/07/23,15:10:53,    11,  1830,   461, 1001.8, 300,26.0,28.6, 0.0,  0, 0.0000,     0,22.8,24.9,23.6, 25,    26,    37, 0.7334, 0.7385
M5,04/07/23,15:10:54,    11,  1831,   462, 1001.8, 300,26.0,28.6, 0.0,  0, 0.0000,     0,22.8,24.9,23.6, 25,    26,    38, 0.7342, 0.7361
M5,04/07/23,15:10:55,    11,  1832,   462, 1001.8, 300,26.0,28.6, 0.0,  0, 0.0000,     0,22.8,24.9,23.6, 25,    27,    39, 0.7336, 0.7357
M5,04/07/23,15:10:56,    11,  1833,   463, 1001.8, 300,26.1,28.6, 0.0,  0, 0.0000,     0,22.8,24.9,23.6, 25,    27,    40, 0.7323, 0.7425
M5,04/07/23,15:10:57,    11,  1834,   463, 1001.8, 300,26.1,28.6, 0.0,  0, 0.0000,     0,22.8,24.9,23.6, 25,    28,    41, 0.7298, 0.7480
M5,04/07/23,15:10:58,    11,  1835,   463, 1001.8, 300,26.1,28.6, 0.0,  0, 0.0000,     0,22.8,24.9,23.6, 25,    28,    42, 0.7268, 0.7576
M5,04/07/23,15:10:59,    11,  1836,   464, 1001.8, 300,26.1,28.6, 0.0,  0, 0.0000,     0,22.6,24.9,23.6, 25,    29,    43, 0.7233, 0.7646
M5,04/07/23,15:11:00,    11,  1837,   464, 1001.8, 300,26.1,28.6, 0.0,  0, 0.0000,     0,22.6,25.0,23.6, 25,    29,    44, 0.7200, 0.7705
M5,04/07/23,15:11:01,    11,  1838,   465, 1001.8, 300,26.1,28.6, 0.0,  0, 0.0000,     0,22.6,25.0,23.6, 25,    30,    45, 0.7180, 0.7718
M5,04/07/23,15:11:02,    11,  1839,   466, 1001.8, 300,26.1,28.6, 0.0,  0, 0.0000,     0,22.6,25.0,23.6, 25,    30,    46, 0.7158, 0.7726
M5,04/07/23,15:11:03,    11,  1840,   466, 1001.8, 300,26.2,28.6, 0.0,  0, 0.0000,     0,22.6,25.0,23.6, 25,    31,    47, 0.7147, 0.7729
M5,04/07/23,15:11:04,    11,  1841,   467, 1001.8, 300,26.2,28.6, 0.0,  0, 0.0000,     0,22.8,25.0,23.6, 25,    32,    48, 0.7136, 0.7696
M5,04/07/23,15:11:05,    11,  1842,   468, 1001.8, 300,26.2,28.6, 0.0,  0, 0.0000,     0,22.8,25.0,23.6, 25,    32,    49, 0.7136, 0.7645
M5,04/07/23,15:11:06,    11,  1843,   468, 1001.8, 300,26.2,28.6, 0.0,  0, 0.0000,     0,22.8,25.0,23.6, 25,    33,    50, 0.7137, 0.7578
M5,04/07/23,15:11:07,    11,  1844,   469, 1001.8, 300,26.2,28.6, 0.0,  0, 0.0000,     0,22.8,25.0,23.6, 25,    33,    51, 0.7136, 0.7528
M5,04/07/23,15:11:08,    11,  1845,   469, 1001.8, 300,26.2,28.7, 0.0,  0, 0.0000,     0,22.8,25.0,23.6, 25,    34,    52, 0.7147, 0.7472
M5,04/07/23,15:11:09,    11,  1846,   470, 1001.8, 300,26.2,28.7, 0.0,  0, 0.0000,     0,22.6,25.0,23.6, 25,    35,    53, 0.7161, 0.7378
M5,04/07/23,15:11:10,    11,  1847,   471, 1001.8, 300,26.3,28.7, 0.0,  0, 0.0000,     0,22.6,25.0,23.6, 25,    36,    54, 0.7181, 0.7290
M5,04/07/23,15:11:11,    11,  1848,   472, 1001.8, 300,26.3,28.7, 0.0,  0, 0.0000,     0,22.6,25.0,23.6, 25,    36,    55, 0.7199, 0.7201
M5,04/07/23,15:11:12,    11,  1849,   472, 1001.8, 300,26.3,28.6, 0.0,  0, 0.0000,     0,22.6,25.0,23.6, 25,    37,    56, 0.7214, 0.7138
M5,04/07/23,15:11:13,    11,  1850,   473, 1001.8, 300,26.3,28.6, 0.0,  0, 0.0000,     0,22.6,25.0,23.6, 25,    37,    57, 0.7224, 0.7094
M5,04/07/23,15:11:14,    11,  1851,   473, 1001.8, 300,26.3,28.7, 0.0,  0, 0.0000,     0,22.6,25.0,23.6, 25,    38,    58, 0.7244, 0.7054
M5,04/07/23,15:11:15,    11,  1852,   474, 1001.8, 300,26.3,28.7, 0.0,  0, 0.0000,     0,22.6,25.0,23.8, 25,    39,    59, 0.7258, 0.7005
M5,04/07/23,15:11:16,    11,  1853,   474, 1001.8, 300,26.3,28.7, 0.0,  0, 0.0000,     0,22.6,25.0,23.8, 25,    39,    60, 0.7263, 0.6992
R5,04/07/23,15:11:16,    11,  1853,   474, 1001.8, 300,26.3,28.7, 0.0,  0, 0.0000,     0,22.6,25.0,23.8, 25,    39,    60, 0.7263, 0.6992
End
Zero
Start
M5,04/07/23,15:17:01,    12,  2196,   443, 1001.8, 300,22.6,28.6, 0.0,  0, 0.0000,     0,23.7,24.8,14.6, 20,     1,     1, 0.0000, 0.0000
M5,04/07/23,15:17:02,    12,  2197,   444, 1001.8, 300,22.7,28.6, 0.0,  0, 0.0000,     0,23.7,24.8,14.6, 20,     2,     2, 0.0000, 0.0000
M5,04/07/23,15:17:03,    12,  2198,   445, 1001.8, 300,22.7,28.6, 0.0,  0, 0.0000,     0,23.7,24.8,14.4, 20,     4,     3, 0.0000, 0.0000
M5,04/07/23,15:17:04,    12,  2199,   446, 1001.8, 300,22.8,28.6, 0.0,  0, 0.0000,     0,23.7,24.8,14.4, 20,     5,     4, 0.0000, 0.0000
M5,04/07/23,15:17:05,    12,  2200,   448, 1001.8, 300,22.8,28.6, 0.0,  0, 0.0000,     0,23.7,24.8,14.4, 20,     6,     5, 0.0000, 0.0000
M5,04/07/23,15:17:06,    12,  2201,   449, 1001.8, 300,22.9,28.6, 0.0,  0, 0.0000,     0,23.7,24.8,14.4, 20,     8,     6, 0.0000, 0.0000
M5,04/07/23,15:17:07,    12,  2202,   450, 1001.8, 300,22.9,28.6, 0.0,  0, 0.0000,     0,23.7,24.8,14.4, 20,     9,     7, 0.0000, 0.0000
M5,04/07/23,15:17:08,    12,  2203,   451, 1001.8, 300,22.9,28.6, 0.0,  0, 0.0000,     0,23.7,24.8,14.4, 20,    10,     8, 0.0000, 0.0000
M5,04/07/23,15:17:09,    12,  2204,   452, 1001.8, 300,23.1,28.6, 0.0,  0, 0.0000,     0,23.7,24.8,14.6, 20,    11,     9, 0.0000, 0.0000
M5,04/07/23,15:17:10,    12,  2205,   453, 1001.8, 300,23.1,28.6, 0.0,  0, 0.0000,     0,23.7,24.9,14.6, 25,    12,    10, 0.0000, 0.0000
M5,04/07/23,15:17:11,    12,  2206,   454, 1001.8, 300,23.3,28.6, 0.0,  0, 0.0000,     0,23.7,24.9,14.6, 25,    13,    11, 0.0000, 0.0000
M5,04/07/23,15:17:12,    12,  2207,   455, 1001.8, 300,23.3,28.6, 0.0,  0, 0.0000,     0,23.7,24.9,14.6, 25,    14,    12, 0.0000, 0.0000
M5,04/07/23,15:17:13,    12,  2208,   456, 1001.8, 300,23.4,28.6, 0.0,  0, 0.0000,     0,23.7,24.9,14.6, 25,    14,    13, 1.0427, 1.3385
M5,04/07/23,15:17:14,    12,  2209,   456, 1001.8, 300,23.4,28.6, 0.0,  0, 0.0000,     0,23.7,24.9,14.5, 25,    15,    14, 0.9699, 1.2513
M5,04/07/23,15:17:15,    12,  2210,   457, 1001.8, 300,23.5,28.6, 0.0,  0, 0.0000,     0,23.7,24.9,14.5, 25,    16,    15, 0.9694, 1.1267
M5,04/07/23,15:17:16,    12,  2211,   458, 1001.8, 300,23.5,28.6, 0.0,  0, 0.0000,     0,23.7,24.9,14.5, 25,    17,    16, 0.9871, 0.9850
M5,04/07/23,15:17:17,    12,  2212,   459, 1001.8, 300,23.5,28.6, 0.0,  0, 0.0000,     0,23.7,24.9,14.5, 25,    18,    17, 0.9958, 0.9440
M5,04/07/23,15:17:18,    12,  2213,   460, 1001.8, 300,23.7,28.6, 0.0,  0, 0.0000,     0,23.7,24.9,14.5, 25,    19,    18, 1.0261, 0.9137
M5,04/07/23,15:17:19,    12,  2214,   461, 1001.8, 300,23.7,28.6, 0.0,  0, 0.0000,     0,23.7,24.9,14.3, 25,    20,    19, 1.0331, 0.9154
M5,04/07/23,15:17:20,    12,  2215,   462, 1001.8, 300,23.9,28.6, 0.0,  0, 0.0000,     0,23.7,24.9,14.3, 25,    21,    20, 1.0520, 0.9125
M5,04/07/23,15:17:21,    12,  2216,   462, 1001.8, 300,23.9,28.6, 0.0,  0, 0.0000,     0,23.7,24.9,14.3, 25,    21,    21, 1.0417, 0.9687
M5,04/07/23,15:17:22,    12,  2217,   463, 1001.8, 300,24.0,28.6, 0.0,  0, 0.0000,     0,23.7,24.9,14.3, 25,    22,    22, 1.0338, 1.0240
M5,04/07/23,15:17:23,    12,  2218,   464, 1001.8, 300,24.0,28.6, 0.0,  0, 0.0000,     0,23.7,24.9,14.3, 25,    23,    23, 1.0297, 1.0266
M5,04/07/23,15:17:24,    12,  2219,   465, 1001.8, 300,24.0,28.6, 0.0,  0, 0.0000,     0,23.7,24.9,14.3, 25,    24,    24, 1.0314, 1.0110
M5,04/07/23,15:17:25,    12,  2220,   465, 1001.7, 300,24.1,28.6, 0.0,  0, 0.0000,     0,23.7,24.9,14.2, 25,    24,    25, 1.0247, 1.0499
M5,04/07/23,15:17:26,    12,  2221,   466, 1001.7, 300,24.1,28.6, 0.0,  0, 0.0000,     0,23.7,24.9,14.2, 25,    25,    26, 1.0118, 1.0757
M5,04/07/23,15:17:27,    12,  2222,   467, 1001.7, 300,24.3,28.6, 0.0,  0, 0.0000,     0,23.7,24.9,14.2, 25,    25,    27, 1.0032, 1.0985
M5,04/07/23,15:17:28,    12,  2223,   468, 1001.7, 300,24.3,28.6, 0.0,  0, 0.0000,     0,23.7,24.9,14.2, 25,    26,    28, 0.9910, 1.1113
M5,04/07/23,15:17:29,    12,  2224,   468, 1001.7, 300,24.4,28.6, 0.0,  0, 0.0000,     0,23.7,25.0,14.2, 25,    27,    29, 0.9855, 1.1129
M5,04/07/23,15:17:30,    12,  2225,   469, 1001.7, 300,24.4,28.6, 0.0,  0, 0.0000,     0,23.7,25.0,14.6, 25,    28,    30, 0.9742, 1.1206
M5,04/07/23,15:17:31,    12,  2226,   470, 1001.7, 300,24.4,28.6, 0.0,  0, 0.0000,     0,23.7,25.0,14.6, 25,    28,    31, 0.9637, 1.1240
M5,04/07/23,15:17:32,    12,  2227,   470, 1001.7, 300,24.5,28.6, 0.0,  0, 0.0000,     0,23.7,25.0,14.6, 25,    29,    32, 0.9568, 1.1269
M5,04/07/23,15:17:33,    12,  2228,   471, 1001.8, 300,24.5,28.6, 0.0,  0, 0.0000,     0,23.7,25.0,14.6, 25,    30,    33, 0.9477, 1.1250
M5,04/07/23,15:17:34,    12,  2229,   472, 1001.8, 300,24.6,28.6, 0.0,  0, 0.0000,     0,23.7,25.0,14.6, 25,    30,    34, 0.9413, 1.1231
M5,04/07/23,15:17:35,    12,  2230,   472, 1001.8, 300,24.6,28.6, 0.0,  0, 0.0000,     0,23.7,25.0,14.7, 25,    31,    35, 0.9336, 1.1177
M5,04/07/23,15:17:36,    12,  2231,   473, 1001.8, 300,24.7,28.6, 0.0,  0, 0.0000,     0,23.7,25.0,14.7, 25,    32,    36, 0.9306, 1.1081
M5,04/07/23,15:17:37,    12,  2232,   474, 1001.8, 300,24.7,28.6, 0.0,  0, 0.0000,     0,23.7,24.9,14.7, 25,    33,    37, 0.9267, 1.0923
M5,04/07/23,15:17:38,    12,  2233,   475, 1001.8, 300,24.8,28.6, 0.0,  0, 0.0000,     0,23.7,24.9,14.7, 25,    33,    38, 0.9259, 1.0761
M5,04/07/23,15:17:39,    12,  2234,   476, 1001.8, 300,24.8,28.6, 0.0,  0, 0.0000,     0,23.7,24.9,14.7, 25,    34,    39, 0.9244, 1.0575
M5,04/07/23,15:17:40,    12,  2235,   476, 1001.8, 300,24.8,28.6, 0.0,  0, 0.0000,     0,23.7,24.9,14.7, 25,    35,    40, 0.9225, 1.0435
M5,04/07/23,15:17:41,    12,  2236,   477, 1001.8, 300,24.8,28.6, 0.0,  0, 0.0000,     0,23.7,24.9,14.6, 25,    36,    41, 0.9227, 1.0300
M5,04/07/23,15:17:42,    12,  2237,   478, 1001.8, 300,24.8,28.6, 0.0,  0, 0.0000,     0,23.7,24.9,14.6, 25,    37,    42, 0.9222, 1.0149
M5,04/07/23,15:17:43,    12,  2238,   479, 1001.8, 300,24.9,28.6, 0.0,  0, 0.0000,     0,23.7,24.9,14.6, 25,    37,    43, 0.9215, 1.0085
M5,04/07/23,15:17:44,    12,  2239,   479, 1001.8, 300,24.9,28.6, 0.0,  0, 0.0000,     0,23.7,25.0,14.6, 25,    38,    44, 0.9203, 0.9993
M5,04/07/23,15:17:45,    12,  2240,   480, 1001.8, 300,25.0,28.6, 0.0,  0, 0.0000,     0,23.7,25.0,14.6, 25,    38,    45, 0.9185, 1.0010
M5,04/07/23,15:17:46,    12,  2241,   480, 1001.8, 300,25.0,28.6, 0.0,  0, 0.0000,     0,23.7,25.0,14.7, 25,    39,    46, 0.9143, 1.0038
M5,04/07/23,15:17:47,    12,  2242,   481, 1001.8, 300,25.0,28.6, 0.0,  0, 0.0000,     0,23.7,25.0,14.7, 25,    39,    47, 0.9095, 1.0086
M5,04/07/23,15:17:48,    12,  2243,   482, 1001.8, 300,25.1,28.6, 0.0,  0, 0.0000,     0,23.7,25.0,14.7, 25,    40,    48, 0.9076, 1.0069
M5,04/07/23,15:17:49,    12,  2244,   483, 1001.8, 300,25.1,28.6, 0.0,  0, 0.0000,     0,23.7,25.0,14.7, 25,    41,    49, 0.9055, 1.0017
M5,04/07/23,15:17:50,    12,  2245,   483, 1001.8, 300,25.1,28.6, 0.0,  0, 0.0000,     0,23.7,25.0,14.7, 25,    42,    50, 0.9037, 1.0007
M5,04/07/23,15:17:51,    12,  2246,   484, 1001.8, 300,25.1,28.6, 0.0,  0, 0.0000,     0,23.7,25.0,14.7, 25,    42,    51, 0.9003, 1.0011
M5,04/07/23,15:17:52,    12,  2247,   484, 1001.8, 300,25.2,28.6, 0.0,  0, 0.0000,     0,23.7,25.0,14.7, 25,    43,    52, 0.8980, 1.0021
M5,04/07/23,15:17:53,    12,  2248,   485, 1001.8, 300,25.2,28.6, 0.0,  0, 0.0000,     0,23.7,25.0,14.7, 25,    44,    53, 0.8949, 1.0013
M5,04/07/23,15:17:54,    12,  2249,   486, 1001.8, 300,25.2,28.6, 0.0,  0, 0.0000,     0,23.7,25.0,14.7, 25,    45,    54, 0.8926, 0.9980
M5,04/07/23,15:17:55,    12,  2250,   487, 1001.8, 300,25.2,28.6, 0.0,  0, 0.0000,     0,23.7,25.0,14.7, 25,    45,    55, 0.8916, 0.9932
M5,04/07/23,15:17:56,    12,  2251,   488, 1001.8, 300,25.2,28.6, 0.0,  0, 0.0000,     0,23.7,25.0,14.7, 25,    46,    56, 0.8899, 0.9884
M5,04/07/23,15:17:57,    12,  2252,   488, 1001.8, 300,25.3,28.6, 0.0,  0, 0.0000,     0,23.7,25.0,14.7, 25,    47,    57, 0.8891, 0.9825
M5,04/07/23,15:17:58,    12,  2253,   489, 1001.8, 300,25.3,28.6, 0.0,  0, 0.0000,     0,23.7,25.0,14.7, 25,    48,    58, 0.8890, 0.9733
M5,04/07/23,15:17:59,    12,  2254,   490, 1001.8, 300,25.3,28.6, 0.0,  0, 0.0000,     0,23.7,25.0,14.7, 25,    49,    59, 0.8900, 0.9647
M5,04/07/23,15:18:00,    12,  2255,   491, 1001.8, 300,25.3,28.6, 0.0,  0, 0.0000,     0,23.7,25.0,14.7, 25,    49,    60, 0.8895, 0.9585
R5,04/07/23,15:18:00,    12,  2255,   491, 1001.8, 300,25.3,28.6, 0.0,  0, 0.0000,     0,23.7,25.0,14.7, 25,    49,    60, 0.8895, 0.9585
End
Start
M5,04/07/23,15:18:46,    12,  2301,   427, 1001.8, 300,23.5,28.5, 0.0,  0, 0.0000,     0,23.7,24.4,14.6, 20,     2,     1, 0.0000, 0.0000
M5,04/07/23,15:18:47,    12,  2302,   429, 1001.8, 300,23.5,28.5, 0.0,  0, 0.0000,     0,23.7,24.5,14.6, 20,     3,     2, 0.0000, 0.0000
M5,04/07/23,15:18:48,    12,  2303,   430, 1001.8, 300,23.5,28.5, 0.0,  0, 0.0000,     0,23.7,24.5,14.6, 20,     4,     3, 0.0000, 0.0000
M5,04/07/23,15:18:49,    12,  2304,   431, 1001.8, 300,23.5,28.5, 0.0,  0, 0.0000,     0,23.7,24.5,14.6, 20,     5,     4, 0.0000, 0.0000
M5,04/07/23,15:18:50,    12,  2305,   432, 1001.8, 300,23.6,28.5, 0.0,  0, 0.0000,     0,23.7,24.5,14.5, 20,     7,     5, 0.0000, 0.0000
M5,04/07/23,15:18:51,    12,  2306,   433, 1001.8, 300,23.6,28.5, 0.0,  0, 0.0000,     0,23.7,24.5,14.5, 20,     7,     6, 0.0000, 0.0000
M5,04/07/23,15:18:52,    12,  2307,   434, 1001.8, 300,23.7,28.5, 0.0,  0, 0.0000,     0,23.7,24.5,14.5, 20,     8,     7, 0.0000, 0.0000
M5,04/07/23,15:18:53,    12,  2308,   434, 1001.8, 300,23.7,28.5, 0.0,  0, 0.0000,     0,23.7,24.5,14.5, 20,     9,     8, 0.0000, 0.0000
M5,04/07/23,15:18:54,    12,  2309,   435, 1001.8, 300,23.8,28.5, 0.0,  0, 0.0000,     0,23.7,24.6,14.5, 20,    10,     9, 0.0000, 0.0000
M5,04/07/23,15:18:55,    12,  2310,   436, 1001.8, 300,23.8,28.5, 0.0,  0, 0.0000,     0,23.7,24.6,14.5, 25,    11,    10, 0.0000, 0.0000
M5,04/07/23,15:18:56,    12,  2311,   437, 1001.8, 300,23.8,28.5, 0.0,  0, 0.0000,     0,23.7,24.6,14.5, 25,    11,    11, 0.0000, 0.0000
M5,04/07/23,15:18:57,    12,  2312,   438, 1001.8, 300,23.9,28.5, 0.0,  0, 0.0000,     0,23.7,24.6,14.5, 25,    12,    12, 0.0000, 0.0000
M5,04/07/23,15:18:58,    12,  2313,   438, 1001.8, 300,23.9,28.5, 0.0,  0, 0.0000,     0,23.7,24.6,14.5, 25,    13,    13, 0.8787, 0.8687
M5,04/07/23,15:18:59,    12,  2314,   439, 1001.8, 300,24.0,28.5, 0.0,  0, 0.0000,     0,23.7,24.6,14.5, 25,    13,    14, 0.8322, 0.9951
M5,04/07/23,15:19:00,    12,  2315,   440, 1001.8, 300,24.0,28.5, 0.0,  0, 0.0000,     0,23.7,24.6,14.5, 25,    14,    15, 0.8346, 0.8855
M5,04/07/23,15:19:01,    12,  2316,   440, 1001.8, 300,24.1,28.5, 0.0,  0, 0.0000,     0,23.7,24.6,14.6, 25,    15,    16, 0.8375, 0.8656
M5,04/07/23,15:19:02,    12,  2317,   441, 1001.8, 301,24.1,28.5, 0.0,  0, 0.0000,     0,23.7,24.6,14.6, 25,    16,    17, 0.8476, 0.8158
M5,04/07/23,15:19:03,    12,  2318,   442, 1001.8, 300,24.1,28.5, 0.0,  0, 0.0000,     0,23.7,24.6,14.6, 25,    16,    18, 0.8484, 0.8155
M5,04/07/23,15:19:04,    12,  2319,   443, 1001.8, 300,24.2,28.5, 0.0,  0, 0.0000,     0,23.7,24.6,14.6, 25,    17,    19, 0.8627, 0.8035
M5,04/07/23,15:19:05,    12,  2320,   443, 1001.8, 300,24.2,28.5, 0.0,  0, 0.0000,     0,23.7,24.6,14.6, 25,    18,    20, 0.8635, 0.8106
M5,04/07/23,15:19:06,    12,  2321,   444, 1001.8, 300,24.3,28.5, 0.0,  0, 0.0000,     0,23.7,24.6,14.5, 25,    19,    21, 0.8733, 0.8077
M5,04/07/23,15:19:07,    12,  2322,   445, 1001.8, 300,24.3,28.5, 0.0,  0, 0.0000,     0,23.7,24.6,14.5, 25,    19,    22, 0.8735, 0.8170
M5,04/07/23,15:19:08,    12,  2323,   446, 1001.8, 300,24.4,28.5, 0.0,  0, 0.0000,     0,23.7,24.6,14.5, 25,    20,    23, 0.8815, 0.8186
M5,04/07/23,15:19:09,    12,  2324,   446, 1001.8, 300,24.4,28.5, 0.0,  0, 0.0000,     0,23.7,24.6,14.5, 25,    21,    24, 0.8861, 0.8118
M5,04/07/23,15:19:10,    12,  2325,   447, 1001.8, 300,24.4,28.5, 0.0,  0, 0.0000,     0,23.7,24.7,14.5, 25,    22,    25, 0.8897, 0.8213
M5,04/07/23,15:19:11,    12,  2326,   448, 1001.8, 300,24.4,28.5, 0.0,  0, 0.0000,     0,23.7,24.6,14.4, 25,    23,    26, 0.8923, 0.8212
M5,04/07/23,15:19:12,    12,  2327,   449, 1001.8, 300,24.4,28.5, 0.0,  0, 0.0000,     0,23.7,24.7,14.4, 25,    23,    27, 0.8924, 0.8297
M5,04/07/23,15:19:14,    12,  2328,   449, 1001.8, 300,24.5,28.5, 0.0,  0, 0.0000,     0,23.7,24.7,14.4, 25,    24,    28, 0.8939, 0.8445
M5,04/07/23,15:19:15,    12,  2329,   450, 1001.8, 300,24.5,28.5, 0.0,  0, 0.0000,     0,23.7,24.7,14.4, 25,    24,    29, 0.8885, 0.8664
M5,04/07/23,15:19:16,    12,  2330,   450, 1001.8, 300,24.6,28.5, 0.0,  0, 0.0000,     0,23.7,24.7,14.4, 25,    25,    30, 0.8851, 0.8849
M5,04/07/23,15:19:17,    12,  2331,   451, 1001.8, 300,24.6,28.5, 0.0,  0, 0.0000,     0,23.7,24.7,14.4, 25,    25,    31, 0.8753, 0.9130
M5,04/07/23,15:19:18,    12,  2332,   451, 1001.8, 300,24.7,28.5, 0.0,  0, 0.0000,     0,23.7,24.7,14.6, 25,    26,    32, 0.8685, 0.9322
M5,04/07/23,15:19:19,    12,  2333,   452, 1001.8, 300,24.7,28.5, 0.0,  0, 0.0000,     0,23.7,24.7,14.6, 25,    27,    33, 0.8633, 0.9357
M5,04/07/23,15:19:20,    12,  2334,   453, 1001.8, 300,24.7,28.5, 0.0,  0, 0.0000,     0,23.7,24.7,14.6, 25,    28,    34, 0.8587, 0.9370
M5,04/07/23,15:19:21,    12,  2335,   454, 1001.8, 300,24.7,28.5, 0.0,  0, 0.0000,     0,23.7,24.7,14.6, 25,    28,    35, 0.8564, 0.9385
M5,04/07/23,15:19:22,    12,  2336,   454, 1001.8, 300,24.7,28.5, 0.0,  0, 0.0000,     0,23.7,24.7,14.6, 25,    29,    36, 0.8526, 0.9368
M5,04/07/23,15:19:23,    12,  2337,   455, 1001.8, 300,24.8,28.5, 0.0,  0, 0.0000,     0,23.7,24.7,14.4, 25,    29,    37, 0.8473, 0.9456
M5,04/07/23,15:19:24,    12,  2338,   455, 1001.8, 300,24.8,28.5, 0.0,  0, 0.0000,     0,23.7,24.7,14.4, 25,    30,    38, 0.8404, 0.9538
M5,04/07/23,15:19:25,    12,  2339,   456, 1001.8, 300,24.9,28.5, 0.0,  0, 0.0000,     0,23.7,24.7,14.4, 25,    30,    39, 0.8346, 0.9630
M5,04/07/23,15:19:26,    12,  2340,   456, 1001.8, 300,24.9,28.5, 0.0,  0, 0.0000,     0,23.7,24.7,14.4, 25,    31,    40, 0.8272, 0.9703
M5,04/07/23,15:19:27,    12,  2341,   457, 1001.8, 300,24.9,28.5, 0.0,  0, 0.0000,     0,23.7,24.7,14.4, 25,    31,    41, 0.8198, 0.9769
M5,04/07/23,15:19:28,    12,  2342,   457, 1001.8, 300,24.9,28.5, 0.0,  0, 0.0000,     0,23.7,24.7,14.4, 25,    32,    42, 0.8137, 0.9835
M5,04/07/23,15:19:29,    12,  2343,   458, 1001.8, 300,24.9,28.5, 0.0,  0, 0.0000,     0,23.7,24.7,14.4, 25,    32,    43, 0.8065, 0.9876
M5,04/07/23,15:19:30,    12,  2344,   458, 1001.8, 300,25.0,28.5, 0.0,  0, 0.0000,     0,23.7,24.7,14.4, 25,    33,    44, 0.8002, 0.9913
M5,04/07/23,15:19:31,    12,  2345,   459, 1001.8, 300,25.0,28.5, 0.0,  0, 0.0000,     0,23.7,24.7,14.4, 25,    33,    45, 0.7942, 0.9898
M5,04/07/23,15:19:32,    12,  2346,   460, 1001.8, 300,25.1,28.5, 0.0,  0, 0.0000,     0,23.7,24.7,14.4, 25,    34,    46, 0.7904, 0.9865
M5,04/07/23,15:19:33,    12,  2347,   460, 1001.8, 300,25.1,28.5, 0.0,  0, 0.0000,     0,23.7,24.7,14.4, 25,    34,    47, 0.7846, 0.9855
M5,04/07/23,15:19:34,    12,  2348,   461, 1001.8, 300,25.1,28.5, 0.0,  0, 0.0000,     0,23.7,24.7,14.2, 25,    35,    48, 0.7796, 0.9814
M5,04/07/23,15:19:35,    12,  2349,   461, 1001.8, 300,25.1,28.5, 0.0,  0, 0.0000,     0,23.7,24.7,14.2, 25,    36,    49, 0.7767, 0.9728
M5,04/07/23,15:19:36,    12,  2350,   462, 1001.8, 300,25.1,28.5, 0.0,  0, 0.0000,     0,23.7,24.7,14.2, 25,    37,    50, 0.7739, 0.9626
M5,04/07/23,15:19:37,    12,  2351,   463, 1001.8, 300,25.1,28.5, 0.0,  0, 0.0000,     0,23.7,24.7,14.2, 25,    37,    51, 0.7721, 0.9524
M5,04/07/23,15:19:38,    12,  2352,   463, 1001.8, 300,25.1,28.5, 0.0,  0, 0.0000,     0,23.7,24.7,14.2, 25,    38,    52, 0.7702, 0.9415
M5,04/07/23,15:19:39,    12,  2353,   464, 1001.8, 300,25.2,28.5, 0.0,  0, 0.0000,     0,23.7,24.7,14.6, 25,    39,    53, 0.7700, 0.9290
M5,04/07/23,15:19:40,    12,  2354,   465, 1001.8, 300,25.2,28.5, 0.0,  0, 0.0000,     0,23.7,24.7,14.6, 25,    40,    54, 0.7698, 0.9143
M5,04/07/23,15:19:41,    12,  2355,   466, 1001.8, 300,25.3,28.5, 0.0,  0, 0.0000,     0,23.7,24.7,14.6, 25,    41,    55, 0.7709, 0.8992
M5,04/07/23,15:19:42,    12,  2356,   466, 1001.8, 300,25.3,28.5, 0.0,  0, 0.0000,     0,23.7,24.7,14.6, 25,    41,    56, 0.7709, 0.8870
M5,04/07/23,15:19:43,    12,  2357,   467, 1001.8, 300,25.3,28.5, 0.0,  0, 0.0000,     0,23.7,24.7,14.6, 25,    42,    57, 0.7704, 0.8776
M5,04/07/23,15:19:44,    12,  2358,   467, 1001.8, 300,25.3,28.5, 0.0,  0, 0.0000,     0,23.7,24.7,14.6, 25,    42,    58, 0.7698, 0.8708
M5,04/07/23,15:19:45,    12,  2359,   468, 1001.8, 300,25.3,28.5, 0.0,  0, 0.0000,     0,23.7,24.7,14.6, 25,    43,    59, 0.7687, 0.8654
M5,04/07/23,15:19:46,    12,  2360,   468, 1001.8, 300,25.3,28.5, 0.0,  0, 0.0000,     0,23.7,24.7,14.6, 25,    43,    60, 0.7674, 0.8630
R5,04/07/23,15:19:46,    12,  2360,   468, 1001.8, 300,25.3,28.5, 0.0,  0, 0.0000,     0,23.7,24.7,14.6, 25,    43,    60, 0.7674, 0.8630
End
Start
M5,04/07/23,15:20:27,    12,  2401,   420, 1001.7, 300,23.2,28.4, 0.0,  0, 0.0000,     0,23.7,24.1,14.7, 20,     2,     1, 0.0000, 0.0000
M5,04/07/23,15:20:28,    12,  2402,   421, 1001.7, 300,23.2,28.4, 0.0,  0, 0.0000,     0,23.7,24.2,14.7, 20,     4,     2, 0.0000, 0.0000
M5,04/07/23,15:20:29,    12,  2403,   423, 1001.7, 300,23.2,28.4, 0.0,  0, 0.0000,     0,23.7,24.2,14.7, 20,     5,     3, 0.0000, 0.0000
M5,04/07/23,15:20:30,    12,  2404,   424, 1001.7, 300,23.2,28.4, 0.0,  0, 0.0000,     0,23.7,24.2,14.7, 20,     6,     4, 0.0000, 0.0000
M5,04/07/23,15:20:31,    12,  2405,   425, 1001.7, 300,23.2,28.4, 0.0,  0, 0.0000,     0,23.7,24.2,14.7, 20,     7,     5, 0.0000, 0.0000
M5,04/07/23,15:20:32,    12,  2406,   426, 1001.7, 300,23.2,28.5, 0.0,  0, 0.0000,     0,23.7,24.2,14.7, 20,     8,     6, 0.0000, 0.0000
M5,04/07/23,15:20:33,    12,  2407,   427, 1001.7, 300,23.2,28.5, 0.0,  0, 0.0000,     0,23.7,24.2,14.7, 20,     9,     7, 0.0000, 0.0000
M5,04/07/23,15:20:34,    12,  2408,   427, 1001.7, 300,23.3,28.4, 0.0,  0, 0.0000,     0,23.7,24.3,14.7, 20,    10,     8, 0.0000, 0.0000
M5,04/07/23,15:20:35,    12,  2409,   428, 1001.7, 300,23.3,28.4, 0.0,  0, 0.0000,     0,23.7,24.3,14.7, 20,    10,     9, 0.0000, 0.0000
M5,04/07/23,15:20:36,    12,  2410,   429, 1001.7, 300,23.3,28.4, 0.0,  0, 0.0000,     0,23.7,24.3,14.7, 25,    11,    10, 0.0000, 0.0000
M5,04/07/23,15:20:37,    12,  2411,   430, 1001.7, 300,23.4,28.4, 0.0,  0, 0.0000,     0,23.7,24.3,14.7, 25,    12,    11, 0.0000, 0.0000
M5,04/07/23,15:20:38,    12,  2412,   430, 1001.7, 300,23.4,28.4, 0.0,  0, 0.0000,     0,23.7,24.3,14.7, 25,    12,    12, 0.0000, 0.0000
M5,04/07/23,15:20:39,    12,  2413,   431, 1001.7, 300,23.5,28.4, 0.0,  0, 0.0000,     0,23.7,24.3,14.7, 25,    13,    13, 0.7512, 1.1871
M5,04/07/23,15:20:40,    12,  2414,   432, 1001.7, 300,23.5,28.4, 0.0,  0, 0.0000,     0,23.7,24.3,14.7, 25,    14,    14, 0.8014, 0.8002
M5,04/07/23,15:20:41,    12,  2415,   433, 1001.7, 300,23.6,28.4, 0.0, 21, 0.0000,     0,23.7,24.3,14.7, 25,    15,    15, 0.9077, 0.5941
M5,04/07/23,15:20:42,    12,  2416,   434, 1001.7, 300,23.6,28.4, 0.0, 21, 0.0000,     0,23.7,24.4,14.7, 25,    16,    16, 0.9695, 0.5791
M5,04/07/23,15:20:43,    12,  2417,   435, 1001.7, 300,23.6,28.4, 0.0, 21, 0.0000,     0,23.7,24.4,14.7, 25,    17,    17, 0.9961, 0.6623
M5,04/07/23,15:20:44,    12,  2418,   435, 1001.7, 300,23.7,28.4, 0.0,  0, 0.0000,     0,23.7,24.4,14.7, 25,    18,    18, 1.0155, 0.7559
M5,04/07/23,15:20:45,    12,  2419,   436, 1001.7, 300,23.7,28.4, 0.0,  0, 0.0000,     0,23.7,24.4,14.7, 25,    18,    19, 1.0190, 0.8241
M5,04/07/23,15:20:46,    12,  2420,   437, 1001.7, 300,23.8,28.4, 0.0,  0, 0.0000,     0,23.7,24.4,14.7, 25,    19,    20, 1.0253, 0.8778
M5,04/07/23,15:20:47,    12,  2421,   438, 1001.7, 300,23.8,28.4, 0.0,  0, 0.0000,     0,23.7,24.4,14.7, 25,    20,    21, 1.0241, 0.9148
M5,04/07/23,15:20:48,    12,  2422,   439, 1001.7, 300,23.9,28.4, 0.0,  0, 0.0000,     0,23.7,24.4,14.6, 25,    21,    22, 1.0322, 0.9268
M5,04/07/23,15:20:49,    12,  2423,   439, 1001.7, 300,23.9,28.4, 0.0,  0, 0.0000,     0,23.7,24.4,14.6, 25,    22,    23, 1.0222, 0.9760
M5,04/07/23,15:20:50,    12,  2424,   440, 1001.7, 300,24.0,28.4, 0.0,  0, 0.0000,     0,23.7,24.4,14.6, 25,    22,    24, 1.0125, 1.0208
M5,04/07/23,15:20:51,    12,  2425,   441, 1001.7, 300,24.0,28.4, 0.0,  0, 0.0000,     0,23.7,24.4,14.6, 25,    23,    25, 0.9949, 1.0676
M5,04/07/23,15:20:52,    12,  2426,   441, 1001.7, 300,24.1,28.4, 0.0,  0, 0.0000,     0,23.7,24.4,14.6, 25,    23,    26, 0.9828, 1.1016
M5,04/07/23,15:20:53,    12,  2427,   442, 1001.7, 300,24.1,28.4, 0.0,  0, 0.0000,     0,23.7,24.4,14.6, 25,    24,    27, 0.9749, 1.0969
M5,04/07/23,15:20:54,    12,  2428,   442, 1001.7, 300,24.1,28.4, 0.0,  0, 0.0000,     0,23.7,24.4,14.7, 25,    24,    28, 0.9508, 1.1465
M5,04/07/23,15:20:55,    12,  2429,   442, 1001.7, 300,24.2,28.4, 0.0,  0, 0.0000,     0,23.7,24.4,14.7, 25,    24,    29, 0.9225, 1.2107
M5,04/07/23,15:20:56,    12,  2430,   443, 1001.7, 300,24.2,28.4, 0.0,  0, 0.0000,     0,23.7,24.4,14.7, 25,    25,    30, 0.9028, 1.2205
M5,04/07/23,15:20:57,    12,  2431,   444, 1001.7, 301,24.3,28.4, 0.0,  0, 0.0000,     0,23.7,24.4,14.7, 25,    26,    31, 0.8892, 1.2188
M5,04/07/23,15:20:58,    12,  2432,   444, 1001.7, 300,24.3,28.4, 0.0,  0, 0.0000,     0,23.7,24.4,14.7, 25,    26,    32, 0.8716, 1.2206
M5,04/07/23,15:20:59,    12,  2433,   445, 1001.7, 300,24.4,28.4, 0.0,  0, 0.0000,     0,23.7,24.5,14.7, 25,    27,    33, 0.8631, 1.1995
M5,04/07/23,15:21:00,    12,  2434,   446, 1001.7, 300,24.4,28.4, 0.0,  0, 0.0000,     0,23.7,24.5,14.7, 25,    28,    34, 0.8579, 1.1625
M5,04/07/23,15:21:01,    12,  2435,   446, 1001.7, 300,24.4,28.4, 0.0,  0, 0.0000,     0,23.7,24.5,14.7, 25,    28,    35, 0.8482, 1.1478
M5,04/07/23,15:21:02,    12,  2436,   447, 1001.7, 300,24.4,28.4, 0.0,  0, 0.0000,     0,23.7,24.5,14.7, 25,    29,    36, 0.8387, 1.1429
M5,04/07/23,15:21:03,    12,  2437,   447, 1001.7, 300,24.4,28.4, 0.0,  0, 0.0000,     0,23.7,24.5,14.7, 25,    29,    37, 0.8250, 1.1460
M5,04/07/23,15:21:04,    12,  2438,   447, 1001.7, 300,24.5,28.4, 0.0,  0, 0.0000,     0,23.7,24.5,14.7, 25,    29,    38, 0.8108, 1.1555
M5,04/07/23,15:21:05,    12,  2439,   447, 1001.7, 300,24.5,28.4, 0.0,  0, 0.0000,     0,23.7,24.5,14.7, 25,    30,    39, 0.7969, 1.1574
M5,04/07/23,15:21:06,    12,  2440,   448, 1001.7, 300,24.6,28.4, 0.0,  0, 0.0000,     0,23.7,24.5,14.7, 25,    30,    40, 0.7865, 1.1514
M5,04/07/23,15:21:07,    12,  2441,   449, 1001.7, 300,24.6,28.4, 0.0,  0, 0.0000,     0,23.7,24.5,14.7, 25,    31,    41, 0.7795, 1.1301
M5,04/07/23,15:21:08,    12,  2442,   450, 1001.7, 300,24.6,28.4, 0.0,  0, 0.0000,     0,23.7,24.5,14.7, 25,    32,    42, 0.7747, 1.1037
M5,04/07/23,15:21:09,    12,  2443,   451, 1001.7, 300,24.6,28.4, 0.0,  0, 0.0000,     0,23.7,24.5,14.7, 25,    33,    43, 0.7731, 1.0752
M5,04/07/23,15:21:10,    12,  2444,   452, 1001.7, 300,24.6,28.4, 0.0,  0, 0.0000,     0,23.7,24.5,14.7, 25,    34,    44, 0.7727, 1.0409
M5,04/07/23,15:21:11,    12,  2445,   453, 1001.7, 300,24.7,28.4, 0.0,  0, 0.0000,     0,23.7,24.5,14.7, 25,    35,    45, 0.7745, 1.0084
M5,04/07/23,15:21:12,    12,  2446,   453, 1001.7, 300,24.7,28.4, 0.0,  0, 0.0000,     0,23.7,24.5,14.7, 25,    35,    46, 0.7743, 0.9825
M5,04/07/23,15:21:13,    12,  2447,   454, 1001.7, 300,24.8,28.4, 0.0,  0, 0.0000,     0,23.7,24.5,14.7, 25,    36,    47, 0.7741, 0.9630
M5,04/07/23,15:21:14,    12,  2448,   454, 1001.7, 300,24.8,28.4, 0.0,  0, 0.0000,     0,23.7,24.5,14.7, 25,    36,    48, 0.7734, 0.9445
M5,04/07/23,15:21:15,    12,  2449,   455, 1001.7, 300,24.8,28.4, 0.0,  0, 0.0000,     0,23.7,24.5,14.7, 25,    37,    49, 0.7739, 0.9286
M5,04/07/23,15:21:16,    12,  2450,   456, 1001.7, 300,24.8,28.4, 0.0,  0, 0.0000,     0,23.7,24.5,14.7, 25,    38,    50, 0.7742, 0.9106
M5,04/07/23,15:21:17,    12,  2451,   456, 1001.7, 300,24.8,28.4, 0.0,  0, 0.0000,     0,23.7,24.5,14.7, 25,    39,    51, 0.7739, 0.8969
M5,04/07/23,15:21:18,    12,  2452,   457, 1001.7, 300,24.9,28.4, 0.0,  0, 0.0000,     0,23.7,24.5,14.7, 25,    39,    52, 0.7731, 0.8897
M5,04/07/23,15:21:19,    12,  2453,   457, 1001.7, 300,24.9,28.4, 0.0,  0, 0.0000,     0,23.7,24.5,14.7, 25,    39,    53, 0.7701, 0.8883
M5,04/07/23,15:21:20,    12,  2454,   457, 1001.7, 300,24.9,28.4, 0.0,  0, 0.0000,     0,23.7,24.5,14.7, 25,    40,    54, 0.7685, 0.8863
M5,04/07/23,15:21:21,    12,  2455,   458, 1001.7, 300,24.9,28.4, 0.0,  0, 0.0000,     0,23.7,24.5,14.7, 25,    40,    55, 0.7658, 0.8843
M5,04/07/23,15:21:22,    12,  2456,   459, 1001.7, 300,25.0,28.4, 0.0,  0, 0.0000,     0,23.7,24.5,14.7, 25,    41,    56, 0.7640, 0.8814
M5,04/07/23,15:21:23,    12,  2457,   459, 1001.7, 300,25.0,28.4, 0.0,  0, 0.0000,     0,23.7,24.5,14.7, 25,    42,    57, 0.7626, 0.8752
M5,04/07/23,15:21:24,    12,  2458,   460, 1001.7, 300,25.0,28.4, 0.0,  0, 0.0000,     0,23.7,24.5,14.7, 25,    43,    58, 0.7624, 0.8651
M5,04/07/23,15:21:25,    12,  2459,   461, 1001.8, 300,25.0,28.4, 0.0,  0, 0.0000,     0,23.7,24.5,14.7, 25,    43,    59, 0.7627, 0.8561
M5,04/07/23,15:21:26,    12,  2460,   462, 1001.8, 300,25.0,28.4, 0.0,  0, 0.0000,     0,23.7,24.5,15.0, 25,    44,    60, 0.7620, 0.8502
R5,04/07/23,15:21:26,    12,  2460,   462, 1001.8, 300,25.0,28.4, 0.0,  0, 0.0000,     0,23.7,24.5,15.0, 25,    44,    60, 0.7620, 0.8502
End
