Tag(M3),Date,Time,Plot_No,Rec_No,CO2,Pressure,Flow,H2O,Tsen,O2,Error,Aux_V,PAR,Tsoil,Tair,Msoil
Start
M5,04/07/23,09:37:52,     1,  1561,   438,  998.6, 300,20.4,23.0, 0.0,  0, 0.0000,     0,20.7,21.4,28.9, 20,     0,     1, 0.0000, 0.0000
M5,04/07/23,09:37:53,     1,  1562,   439,  998.6, 300,20.4,23.0, 0.0,  0, 0.0000,     0,20.7,21.4,28.9, 20,     1,     2, 0.0000, 0.0000
M5,04/07/23,09:37:54,     1,  1563,   440,  998.6, 300,20.4,23.0, 0.0,  0, 0.0000,     0,20.7,21.5,28.9, 20,     2,     3, 0.0000, 0.0000
M5,04/07/23,09:37:55,     1,  1564,   440,  998.6, 300,20.4,23.0, 0.0,  0, 0.0000,     0,20.7,21.5,28.7, 20,     3,     4, 0.0000, 0.0000
M5,04/07/23,09:37:56,     1,  1565,   441,  998.6, 300,20.4,23.0, 0.0,  0, 0.0000,     0,20.7,21.5,28.7, 20,     4,     5, 0.0000, 0.0000
M5,04/07/23,09:37:57,     1,  1566,   442,  998.6, 300,20.4,23.0, 0.0,  0, 0.0000,     0,20.7,21.5,28.7, 20,     5,     6, 0.0000, 0.0000
M5,04/07/23,09:37:58,     1,  1567,   443,  998.6, 300,20.4,23.0, 0.0,  0, 0.0000,     0,20.7,21.5,28.7, 20,     5,     7, 0.0000, 0.0000
M5,04/07/23,09:37:59,     1,  1568,   443,  998.6, 300,20.4,23.0, 0.0,  0, 0.0000,     0,20.7,21.5,28.7, 20,     6,     8, 0.0000, 0.0000
M5,04/07/23,09:38:00,     1,  1569,   444,  998.6, 300,20.4,23.0, 0.0,  0, 0.0000,     0,20.7,21.6,28.9, 20,     6,     9, 0.0000, 0.0000
M5,04/07/23,09:38:01,     1,  1570,   445,  998.6, 300,20.4,23.0, 0.0,  0, 0.0000,     0,20.7,21.6,28.9, 25,     7,    10, 0.0000, 0.0000
M5,04/07/23,09:38:02,     1,  1571,   445,  998.6, 300,20.4,23.0, 0.0,  0, 0.0000,     0,20.7,21.6,28.9, 25,     8,    11, 0.0000, 0.0000
M5,04/07/23,09:38:03,     1,  1572,   446,  998.6, 300,20.4,23.0, 0.0,  0, 0.0000,     0,20.7,21.6,28.9, 25,     9,    12, 0.0000, 0.0000
M5,04/07/23,09:38:04,     1,  1573,   447,  998.7, 300,20.4,23.0, 0.0,  0, 0.0000,     0,20.7,21.6,28.9, 25,    10,    13, 0.9945, 1.1629
M5,04/07/23,09:38:05,     1,  1574,   448,  998.7, 300,20.4,23.0, 0.0,  0, 0.0000,     0,20.7,21.6,28.7, 25,    10,    14, 0.9512, 1.1361
M5,04/07/23,09:38:06,     1,  1575,   448,  998.7, 300,20.4,23.0, 0.0,  0, 0.0000,     0,20.7,21.6,28.7, 25,    11,    15, 0.9548, 1.0297
M5,04/07/23,09:38:07,     1,  1576,   449,  998.7, 300,20.4,23.0, 0.0,  0, 0.0000,     0,20.7,21.6,28.7, 25,    12,    16, 0.9219, 1.0699
M5,04/07/23,09:38:08,     1,  1577,   450,  998.7, 300,20.4,23.0, 0.0,  0, 0.0000,     0,20.7,21.6,28.7, 25,    12,    17, 0.9022, 1.0563
M5,04/07/23,09:38:09,     1,  1578,   450,  998.7, 300,20.4,23.0, 0.0,  0, 0.0000,     0,20.7,21.7,28.7, 25,    13,    18, 0.9048, 0.9946
M5,04/07/23,09:38:10,     1,  1579,   451,  998.7, 300,20.4,23.0, 0.0,  0, 0.0000,     0,20.7,21.7,28.7, 25,    14,    19, 0.8908, 1.0008
M5,04/07/23,09:38:11,     1,  1580,   452,  998.7, 300,20.4,23.0, 0.0,  0, 0.0000,     0,20.7,21.7,28.7, 25,    14,    20, 0.8817, 0.9947
M5,04/07/23,09:38:12,     1,  1581,   452,  998.7, 300,20.4,23.0, 0.0,  0, 0.0000,     0,20.7,21.7,28.7, 25,    15,    21, 0.8828, 0.9573
M5,04/07/23,09:38:13,     1,  1582,   453,  998.7, 300,20.5,23.0, 0.0,  0, 0.0000,     0,20.7,21.7,28.7, 25,    16,    22, 0.8844, 0.9391
M5,04/07/23,09:38:14,     1,  1583,   454,  998.7, 300,20.5,23.0, 0.0,  0, 0.0000,     0,20.7,21.7,28.7, 25,    16,    23, 0.8831, 0.9275
M5,04/07/23,09:38:15,     1,  1584,   455,  998.7, 300,20.5,23.0, 0.0,  0, 0.0000,     0,20.7,21.7,28.7, 25,    17,    24, 0.8872, 0.9027
M5,04/07/23,09:38:16,     1,  1585,   455,  998.7, 300,20.5,23.0, 0.0,  0, 0.0000,     0,20.7,21.7,28.7, 25,    18,    25, 0.8897, 0.8921
M5,04/07/23,09:38:17,     1,  1586,   456,  998.7, 300,20.5,23.0, 0.0,  0, 0.0000,     0,20.7,21.7,28.7, 25,    19,    26, 0.8946, 0.8750
M5,04/07/23,09:38:18,     1,  1587,   457,  998.7, 300,20.5,23.0, 0.0,  0, 0.0000,     0,20.7,21.7,28.7, 25,    20,    27, 0.9016, 0.8576
M5,04/07/23,09:38:19,     1,  1588,   458,  998.7, 300,20.5,23.0, 0.0,  0, 0.0000,     0,20.7,21.7,28.7, 25,    20,    28, 0.9054, 0.8524
M5,04/07/23,09:38:20,     1,  1589,   459,  998.7, 300,20.5,23.0, 0.0,  0, 0.0000,     0,20.7,21.7,28.7, 25,    21,    29, 0.9117, 0.8453
M5,04/07/23,09:38:21,     1,  1590,   460,  998.7, 300,20.5,23.0, 0.0,  0, 0.0000,     0,20.7,21.7,28.9, 25,    22,    30, 0.9203, 0.8271
M5,04/07/23,09:38:22,     1,  1591,   461,  998.7, 300,20.5,23.0, 0.0,  0, 0.0000,     0,20.7,21.7,28.9, 25,    23,    31, 0.9308, 0.8052
M5,04/07/23,09:38:23,     1,  1592,   462,  998.7, 300,20.5,23.0, 0.0,  0, 0.0000,     0,20.7,21.7,28.9, 25,    24,    32, 0.9429, 0.7836
M5,04/07/23,09:38:24,     1,  1593,   462,  998.7, 300,20.5,23.0, 0.0,  0, 0.0000,     0,20.7,21.7,28.9, 25,    25,    33, 0.9534, 0.7714
M5,04/07/23,09:38:25,     1,  1594,   463,  998.7, 300,20.6,23.0, 0.0,  0, 0.0000,     0,20.7,21.7,28.9, 25,    26,    34, 0.9637, 0.7666
M5,04/07/23,09:38:26,     1,  1595,   464,  998.7, 300,20.6,23.0, 0.0,  0, 0.0000,     0,20.7,21.7,28.9, 25,    27,    35, 0.9738, 0.7593
M5,04/07/23,09:38:27,     1,  1596,   465,  998.7, 300,20.6,23.0, 0.0,  0, 0.0000,     0,20.7,21.7,28.7, 25,    28,    36, 0.9846, 0.7520
M5,04/07/23,09:38:28,     1,  1597,   466,  998.7, 300,20.6,23.0, 0.0,  0, 0.0000,     0,20.7,21.7,28.7, 25,    29,    37, 0.9937, 0.7508
M5,04/07/23,09:38:29,     1,  1598,   467,  998.7, 300,20.6,23.0, 0.0,  0, 0.0000,     0,20.7,21.7,28.7, 25,    29,    38, 1.0010, 0.7600
M5,04/07/23,09:38:30,     1,  1599,   467,  998.7, 300,20.6,23.0, 0.0,  0, 0.0000,     0,20.7,21.7,28.7, 25,    30,    39, 1.0039, 0.7794
M5,04/07/23,09:38:31,     1,  1600,   468,  998.7, 300,20.6,23.0, 0.0,  0, 0.0000,     0,20.7,21.7,28.7, 25,    31,    40, 1.0050, 0.8020
M5,04/07/23,09:38:32,     1,  1601,   469,  998.7, 300,20.6,23.0, 0.0,  0, 0.0000,     0,20.7,21.7,28.9, 25,    31,    41, 1.0057, 0.8253
M5,04/07/23,09:38:33,     1,  1602,   470,  998.7, 300,20.6,23.0, 0.0,  0, 0.0000,     0,20.7,21.7,28.9, 25,    32,    42, 1.0061, 0.8436
M5,04/07/23,09:38:34,     1,  1603,   470,  998.7, 300,20.6,23.0, 0.0,  0, 0.0000,     0,20.7,21.7,28.9, 25,    33,    43, 1.0070, 0.8584
M5,04/07/23,09:38:35,     1,  1604,   471,  998.6, 300,20.6,23.0, 0.0,  0, 0.0000,     0,20.7,21.7,28.9, 25,    34,    44, 1.0080, 0.8701
M5,04/07/23,09:38:36,     1,  1605,   472,  998.6, 300,20.7,23.0, 0.0,  0, 0.0000,     0,20.7,21.8,28.9, 25,    35,    45, 1.0097, 0.8801
M5,04/07/23,09:38:37,     1,  1606,   473,  998.6, 300,20.7,23.0, 0.0,  0, 0.0000,     0,20.7,21.8,28.7, 25,    36,    46, 1.0111, 0.8881
M5,04/07/23,09:38:38,     1,  1607,   474,  998.7, 300,20.7,23.0, 0.0,  0, 0.0000,     0,20.7,21.8,28.7, 25,    36,    47, 1.0116, 0.8981
M5,04/07/23,09:38:39,     1,  1608,   474,  998.7, 300,20.7,23.0, 0.0,  0, 0.0000,     0,20.7,21.8,28.7, 25,    37,    48, 1.0125, 0.9064
M5,04/07/23,09:38:40,     1,  1609,   475,  998.7, 300,20.7,23.0, 0.0,  0, 0.0000,     0,20.7,21.8,28.7, 25,    38,    49, 1.0126, 0.9158
M5,04/07/23,09:38:41,     1,  1610,   476,  998.7, 300,20.7,23.0, 0.0,  0, 0.0000,     0,20.7,21.8,28.7, 25,    38,    50, 1.0117, 0.9291
M5,04/07/23,09:38:42,     1,  1611,   476,  998.7, 300,20.7,23.0, 0.0,  0, 0.0000,     0,20.7,21.7,28.7, 25,    39,    51, 1.0095, 0.9444
M5,04/07/23,09:38:43,     1,  1612,   477,  998.7, 300,20.7,23.0, 0.0,  0, 0.0000,     0,20.7,21.7,28.9, 25,    39,    52, 1.0075, 0.9589
M5,04/07/23,09:38:44,     1,  1613,   478,  998.7, 300,20.7,23.0, 0.0,  0, 0.0000,     0,20.7,21.7,28.9, 25,    40,    53, 1.0057, 0.9694
M5,04/07/23,09:38:45,     1,  1614,   479,  998.7, 300,20.8,23.0, 0.0,  0, 0.0000,     0,20.7,21.7,28.9, 25,    42,    54, 1.0056, 0.9725
M5,04/07/23,09:38:46,     1,  1615,   480,  998.6, 300,20.8,23.0, 0.0,  0, 0.0000,     0,20.7,21.7,28.9, 25,    43,    55, 1.0064, 0.9720
M5,04/07/23,09:38:47,     1,  1616,   481,  998.6, 300,20.8,23.0, 0.0,  0, 0.0000,     0,20.7,21.7,28.9, 25,    43,    56, 1.0073, 0.9711
M5,04/07/23,09:38:48,     1,  1617,   482,  998.6, 300,20.8,23.0, 0.0,  0, 0.0000,     0,20.7,21.7,28.9, 25,    44,    57, 1.0090, 0.9680
M5,04/07/23,09:38:49,     1,  1618,   483,  998.6, 300,20.8,23.0, 0.0,  0, 0.0000,     0,20.7,21.7,28.9, 25,    45,    58, 1.0106, 0.9651
M5,04/07/23,09:38:50,     1,  1619,   484,  998.6, 300,20.8,23.0, 0.0,  0, 0.0000,     0,20.7,21.7,28.9, 25,    46,    59, 1.0122, 0.9624
M5,04/07/23,09:38:51,     1,  1620,   485,  998.6, 300,20.8,23.0, 0.0,  0, 0.0000,     0,20.7,21.7,28.9, 25,    47,    60, 1.0141, 0.9585
R5,04/07/23,09:38:51,     1,  1620,   485,  998.6, 300,20.8,23.0, 0.0,  0, 0.0000,     0,20.7,21.7,28.9, 25,    47,    60, 1.0141, 0.9585
End
Start
M5,04/07/23,09:39:55,     1,  1683,   442,  998.6, 300,20.3,23.0, 0.0,  0, 0.0000,     0,20.5,21.2,28.9, 20,     3,     1, 0.0000, 0.0000
M5,04/07/23,09:39:56,     1,  1684,   445,  998.6, 300,20.3,23.0, 0.0,  0, 0.0000,     0,20.5,21.2,28.9, 20,     6,     2, 0.0000, 0.0000
M5,04/07/23,09:39:57,     1,  1685,   448,  998.6, 300,20.3,23.0, 0.0,  0, 0.0000,     0,20.5,21.2,28.9, 20,     9,     3, 0.0000, 0.0000
M5,04/07/23,09:39:58,     1,  1686,   450,  998.6, 300,20.3,23.0, 0.0,  0, 0.0000,     0,20.5,21.2,28.9, 20,    11,     4, 0.0000, 0.0000
M5,04/07/23,09:39:59,     1,  1687,   451,  998.6, 300,20.3,23.0, 0.0,  0, 0.0000,     0,20.5,21.2,28.9, 20,    13,     5, 0.0000, 0.0000
M5,04/07/23,09:40:00,     1,  1688,   453,  998.6, 300,20.3,23.0, 0.0,  0, 0.0000,     0,20.5,21.3,28.9, 20,    14,     6, 0.0000, 0.0000
M5,04/07/23,09:40:01,     1,  1689,   454,  998.6, 300,20.3,23.0, 0.0,  0, 0.0000,     0,20.5,21.3,28.9, 20,    15,     7, 0.0000, 0.0000
M5,04/07/23,09:40:02,     1,  1690,   455,  998.6, 300,20.3,23.0, 0.0,  0, 0.0000,     0,20.5,21.3,28.9, 20,    16,     8, 0.0000, 0.0000
M5,04/07/23,09:40:03,     1,  1691,   456,  998.6, 300,20.3,23.0, 0.0,  0, 0.0000,     0,20.5,21.3,28.9, 20,    17,     9, 0.0000, 0.0000
M5,04/07/23,09:40:04,     1,  1692,   457,  998.6, 300,20.3,23.0, 0.0,  0, 0.0000,     0,20.5,21.3,28.7, 25,    18,    10, 0.0000, 0.0000
M5,04/07/23,09:40:05,     1,  1693,   457,  998.6, 300,20.3,23.0, 0.0,  0, 0.0000,     0,20.5,21.3,28.7, 25,    19,    11, 0.0000, 0.0000
M5,04/07/23,09:40:06,     1,  1694,   458,  998.6, 300,20.3,23.0, 0.0,  0, 0.0000,     0,20.5,21.3,28.7, 25,    19,    12, 0.0000, 0.0000
M5,04/07/23,09:40:07,     1,  1695,   459,  998.6, 300,20.3,23.0, 0.0,  0, 0.0000,     0,20.5,21.4,28.7, 25,    20,    13, 0.7744, 0.7758
M5,04/07/23,09:40:08,     1,  1696,   459,  998.6, 300,20.3,23.0, 0.0,  0, 0.0000,     0,20.5,21.4,28.7, 25,    20,    14, 0.7490, 0.8185
M5,04/07/23,09:40:09,     1,  1697,   460,  998.6, 300,20.3,23.0, 0.0,  0, 0.0000,     0,20.5,21.4,28.7, 25,    21,    15, 0.7613, 0.7654
M5,04/07/23,09:40:10,     1,  1698,   460,  998.6, 300,20.3,23.0, 0.0,  0, 0.0000,     0,20.5,21.4,28.7, 25,    22,    16, 0.7756, 0.7261
M5,04/07/23,09:40:11,     1,  1699,   461,  998.6, 300,20.3,23.0, 0.0,  0, 0.0000,     0,20.5,21.4,28.7, 25,    23,    17, 0.8065, 0.6668
M5,04/07/23,09:40:12,     1,  1700,   462,  998.6, 300,20.3,23.0, 0.0, 21, 0.0000,     0,20.5,21.4,28.7, 25,    24,    18, 0.8521, 0.5946
M5,04/07/23,09:40:13,     1,  1701,   463,  998.6, 301,20.3,23.0, 0.0, 21, 0.0000,     0,20.5,21.4,28.7, 25,    24,    19, 0.8878, 0.5834
M5,04/07/23,09:40:14,     1,  1702,   464,  998.6, 300,20.4,23.0, 0.0, 21, 0.0000,     0,20.5,21.4,28.9, 25,    26,    20, 0.9383, 0.5462
M5,04/07/23,09:40:15,     1,  1703,   465,  998.6, 300,20.4,23.0, 0.0, 21, 0.0000,     0,20.5,21.4,28.9, 25,    26,    21, 0.9708, 0.5637
M5,04/07/23,09:40:16,     1,  1704,   466,  998.6, 300,20.4,23.0, 0.0, 21, 0.0000,     0,20.5,21.4,28.9, 25,    27,    22, 0.9799, 0.6463
M5,04/07/23,09:40:17,     1,  1705,   466,  998.6, 300,20.4,23.0, 0.0,  0, 0.0000,     0,20.5,21.4,28.9, 25,    28,    23, 0.9822, 0.7229
M5,04/07/23,09:40:18,     1,  1706,   467,  998.6, 300,20.4,23.0, 0.0,  0, 0.0000,     0,20.5,21.4,28.9, 25,    28,    24, 0.9765, 0.8064
M5,04/07/23,09:40:19,     1,  1707,   468,  998.6, 300,20.4,23.0, 0.0,  0, 0.0000,     0,20.5,21.4,28.9, 25,    29,    25, 0.9693, 0.8661
M5,04/07/23,09:40:20,     1,  1708,   468,  998.6, 300,20.4,23.0, 0.0,  0, 0.0000,     0,20.5,21.4,28.9, 25,    30,    26, 0.9623, 0.9093
M5,04/07/23,09:40:21,     1,  1709,   469,  998.6, 300,20.4,23.0, 0.0,  0, 0.0000,     0,20.5,21.4,28.9, 25,    30,    27, 0.9589, 0.9287
M5,04/07/23,09:40:22,     1,  1710,   470,  998.6, 300,20.4,23.0, 0.0,  0, 0.0000,     0,20.5,21.4,28.9, 25,    31,    28, 0.9585, 0.9346
M5,04/07/23,09:40:23,     1,  1711,   471,  998.6, 300,20.5,23.0, 0.0,  0, 0.0000,     0,20.5,21.4,28.9, 25,    32,    29, 0.9618, 0.9340
M5,04/07/23,09:40:24,     1,  1712,   471,  998.6, 300,20.5,23.0, 0.0,  0, 0.0000,     0,20.5,21.4,28.9, 25,    33,    30, 0.9617, 0.9378
M5,04/07/23,09:40:25,     1,  1713,   472,  998.6, 300,20.5,23.0, 0.0,  0, 0.0000,     0,20.5,21.4,28.9, 25,    33,    31, 0.9587, 0.9541
M5,04/07/23,09:40:26,     1,  1714,   473,  998.6, 300,20.5,23.0, 0.0,  0, 0.0000,     0,20.5,21.4,28.9, 25,    34,    32, 0.9547, 0.9675
M5,04/07/23,09:40:27,     1,  1715,   473,  998.6, 300,20.5,23.0, 0.0,  0, 0.0000,     0,20.5,21.4,28.9, 25,    35,    33, 0.9508, 0.9780
M5,04/07/23,09:40:28,     1,  1716,   474,  998.6, 300,20.5,23.0, 0.0,  0, 0.0000,     0,20.5,21.4,28.9, 25,    35,    34, 0.9472, 0.9866
M5,04/07/23,09:40:29,     1,  1717,   475,  998.6, 300,20.5,23.0, 0.0,  0, 0.0000,     0,20.5,21.4,28.9, 25,    36,    35, 0.9455, 0.9861
M5,04/07/23,09:40:30,     1,  1718,   476,  998.6, 300,20.5,23.0, 0.0,  0, 0.0000,     0,20.3,21.4,28.7, 25,    37,    36, 0.9435, 0.9867
M5,04/07/23,09:40:31,     1,  1719,   476,  998.6, 300,20.5,23.0, 0.0,  0, 0.0000,     0,20.3,21.4,28.7, 25,    38,    37, 0.9430, 0.9820
M5,04/07/23,09:40:32,     1,  1720,   477,  998.6, 300,20.5,23.0, 0.0,  0, 0.0000,     0,20.3,21.4,28.7, 25,    38,    38, 0.9423, 0.9810
M5,04/07/23,09:40:33,     1,  1721,   478,  998.6, 300,20.5,23.0, 0.0,  0, 0.0000,     0,20.3,21.4,28.7, 25,    39,    39, 0.9408, 0.9806
M5,04/07/23,09:40:34,     1,  1722,   479,  998.6, 300,20.5,23.0, 0.0,  0, 0.0000,     0,20.3,21.4,28.7, 25,    40,    40, 0.9418, 0.9715
M5,04/07/23,09:40:35,     1,  1723,   480,  998.6, 300,20.6,23.0, 0.0,  0, 0.0000,     0,20.3,21.4,28.7, 25,    41,    41, 0.9452, 0.9576
M5,04/07/23,09:40:36,     1,  1724,   481,  998.6, 300,20.6,23.0, 0.0,  0, 0.0000,     0,20.3,21.4,28.7, 25,    42,    42, 0.9472, 0.9484
M5,04/07/23,09:40:37,     1,  1725,   481,  998.6, 300,20.6,23.0, 0.0,  0, 0.0000,     0,20.3,21.4,28.7, 25,    42,    43, 0.9477, 0.9473
M5,04/07/23,09:40:38,     1,  1726,   482,  998.6, 300,20.6,23.0, 0.0,  0, 0.0000,     0,20.3,21.4,28.7, 25,    43,    44, 0.9474, 0.9474
M5,04/07/23,09:40:39,     1,  1727,   482,  998.6, 300,20.6,23.0, 0.0,  0, 0.0000,     0,20.3,21.5,28.7, 25,    44,    45, 0.9474, 0.9488
M5,04/07/23,09:40:40,     1,  1728,   483,  998.6, 300,20.6,23.0, 0.0,  0, 0.0000,     0,20.3,21.5,28.7, 25,    44,    46, 0.9467, 0.9506
M5,04/07/23,09:40:41,     1,  1729,   484,  998.6, 300,20.6,23.0, 0.0,  0, 0.0000,     0,20.5,21.4,28.7, 25,    45,    47, 0.9454, 0.9565
M5,04/07/23,09:40:42,     1,  1730,   485,  998.6, 300,20.6,23.0, 0.0,  0, 0.0000,     0,20.5,21.4,28.7, 25,    46,    48, 0.9444, 0.9583
M5,04/07/23,09:40:43,     1,  1731,   485,  998.6, 300,20.6,23.0, 0.0,  0, 0.0000,     0,20.5,21.4,28.7, 25,    47,    49, 0.9441, 0.9576
M5,04/07/23,09:40:44,     1,  1732,   486,  998.6, 300,20.6,23.0, 0.0,  0, 0.0000,     0,20.5,21.4,28.7, 25,    47,    50, 0.9439, 0.9579
M5,04/07/23,09:40:45,     1,  1733,   487,  998.6, 300,20.6,23.0, 0.0,  0, 0.0000,     0,20.5,21.4,28.7, 25,    48,    51, 0.9439, 0.9559
M5,04/07/23,09:40:46,     1,  1734,   488,  998.6, 300,20.6,23.0, 0.0,  0, 0.0000,     0,20.3,21.4,28.9, 25,    49,    52, 0.9438, 0.9550
M5,04/07/23,09:40:47,     1,  1735,   488,  998.6, 300,20.6,23.0, 0.0,  0, 0.0000,     0,20.3,21.4,28.9, 25,    50,    53, 0.9441, 0.9524
M5,04/07/23,09:40:48,     1,  1736,   489,  998.6, 300,20.6,23.0, 0.0,  0, 0.0000,     0,20.3,21.4,28.9, 25,    50,    54, 0.9442, 0.9510
R5,04/07/23,09:40:48,     1,  1736,   489,  998.6, 300,20.6,23.0, 0.0,  0, 0.0000,     0,20.3,21.4,28.9, 25,    50,    54, 0.9442, 0.9510
End
Start
M5,04/07/23,09:41:32,     1,  1780,   427,  998.6, 300,20.4,23.0, 0.0,  0, 0.0000,     0,20.3,21.3,28.7, 20,     2,     1, 0.0000, 0.0000
M5,04/07/23,09:41:33,     1,  1781,   429,  998.6, 300,20.4,23.0, 0.0,  0, 0.0000,     0,20.3,21.4,28.7, 20,     4,     2, 0.0000, 0.0000
M5,04/07/23,09:41:34,     1,  1782,   430,  998.6, 300,20.3,23.0, 0.0,  0, 0.0000,     0,20.3,21.4,28.7, 20,     5,     3, 0.0000, 0.0000
M5,04/07/23,09:41:35,     1,  1783,   431,  998.6, 300,20.3,23.0, 0.0,  0, 0.0000,     0,20.3,21.4,28.7, 20,     6,     4, 0.0000, 0.0000
M5,04/07/23,09:41:36,     1,  1784,   432,  998.6, 300,20.3,23.0, 0.0,  0, 0.0000,     0,20.3,21.5,28.7, 20,     7,     5, 0.0000, 0.0000
M5,04/07/23,09:41:37,     1,  1785,   433,  998.6, 300,20.3,23.0, 0.0,  0, 0.0000,     0,20.3,21.5,28.7, 20,     8,     6, 0.0000, 0.0000
M5,04/07/23,09:41:38,     1,  1786,   434,  998.6, 300,20.3,23.0, 0.0,  0, 0.0000,     0,20.3,21.5,28.7, 20,     9,     7, 0.0000, 0.0000
M5,04/07/23,09:41:39,     1,  1787,   435,  998.6, 300,20.3,23.0, 0.0,  0, 0.0000,     0,20.3,21.5,28.7, 20,    10,     8, 0.0000, 0.0000
M5,04/07/23,09:41:40,     1,  1788,   436,  998.6, 300,20.3,23.0, 0.0,  0, 0.0000,     0,20.3,21.5,28.7, 20,    11,     9, 0.0000, 0.0000
M5,04/07/23,09:41:41,     1,  1789,   437,  998.6, 300,20.3,23.0, 0.0,  0, 0.0000,     0,20.3,21.6,28.7, 25,    12,    10, 0.0000, 0.0000
M5,04/07/23,09:41:42,     1,  1790,   438,  998.6, 300,20.3,23.0, 0.0,  0, 0.0000,     0,20.3,21.6,28.7, 25,    13,    11, 0.0000, 0.0000
M5,04/07/23,09:41:43,     1,  1791,   438,  998.6, 300,20.3,23.0, 0.0,  0, 0.0000,     0,20.3,21.6,28.7, 25,    13,    12, 0.0000, 0.0000
M5,04/07/23,09:41:44,     1,  1792,   439,  998.6, 300,20.3,23.0, 0.0,  0, 0.0000,     0,20.3,21.6,28.7, 25,    14,    13, 0.9695, 0.9685
M5,04/07/23,09:41:45,     1,  1793,   440,  998.6, 300,20.3,23.0, 0.0,  0, 0.0000,     0,20.3,21.6,28.7, 25,    15,    14, 0.9901, 0.9290
M5,04/07/23,09:41:46,     1,  1794,   441,  998.6, 300,20.3,23.0, 0.0,  0, 0.0000,     0,20.3,21.6,28.7, 25,    16,    15, 1.0033, 0.9266
M5,04/07/23,09:41:47,     1,  1795,   442,  998.6, 300,20.3,23.0, 0.0,  0, 0.0000,     0,20.3,21.6,28.7, 25,    17,    16, 1.0142, 0.9370
M5,04/07/23,09:41:48,     1,  1796,   443,  998.6, 300,20.3,23.0, 0.0,  0, 0.0000,     0,20.3,21.6,28.7, 25,    18,    17, 1.0420, 0.9079
M5,04/07/23,09:41:49,     1,  1797,   443,  998.6, 300,20.3,23.0, 0.0,  0, 0.0000,     0,20.3,21.7,28.7, 25,    18,    18, 1.0405, 0.9613
M5,04/07/23,09:41:50,     1,  1798,   444,  998.6, 300,20.4,23.0, 0.0,  0, 0.0000,     0,20.3,21.7,28.7, 25,    19,    19, 1.0182, 1.0541
M5,04/07/23,09:41:51,     1,  1799,   444,  998.6, 300,20.4,23.0, 0.0,  0, 0.0000,     0,20.3,21.7,28.7, 25,    19,    20, 0.9877, 1.1281
M5,04/07/23,09:41:52,     1,  1800,   445,  998.6, 300,20.4,23.0, 0.0,  0, 0.0000,     0,20.3,21.7,28.7, 25,    20,    21, 0.9486, 1.2004
M5,04/07/23,09:41:53,     1,  1801,   445,  998.6, 300,20.4,23.0, 0.0,  0, 0.0000,     0,20.3,21.7,28.7, 25,    20,    22, 0.9227, 1.2130
M5,04/07/23,09:41:54,     1,  1802,   446,  998.6, 300,20.4,23.0, 0.0,  0, 0.0000,     0,20.3,21.7,28.7, 25,    21,    23, 0.9038, 1.1954
M5,04/07/23,09:41:55,     1,  1803,   447,  998.6, 300,20.4,23.0, 0.0,  0, 0.0000,     0,20.3,21.8,28.7, 25,    22,    24, 0.8961, 1.1513
M5,04/07/23,09:41:56,     1,  1804,   448,  998.6, 300,20.4,23.0, 0.0,  0, 0.0000,     0,20.3,21.8,28.7, 25,    23,    25, 0.8941, 1.0989
M5,04/07/23,09:41:57,     1,  1805,   449,  998.6, 300,20.4,23.0, 0.0,  0, 0.0000,     0,20.3,21.8,28.7, 25,    24,    26, 0.9010, 1.0357
M5,04/07/23,09:41:58,     1,  1806,   449,  998.6, 300,20.4,23.0, 0.0,  0, 0.0000,     0,20.3,21.8,28.7, 25,    24,    27, 0.9079, 0.9846
M5,04/07/23,09:41:59,     1,  1807,   450,  998.6, 300,20.4,23.0, 0.0,  0, 0.0000,     0,20.3,21.8,28.7, 25,    25,    28, 0.9187, 0.9334
M5,04/07/23,09:42:00,     1,  1808,   451,  998.6, 300,20.4,23.0, 0.0,  0, 0.0000,     0,20.3,21.8,28.7, 25,    26,    29, 0.9318, 0.8871
M5,04/07/23,09:42:02,     1,  1809,   453,  998.6, 300,20.4,23.0, 0.0,  0, 0.0000,     0,20.3,21.8,28.7, 25,    28,    30, 0.9486, 0.8379
M5,04/07/23,09:42:03,     1,  1810,   454,  998.6, 300,20.5,23.0, 0.0,  0, 0.0000,     0,20.3,21.8,28.7, 25,    29,    31, 0.9662, 0.8012
M5,04/07/23,09:42:04,     1,  1811,   455,  998.6, 300,20.5,23.0, 0.0,  0, 0.0000,     0,20.3,21.8,28.7, 25,    30,    32, 0.9821, 0.7730
M5,04/07/23,09:42:05,     1,  1812,   456,  998.6, 300,20.5,23.0, 0.0,  0, 0.0000,     0,20.3,21.8,28.7, 25,    30,    33, 0.9956, 0.7603
M5,04/07/23,09:42:06,     1,  1813,   457,  998.6, 300,20.5,23.0, 0.0,  0, 0.0000,     0,20.3,21.8,28.7, 25,    31,    34, 1.0084, 0.7506
M5,04/07/23,09:42:07,     1,  1814,   458,  998.6, 300,20.5,23.0, 0.0,  0, 0.0000,     0,20.3,21.8,28.7, 25,    32,    35, 1.0208, 0.7441
M5,04/07/23,09:42:08,     1,  1815,   459,  998.6, 300,20.5,23.0, 0.0,  0, 0.0000,     0,20.3,21.8,28.7, 25,    34,    36, 1.0335, 0.7413
M5,04/07/23,09:42:09,     1,  1816,   459,  998.6, 300,20.5,23.0, 0.0, 21, 0.0000,     0,20.3,21.8,28.7, 25,    34,    37, 1.0433, 0.7456
M5,04/07/23,09:42:10,     1,  1817,   460,  998.6, 300,20.5,23.0, 0.0, 21, 0.0000,     0,20.3,21.8,28.7, 25,    35,    38, 1.0531, 0.7504
M5,04/07/23,09:42:11,     1,  1818,   461,  998.6, 300,20.5,23.0, 0.0,  0, 0.0000,     0,20.3,21.8,28.7, 25,    36,    39, 1.0610, 0.7600
M5,04/07/23,09:42:12,     1,  1819,   462,  998.6, 300,20.6,23.0, 0.0,  0, 0.0000,     0,20.3,21.8,28.7, 25,    37,    40, 1.0678, 0.7734
M5,04/07/23,09:42:13,     1,  1820,   463,  998.6, 300,20.6,23.0, 0.0,  0, 0.0000,     0,20.3,21.8,28.7, 25,    38,    41, 1.0729, 0.7894
M5,04/07/23,09:42:14,     1,  1821,   464,  998.6, 300,20.6,23.0, 0.0,  0, 0.0000,     0,20.3,21.8,28.7, 25,    39,    42, 1.0763, 0.8107
M5,04/07/23,09:42:15,     1,  1822,   464,  998.6, 300,20.6,23.0, 0.0,  0, 0.0000,     0,20.3,21.8,28.7, 25,    39,    43, 1.0778, 0.8348
M5,04/07/23,09:42:16,     1,  1823,   465,  998.6, 300,20.6,23.0, 0.0,  0, 0.0000,     0,20.3,21.8,28.7, 25,    40,    44, 1.0779, 0.8601
M5,04/07/23,09:42:17,     1,  1824,   466,  998.6, 300,20.6,23.0, 0.0,  0, 0.0000,     0,20.3,21.8,28.7, 25,    41,    45, 1.0787, 0.8829
M5,04/07/23,09:42:18,     1,  1825,   466,  998.6, 300,20.6,23.0, 0.0,  0, 0.0000,     0,20.3,21.8,28.7, 25,    41,    46, 1.0778, 0.9056
M5,04/07/23,09:42:19,     1,  1826,   467,  998.6, 300,20.6,23.0, 0.0,  0, 0.0000,     0,20.3,21.8,28.7, 25,    42,    47, 1.0763, 0.9283
M5,04/07/23,09:42:20,     1,  1827,   468,  998.6, 300,20.6,23.0, 0.0,  0, 0.0000,     0,20.3,21.8,28.7, 25,    43,    48, 1.0750, 0.9470
M5,04/07/23,09:42:21,     1,  1828,   469,  998.6, 300,20.7,23.0, 0.0,  0, 0.0000,     0,20.3,21.8,28.7, 25,    44,    49, 1.0744, 0.9634
M5,04/07/23,09:42:22,     1,  1829,   470,  998.6, 300,20.7,23.0, 0.0,  0, 0.0000,     0,20.3,21.8,28.7, 25,    45,    50, 1.0742, 0.9742
M5,04/07/23,09:42:23,     1,  1830,   471,  998.6, 300,20.7,23.0, 0.0,  0, 0.0000,     0,20.3,21.8,28.7, 25,    46,    51, 1.0740, 0.9835
M5,04/07/23,09:42:24,     1,  1831,   472,  998.6, 300,20.7,23.0, 0.0,  0, 0.0000,     0,20.3,21.8,28.7, 25,    47,    52, 1.0756, 0.9871
M5,04/07/23,09:42:25,     1,  1832,   472,  998.6, 300,20.7,23.0, 0.0,  0, 0.0000,     0,20.3,21.8,28.7, 25,    47,    53, 1.0754, 0.9953
M5,04/07/23,09:42:26,     1,  1833,   473,  998.6, 300,20.7,23.0, 0.0,  0, 0.0000,     0,20.3,21.8,28.7, 25,    48,    54, 1.0745, 1.0046
M5,04/07/23,09:42:27,     1,  1834,   474,  998.6, 300,20.7,23.0, 0.0,  0, 0.0000,     0,20.3,21.8,28.7, 25,    49,    55, 1.0732, 1.0148
M5,04/07/23,09:42:28,     1,  1835,   475,  998.6, 300,20.7,23.0, 0.0,  0, 0.0000,     0,20.3,21.8,28.7, 25,    50,    56, 1.0731, 1.0215
M5,04/07/23,09:42:29,     1,  1836,   476,  998.6, 300,20.7,23.0, 0.0,  0, 0.0000,     0,20.3,21.8,28.7, 25,    50,    57, 1.0720, 1.0289
R5,04/07/23,09:42:29,     1,  1836,   476,  998.6, 300,20.7,23.0, 0.0,  0, 0.0000,     0,20.3,21.8,28.7, 25,    50,    57, 1.0720, 1.0289
End
Zero
Start
M5,04/07/23,09:46:29,     2,  2075,   454,  998.4, 300,20.5,23.0, 0.0,  0, 0.0000,     0,19.7,21.3,17.2, 20,     2,     1, 0.0000, 0.0000
M5,04/07/23,09:46:30,     2,  2076,   456,  998.4, 300,20.5,23.0, 0.0,  0, 0.0000,     0,19.7,21.3,17.2, 20,     4,     2, 0.0000, 0.0000
M5,04/07/23,09:46:31,     2,  2077,   458,  998.4, 300,20.5,23.0, 0.0,  0, 0.0000,     0,19.7,21.3,17.2, 20,     6,     3, 0.0000, 0.0000
M5,04/07/23,09:46:32,     2,  2078,   460,  998.4, 300,20.5,23.0, 0.0,  0, 0.0000,     0,19.7,21.3,17.2, 20,     8,     4, 0.0000, 0.0000
M5,04/07/23,09:46:33,     2,  2079,   461,  998.4, 300,20.5,23.0, 0.0,  0, 0.0000,     0,19.7,21.3,17.2, 20,     9,     5, 0.0000, 0.0000
M5,04/07/23,09:46:34,     2,  2080,   462,  998.4, 300,20.5,23.0, 0.0,  0, 0.0000,     0,19.7,21.3,17.2, 20,    10,     6, 0.0000, 0.0000
M5,04/07/23,09:46:35,     2,  2081,   464,  998.4, 300,20.5,23.0, 0.0,  0, 0.0000,     0,19.7,21.3,17.3, 20,    11,     7, 0.0000, 0.0000
M5,04/07/23,09:46:36,     2,  2082,   465,  998.4, 300,20.5,23.0, 0.0,  0, 0.0000,     0,19.7,21.3,17.3, 20,    13,     8, 0.0000, 0.0000
M5,04/07/23,09:46:37,     2,  2083,   467,  998.4, 300,20.5,23.0, 0.0,  0, 0.0000,     0,19.7,21.3,17.3, 20,    15,     9, 0.0000, 0.0000
M5,04/07/23,09:46:38,     2,  2084,   468,  998.4, 300,20.5,23.0, 0.0,  0, 0.0000,     0,19.7,21.3,17.3, 25,    16,    10, 0.0000, 0.0000
M5,04/07/23,09:46:39,     2,  2085,   470,  998.4, 300,20.5,23.0, 0.0,  0, 0.0000,     0,19.7,21.3,17.3, 25,    17,    11, 0.0000, 0.0000
M5,04/07/23,09:46:40,     2,  2086,   471,  998.4, 300,20.5,23.0, 0.0,  0, 0.0000,     0,19.7,21.3,17.2, 25,    19,    12, 0.0000, 0.0000
M5,04/07/23,09:46:41,     2,  2087,   472,  998.4, 300,20.5,23.0, 0.0,  0, 0.0000,     0,19.7,21.3,17.2, 25,    20,    13, 1.8132, 1.8213
M5,04/07/23,09:46:42,     2,  2088,   474,  998.4, 300,20.5,23.0, 0.0,  0, 0.0000,     0,19.7,21.3,17.2, 25,    22,    14, 1.8605, 1.7309
M5,04/07/23,09:46:43,     2,  2089,   475,  998.4, 300,20.5,23.0, 0.0,  0, 0.0000,     0,19.7,21.3,17.2, 25,    23,    15, 1.9007, 1.7126
M5,04/07/23,09:46:44,     2,  2090,   477,  998.4, 300,20.5,23.0, 0.0,  0, 0.0000,     0,19.7,21.3,17.2, 25,    25,    16, 1.9069, 1.7848
M5,04/07/23,09:46:45,     2,  2091,   478,  998.4, 300,20.6,23.0, 0.0,  0, 0.0000,     0,19.7,21.3,17.2, 25,    26,    17, 1.8866, 1.8954
M5,04/07/23,09:46:46,     2,  2092,   479,  998.4, 300,20.6,23.0, 0.0,  0, 0.0000,     0,19.7,21.3,17.2, 25,    27,    18, 1.8717, 1.9293
M5,04/07/23,09:46:47,     2,  2093,   481,  998.4, 300,20.6,23.0, 0.0,  0, 0.0000,     0,19.7,21.3,17.2, 25,    29,    19, 1.8877, 1.8639
M5,04/07/23,09:46:48,     2,  2094,   483,  998.4, 300,20.6,23.0, 0.0,  0, 0.0000,     0,19.7,21.3,17.2, 25,    30,    20, 1.9043, 1.8225
M5,04/07/23,09:46:49,     2,  2095,   484,  998.4, 300,20.6,23.0, 0.0,  0, 0.0000,     0,19.7,21.3,17.2, 25,    32,    21, 1.9117, 1.8255
M5,04/07/23,09:46:50,     2,  2096,   485,  998.4, 300,20.6,23.0, 0.0,  0, 0.0000,     0,19.7,21.4,17.2, 25,    33,    22, 1.9053, 1.8670
M5,04/07/23,09:46:51,     2,  2097,   486,  998.4, 300,20.6,23.0, 0.0,  0, 0.0000,     0,19.7,21.4,17.2, 25,    34,    23, 1.8933, 1.9144
M5,04/07/23,09:46:52,     2,  2098,   487,  998.4, 300,20.6,23.0, 0.0,  0, 0.0000,     0,19.7,21.4,17.2, 25,    35,    24, 1.8723, 1.9737
M5,04/07/23,09:46:53,     2,  2099,   488,  998.4, 300,20.6,23.0, 0.0,  0, 0.0000,     0,19.7,21.4,17.2, 25,    36,    25, 1.8475, 2.0287
M5,04/07/23,09:46:54,     2,  2100,   490,  998.4, 300,20.6,23.0, 0.0,  0, 0.0000,     0,19.7,21.4,17.2, 25,    38,    26, 1.8298, 2.0474
M5,04/07/23,09:46:55,     2,  2101,   491,  998.4, 300,20.6,23.0, 0.0,  0, 0.0000,     0,19.7,21.4,17.2, 25,    39,    27, 1.8215, 2.0296
M5,04/07/23,09:46:56,     2,  2102,   493,  998.4, 300,20.6,23.0, 0.0,  0, 0.0000,     0,19.7,21.4,17.2, 25,    41,    28, 1.8190, 1.9945
M5,04/07/23,09:46:57,     2,  2103,   494,  998.4, 300,20.6,23.0, 0.0,  0, 0.0000,     0,19.7,21.4,17.2, 25,    42,    29, 1.8181, 1.9648
M5,04/07/23,09:46:58,     2,  2104,   495,  998.4, 300,20.6,23.0, 0.0,  0, 0.0000,     0,19.7,21.4,17.2, 25,    43,    30, 1.8121, 1.9598
M5,04/07/23,09:46:59,     2,  2105,   497,  998.4, 300,20.6,23.0, 0.0,  0, 0.0000,     0,19.7,21.4,17.2, 25,    44,    31, 1.8049, 1.9587
M5,04/07/23,09:47:00,     2,  2106,   498,  998.4, 300,20.6,23.0, 0.0,  0, 0.0000,     0,19.7,21.4,17.2, 25,    46,    32, 1.8000, 1.9502
M5,04/07/23,09:47:01,     2,  2107,   499,  998.4, 300,20.6,23.0, 0.0,  0, 0.0000,     0,19.7,21.4,17.2, 25,    47,    33, 1.7951, 1.9461
M5,04/07/23,09:47:02,     2,  2108,   500,  998.4, 300,20.6,23.0, 0.0,  0, 0.0000,     0,19.7,21.4,17.2, 25,    48,    34, 1.7871, 1.9507
M5,04/07/23,09:47:03,     2,  2109,   502,  998.4, 300,20.6,23.0, 0.0,  0, 0.0000,     0,19.7,21.4,17.2, 25,    50,    35, 1.7807, 1.9458
M5,04/07/23,09:47:04,     2,  2110,   503,  998.4, 300,20.6,23.0, 0.0,  0, 0.0000,     0,19.7,21.4,17.2, 25,    51,    36, 1.7768, 1.9360
R5,04/07/23,09:47:04,     2,  2110,   503,  998.4, 300,20.6,23.0, 0.0,  0, 0.0000,     0,19.7,21.4,17.2, 25,    51,    36, 1.7768, 1.9360
End
Start
M5,04/07/23,09:48:09,     2,  2174,   450,  998.4, 300,20.6,23.0, 0.0,  0, 0.0000,     0,19.7,20.9,17.0, 20,     3,     1, 0.0000, 0.0000
M5,04/07/23,09:48:10,     2,  2175,   452,  998.4, 300,20.6,23.0, 0.0,  0, 0.0000,     0,19.7,20.9,17.0, 20,     5,     2, 0.0000, 0.0000
M5,04/07/23,09:48:11,     2,  2176,   454,  998.4, 300,20.6,23.0, 0.0,  0, 0.0000,     0,19.7,20.9,17.0, 20,     6,     3, 0.0000, 0.0000
M5,04/07/23,09:48:12,     2,  2177,   455,  998.4, 300,20.6,23.0, 0.0,  0, 0.0000,     0,19.7,20.9,17.1, 20,     8,     4, 0.0000, 0.0000
M5,04/07/23,09:48:13,     2,  2178,   457,  998.4, 300,20.6,23.0, 0.0,  0, 0.0000,     0,19.7,20.9,17.1, 20,    10,     5, 0.0000, 0.0000
M5,04/07/23,09:48:14,     2,  2179,   458,  998.4, 300,20.6,23.0, 0.0,  0, 0.0000,     0,19.7,21.0,17.1, 20,    11,     6, 0.0000, 0.0000
M5,04/07/23,09:48:15,     2,  2180,   459,  998.4, 300,20.6,23.0, 0.0,  0, 0.0000,     0,19.7,21.0,17.1, 20,    12,     7, 0.0000, 0.0000
M5,04/07/23,09:48:16,     2,  2181,   461,  998.4, 300,20.6,23.0, 0.0,  0, 0.0000,     0,19.7,21.0,17.1, 20,    14,     8, 0.0000, 0.0000
M5,04/07/23,09:48:17,     2,  2182,   463,  998.4, 300,20.6,23.0, 0.0,  0, 0.0000,     0,19.5,21.0,17.0, 20,    15,     9, 0.0000, 0.0000
M5,04/07/23,09:48:18,     2,  2183,   464,  998.4, 300,20.6,23.0, 0.0,  0, 0.0000,     0,19.5,21.0,17.0, 25,    17,    10, 0.0000, 0.0000
M5,04/07/23,09:48:19,     2,  2184,   466,  998.4, 300,20.6,23.0, 0.0,  0, 0.0000,     0,19.5,21.0,17.0, 25,    18,    11, 0.0000, 0.0000
M5,04/07/23,09:48:20,     2,  2185,   467,  998.4, 300,20.5,23.0, 0.0,  0, 0.0000,     0,19.5,21.0,17.0, 25,    20,    12, 0.0000, 0.0000
M5,04/07/23,09:48:21,     2,  2186,   468,  998.4, 300,20.5,23.0, 0.0,  0, 0.0000,     0,19.5,21.0,17.0, 25,    21,    13, 1.9662, 2.1331
M5,04/07/23,09:48:22,     2,  2187,   470,  998.4, 300,20.6,23.0, 0.0,  0, 0.0000,     0,19.5,21.0,17.0, 25,    23,    14, 1.9705, 2.0305
M5,04/07/23,09:48:23,     2,  2188,   471,  998.4, 300,20.6,23.0, 0.0,  0, 0.0000,     0,19.5,21.0,17.0, 25,    24,    15, 1.9167, 2.1137
M5,04/07/23,09:48:24,     2,  2189,   473,  998.4, 300,20.5,23.0, 0.0,  0, 0.0000,     0,19.5,21.0,17.0, 25,    25,    16, 1.8856, 2.0900
M5,04/07/23,09:48:25,     2,  2190,   474,  998.4, 300,20.5,23.0, 0.0,  0, 0.0000,     0,19.5,21.1,17.0, 25,    27,    17, 1.8680, 2.0500
M5,04/07/23,09:48:26,     2,  2191,   475,  998.4, 300,20.5,23.0, 0.0,  0, 0.0000,     0,19.5,21.1,17.0, 25,    28,    18, 1.8559, 2.0145
M5,04/07/23,09:48:27,     2,  2192,   477,  998.4, 300,20.5,23.0, 0.0,  0, 0.0000,     0,19.5,21.1,17.0, 25,    30,    19, 1.8470, 1.9814
M5,04/07/23,09:48:28,     2,  2193,   478,  998.4, 300,20.5,23.0, 0.0,  0, 0.0000,     0,19.5,21.1,17.0, 25,    31,    20, 1.8523, 1.9247
M5,04/07/23,09:48:29,     2,  2194,   480,  998.4, 300,20.5,23.0, 0.0,  0, 0.0000,     0,19.5,21.1,17.0, 25,    32,    21, 1.8550, 1.8963
M5,04/07/23,09:48:30,     2,  2195,   481,  998.4, 300,20.5,23.0, 0.0,  0, 0.0000,     0,19.5,21.1,17.0, 25,    34,    22, 1.8557, 1.8830
M5,04/07/23,09:48:31,     2,  2196,   482,  998.4, 300,20.5,23.0, 0.0,  0, 0.0000,     0,19.5,21.1,17.0, 25,    35,    23, 1.8566, 1.8780
M5,04/07/23,09:48:32,     2,  2197,   484,  998.4, 300,20.5,23.0, 0.0,  0, 0.0000,     0,19.5,21.1,17.0, 25,    36,    24, 1.8502, 1.8930
M5,04/07/23,09:48:33,     2,  2198,   485,  998.4, 300,20.5,23.0, 0.0,  0, 0.0000,     0,19.5,21.1,17.0, 25,    38,    25, 1.8507, 1.8819
M5,04/07/23,09:48:34,     2,  2199,   487,  998.4, 300,20.5,23.0, 0.0,  0, 0.0000,     0,19.5,21.1,17.0, 25,    40,    26, 1.8552, 1.8605
M5,04/07/23,09:48:35,     2,  2200,   488,  998.4, 300,20.5,23.0, 0.0,  0, 0.0000,     0,19.5,21.1,17.0, 25,    41,    27, 1.8623, 1.8365
M5,04/07/23,09:48:36,     2,  2201,   490,  998.4, 300,20.6,23.0, 0.0,  0, 0.0000,     0,19.5,21.1,17.0, 25,    42,    28, 1.8674, 1.8272
M5,04/07/23,09:48:37,     2,  2202,   491,  998.4, 300,20.6,23.0, 0.0,  0, 0.0000,     0,19.5,21.1,17.0, 25,    44,    29, 1.8703, 1.8248
M5,04/07/23,09:48:38,     2,  2203,   492,  998.4, 300,20.6,23.0, 0.0,  0, 0.0000,     0,19.5,21.1,17.0, 25,    45,    30, 1.8729, 1.8270
M5,04/07/23,09:48:39,     2,  2204,   494,  998.4, 300,20.6,23.0, 0.0,  0, 0.0000,     0,19.5,21.1,17.0, 25,    46,    31, 1.8713, 1.8401
M5,04/07/23,09:48:40,     2,  2205,   495,  998.4, 300,20.6,23.0, 0.0,  0, 0.0000,     0,19.5,21.1,17.0, 25,    48,    32, 1.8674, 1.8585
M5,04/07/23,09:48:41,     2,  2206,   496,  998.4, 300,20.6,23.0, 0.0,  0, 0.0000,     0,19.5,21.1,17.0, 25,    49,    33, 1.8657, 1.8620
M5,04/07/23,09:48:42,     2,  2207,   498,  998.4, 300,20.6,23.0, 0.0,  0, 0.0000,     0,19.5,21.1,17.0, 25,    51,    34, 1.8671, 1.8578
R5,04/07/23,09:48:42,     2,  2207,   498,  998.4, 300,20.6,23.0, 0.0,  0, 0.0000,     0,19.5,21.1,17.0, 25,    51,    34, 1.8671, 1.8578
End
Start
M5,04/07/23,09:49:39,     2,  2264,   444,  998.4, 300,20.5,23.0, 0.0,  0, 0.0000,     0,19.5,20.7,17.3, 20,     4,     1, 0.0000, 0.0000
M5,04/07/23,09:49:40,     2,  2265,   448,  998.4, 300,20.5,23.0, 0.0,  0, 0.0000,     0,19.5,20.7,17.3, 20,     7,     2, 0.0000, 0.0000
M5,04/07/23,09:49:41,     2,  2266,   450,  998.4, 300,20.5,23.0, 0.0,  0, 0.0000,     0,19.5,20.7,17.3, 20,    10,     3, 0.0000, 0.0000
M5,04/07/23,09:49:42,     2,  2267,   453,  998.4, 300,20.5,23.0, 0.0,  0, 0.0000,     0,19.5,20.7,17.3, 20,    12,     4, 0.0000, 0.0000
M5,04/07/23,09:49:43,     2,  2268,   455,  998.4, 300,20.5,23.0, 0.0,  0, 0.0000,     0,19.5,20.7,17.3, 20,    14,     5, 0.0000, 0.0000
A5,04/07/23,09:49:43,     2,  2268,   455,  998.4, 300,20.5,23.0, 0.0,  0, 0.0000,     0,19.5,20.7,17.3, 20,    14,     5, 0.0000, 0.0000
End
Start
M5,04/07/23,09:50:58,     2,  2342,   459,  998.4, 300,20.5,23.0, 0.0,  0, 0.0000,     0,19.5,20.7,17.1, 20,     4,     1, 0.0000, 0.0000
M5,04/07/23,09:50:59,     2,  2343,   462,  998.4, 300,20.5,23.0, 0.0,  0, 0.0000,     0,19.5,20.7,17.1, 20,     6,     2, 0.0000, 0.0000
M5,04/07/23,09:51:00,     2,  2344,   464,  998.4, 300,20.5,23.0, 0.0,  0, 0.0000,     0,19.5,20.7,17.1, 20,     9,     3, 0.0000, 0.0000
M5,04/07/23,09:51:01,     2,  2345,   466,  998.4, 300,20.5,23.0, 0.0,  0, 0.0000,     0,19.5,20.7,17.1, 20,    11,     4, 0.0000, 0.0000
M5,04/07/23,09:51:02,     2,  2346,   468,  998.4, 300,20.4,23.0, 0.0,  0, 0.0000,     0,19.5,20.7,17.1, 20,    13,     5, 0.0000, 0.0000
M5,04/07/23,09:51:03,     2,  2347,   469,  998.4, 300,20.4,23.0, 0.0,  0, 0.0000,     0,19.5,20.7,17.1, 20,    14,     6, 0.0000, 0.0000
M5,04/07/23,09:51:04,     2,  2348,   471,  998.4, 300,20.4,23.0, 0.0,  0, 0.0000,     0,19.5,20.8,17.0, 20,    16,     7, 0.0000, 0.0000
M5,04/07/23,09:51:05,     2,  2349,   473,  998.4, 300,20.4,23.0, 0.0,  0, 0.0000,     0,19.5,20.8,17.0, 20,    17,     8, 0.0000, 0.0000
M5,04/07/23,09:51:06,     2,  2350,   474,  998.4, 300,20.4,23.0, 0.0,  0, 0.0000,     0,19.5,20.8,17.0, 20,    19,     9, 0.0000, 0.0000
M5,04/07/23,09:51:07,     2,  2351,   475,  998.4, 300,20.4,23.0, 0.0,  0, 0.0000,     0,19.5,20.8,17.0, 25,    20,    10, 0.0000, 0.0000
M5,04/07/23,09:51:08,     2,  2352,   477,  998.4, 300,20.4,23.0, 0.0,  0, 0.0000,     0,19.5,20.8,17.0, 25,    21,    11, 0.0000, 0.0000
M5,04/07/23,09:51:09,     2,  2353,   478,  998.4, 300,20.5,23.0, 0.0,  0, 0.0000,     0,19.5,20.8,17.0, 25,    22,    12, 0.0000, 0.0000
M5,04/07/23,09:51:10,     2,  2354,   479,  998.4, 300,20.5,23.0, 0.0,  0, 0.0000,     0,19.5,20.8,17.0, 25,    24,    13, 1.6120, 1.2672
M5,04/07/23,09:51:11,     2,  2355,   480,  998.4, 300,20.5,23.0, 0.0,  0, 0.0000,     0,19.5,20.8,17.0, 25,    25,    14, 1.6305, 1.4362
M5,04/07/23,09:51:12,     2,  2356,   481,  998.4, 300,20.5,23.0, 0.0,  0, 0.0000,     0,19.5,20.9,17.0, 25,    26,    15, 1.5675, 1.6718
M5,04/07/23,09:51:13,     2,  2357,   482,  998.4, 300,20.4,23.0, 0.0,  0, 0.0000,     0,19.5,20.9,17.0, 25,    27,    16, 1.5003, 1.7743
M5,04/07/23,09:51:14,     2,  2358,   483,  998.4, 300,20.4,23.0, 0.0,  0, 0.0000,     0,19.5,20.9,17.0, 25,    28,    17, 1.4422, 1.8053
M5,04/07/23,09:51:15,     2,  2359,   484,  998.4, 300,20.4,23.0, 0.0,  0, 0.0000,     0,19.5,20.9,17.0, 25,    29,    18, 1.4413, 1.6705
M5,04/07/23,09:51:16,     2,  2360,   486,  998.4, 300,20.4,23.0, 0.0,  0, 0.0000,     0,19.5,20.9,17.0, 25,    30,    19, 1.4632, 1.5316
M5,04/07/23,09:51:17,     2,  2361,   487,  998.4, 300,20.4,23.0, 0.0,  0, 0.0000,     0,19.5,20.9,17.0, 25,    32,    20, 1.4922, 1.4273
M5,04/07/23,09:51:18,     2,  2362,   488,  998.4, 300,20.5,23.0, 0.0,  0, 0.0000,     0,19.5,20.9,17.0, 25,    33,    21, 1.5141, 1.3841
M5,04/07/23,09:51:19,     2,  2363,   489,  998.4, 300,20.5,23.0, 0.0,  0, 0.0000,     0,19.5,20.9,17.0, 25,    34,    22, 1.5303, 1.3706
M5,04/07/23,09:51:20,     2,  2364,   491,  998.4, 300,20.5,23.0, 0.0,  0, 0.0000,     0,19.5,20.9,17.0, 25,    36,    23, 1.5640, 1.3131
M5,04/07/23,09:51:21,     2,  2365,   493,  998.4, 300,20.5,23.0, 0.0,  0, 0.0000,     0,19.5,20.9,17.0, 25,    38,    24, 1.5983, 1.2658
M5,04/07/23,09:51:22,     2,  2366,   494,  998.4, 300,20.5,23.0, 0.0,  0, 0.0000,     0,19.5,20.9,17.0, 25,    39,    25, 1.6217, 1.2662
M5,04/07/23,09:51:23,     2,  2367,   495,  998.4, 300,20.5,23.0, 0.0,  0, 0.0000,     0,19.5,20.9,17.0, 25,    40,    26, 1.6368, 1.2891
M5,04/07/23,09:51:24,     2,  2368,   497,  998.4, 300,20.5,23.0, 0.0,  0, 0.0000,     0,19.5,20.9,17.0, 25,    41,    27, 1.6519, 1.3104
M5,04/07/23,09:51:25,     2,  2369,   498,  998.4, 300,20.5,23.0, 0.0,  0, 0.0000,     0,19.5,20.9,17.0, 25,    43,    28, 1.6668, 1.3308
M5,04/07/23,09:51:26,     2,  2370,   500,  998.4, 300,20.5,23.0, 0.0,  0, 0.0000,     0,19.5,20.9,17.0, 25,    44,    29, 1.6829, 1.3392
M5,04/07/23,09:51:27,     2,  2371,   501,  998.4, 300,20.5,23.0, 0.0,  0, 0.0000,     0,19.5,20.9,17.0, 25,    46,    30, 1.7001, 1.3419
M5,04/07/23,09:51:28,     2,  2372,   503,  998.4, 300,20.5,23.0, 0.0,  0, 0.0000,     0,19.5,20.9,17.0, 25,    47,    31, 1.7177, 1.3426
M5,04/07/23,09:51:29,     2,  2373,   504,  998.4, 300,20.5,23.0, 0.0,  0, 0.0000,     0,19.5,20.9,17.0, 25,    49,    32, 1.7326, 1.3519
M5,04/07/23,09:51:30,     2,  2374,   506,  998.4, 300,20.5,23.0, 0.0,  0, 0.0000,     0,19.5,20.9,17.0, 25,    50,    33, 1.7478, 1.3588
R5,04/07/23,09:51:30,     2,  2374,   506,  998.4, 300,20.5,23.0, 0.0,  0, 0.0000,     0,19.5,20.9,17.0, 25,    50,    33, 1.7478, 1.3588
End
Start
M5,04/07/23,09:59:45,     3,  2866,   436,  998.4, 300,20.2,23.0, 0.0,  0, 0.0000,     0,18.8,20.7,41.2, 20,     2,     1, 0.0000, 0.0000
M5,04/07/23,09:59:46,     3,  2867,   437,  998.4, 300,20.2,23.0, 0.0,  0, 0.0000,     0,18.8,20.7,41.2, 20,     3,     2, 0.0000, 0.0000
M5,04/07/23,09:59:47,     3,  2868,   438,  998.4, 300,20.3,23.0, 0.0,  0, 0.0000,     0,18.8,20.7,41.2, 20,     4,     3, 0.0000, 0.0000
M5,04/07/23,09:59:48,     3,  2869,   439,  998.4, 300,20.3,23.0, 0.0,  0, 0.0000,     0,18.8,20.7,41.2, 20,     5,     4, 0.0000, 0.0000
M5,04/07/23,09:59:49,     3,  2870,   440,  998.4, 300,20.2,23.0, 0.0,  0, 0.0000,     0,18.8,20.7,41.4, 20,     6,     5, 0.0000, 0.0000
M5,04/07/23,09:59:50,     3,  2871,   441,  998.4, 300,20.2,23.0, 0.0,  0, 0.0000,     0,18.8,20.7,41.4, 20,     7,     6, 0.0000, 0.0000
M5,04/07/23,09:59:51,     3,  2872,   441,  998.4, 300,20.2,23.0, 0.0,  0, 0.0000,     0,18.8,20.7,41.4, 20,     7,     7, 0.0000, 0.0000
M5,04/07/23,09:59:52,     3,  2873,   442,  998.4, 300,20.2,23.0, 0.0,  0, 0.0000,     0,18.8,20.7,41.4, 20,     8,     8, 0.0000, 0.0000
M5,04/07/23,09:59:53,     3,  2874,   442,  998.4, 300,20.2,23.0, 0.0,  0, 0.0000,     0,18.8,20.7,41.4, 20,     9,     9, 0.0000, 0.0000
M5,04/07/23,09:59:54,     3,  2875,   443,  998.4, 300,20.2,23.0, 0.0,  0, 0.0000,     0,18.8,20.7,41.4, 25,     9,    10, 0.0000, 0.0000
M5,04/07/23,09:59:55,     3,  2876,   444,  998.4, 300,20.2,23.0, 0.0,  0, 0.0000,     0,18.8,20.7,41.4, 25,    10,    11, 0.0000, 0.0000
M5,04/07/23,09:59:56,     3,  2877,   445,  998.4, 300,20.2,23.0, 0.0,  0, 0.0000,     0,18.8,20.7,41.4, 25,    11,    12, 0.0000, 0.0000
M5,04/07/23,09:59:57,     3,  2878,   445,  998.4, 300,20.2,23.0, 0.0,  0, 0.0000,     0,18.8,20.7,41.4, 25,    11,    13, 0.9345, 0.9337
M5,04/07/23,09:59:58,     3,  2879,   446,  998.4, 300,20.2,23.0, 0.0,  0, 0.0000,     0,18.8,20.7,41.4, 25,    12,    14, 0.8264, 1.1281
M5,04/07/23,09:59:59,     3,  2880,   446,  998.3, 300,20.2,23.0, 0.0,  0, 0.0000,     0,18.8,20.7,41.4, 25,    12,    15, 0.7692, 1.0892
M5,04/07/23,10:00:00,     3,  2881,   447,  998.3, 300,20.2,23.0, 0.0,  0, 0.0000,     0,18.8,20.7,41.4, 25,    13,    16, 0.7361, 1.0172
M5,04/07/23,10:00:01,     3,  2882,   447,  998.3, 300,20.2,23.0, 0.0,  0, 0.0000,     0,18.8,20.7,41.4, 25,    13,    17, 0.6963, 0.9995
M5,04/07/23,10:00:02,     3,  2883,   447,  998.3, 300,20.2,23.0, 0.0,  0, 0.0000,     0,18.8,20.8,41.4, 25,    13,    18, 0.6596, 0.9819
M5,04/07/23,10:00:03,     3,  2884,   448,  998.3, 300,20.2,23.0, 0.0,  0, 0.0000,     0,18.8,20.8,41.4, 25,    14,    19, 0.6403, 0.9263
M5,04/07/23,10:00:04,     3,  2885,   448,  998.3, 300,20.2,23.0, 0.0,  0, 0.0000,     0,18.8,20.8,41.4, 25,    14,    20, 0.6293, 0.8670
M5,04/07/23,10:00:05,     3,  2886,   449,  998.3, 300,20.2,23.0, 0.0,  0, 0.0000,     0,18.8,20.8,41.4, 25,    15,    21, 0.6314, 0.7908
M5,04/07/23,10:00:06,     3,  2887,   450,  998.3, 300,20.2,23.0, 0.0,  0, 0.0000,     0,18.8,20.8,41.4, 25,    16,    22, 0.6400, 0.7215
M5,04/07/23,10:00:07,     3,  2888,   450,  998.3, 300,20.2,23.0, 0.0,  0, 0.0000,     0,18.8,20.8,41.4, 25,    16,    23, 0.6514, 0.6656
M5,04/07/23,10:00:08,     3,  2889,   451,  998.3, 300,20.2,23.0, 0.0,  0, 0.0000,     0,18.8,20.8,41.4, 25,    17,    24, 0.6580, 0.6394
M5,04/07/23,10:00:09,     3,  2890,   451,  998.3, 300,20.2,23.0, 0.0,  0, 0.0000,     0,18.8,20.8,41.4, 25,    17,    25, 0.6623, 0.6298
M5,04/07/23,10:00:10,     3,  2891,   452,  998.4, 300,20.3,23.0, 0.0,  0, 0.0000,     0,18.8,20.8,41.4, 25,    18,    26, 0.6697, 0.6170
M5,04/07/23,10:00:11,     3,  2892,   452,  998.4, 300,20.3,23.0, 0.0,  0, 0.0000,     0,18.8,20.8,41.2, 25,    19,    27, 0.6736, 0.6146
M5,04/07/23,10:00:12,     3,  2893,   453,  998.4, 300,20.2,23.0, 0.0,  0, 0.0000,     0,18.8,20.8,41.2, 25,    19,    28, 0.6789, 0.6068
M5,04/07/23,10:00:13,     3,  2894,   453,  998.4, 300,20.2,23.0, 0.0,  0, 0.0000,     0,18.8,20.8,41.2, 25,    20,    29, 0.6795, 0.6182
M5,04/07/23,10:00:14,     3,  2895,   454,  998.4, 300,20.2,23.0, 0.0,  0, 0.0000,     0,18.8,20.8,41.2, 25,    20,    30, 0.6821, 0.6200
M5,04/07/23,10:00:15,     3,  2896,   455,  998.4, 300,20.3,23.0, 0.0,  0, 0.0000,     0,18.8,20.8,41.2, 25,    21,    31, 0.6840, 0.6257
M5,04/07/23,10:00:16,     3,  2897,   455,  998.4, 300,20.3,23.0, 0.0,  0, 0.0000,     0,18.8,20.8,41.2, 25,    21,    32, 0.6846, 0.6327
M5,04/07/23,10:00:17,     3,  2898,   456,  998.4, 300,20.2,23.0, 0.0,  0, 0.0000,     0,18.8,20.8,41.2, 25,    22,    33, 0.6846, 0.6403
M5,04/07/23,10:00:18,     3,  2899,   456,  998.4, 300,20.2,23.0, 0.0,  0, 0.0000,     0,18.8,20.8,41.2, 25,    22,    34, 0.6863, 0.6412
M5,04/07/23,10:00:19,     3,  2900,   457,  998.4, 300,20.2,23.0, 0.0,  0, 0.0000,     0,18.8,20.8,41.2, 25,    23,    35, 0.6890, 0.6383
M5,04/07/23,10:00:20,     3,  2901,   458,  998.4, 300,20.2,23.0, 0.0,  0, 0.0000,     0,18.8,20.8,41.2, 25,    24,    36, 0.6925, 0.6332
M5,04/07/23,10:00:21,     3,  2902,   458,  998.4, 300,20.2,23.0, 0.0,  0, 0.0000,     0,18.8,20.8,41.2, 25,    24,    37, 0.6965, 0.6271
M5,04/07/23,10:00:22,     3,  2903,   459,  998.4, 300,20.2,23.0, 0.0,  0, 0.0000,     0,18.8,20.8,41.2, 25,    25,    38, 0.6978, 0.6312
M5,04/07/23,10:00:23,     3,  2904,   459,  998.4, 300,20.2,23.0, 0.0,  0, 0.0000,     0,18.8,20.8,41.2, 25,    25,    39, 0.6972, 0.6418
M5,04/07/23,10:00:24,     3,  2905,   460,  998.3, 300,20.2,23.0, 0.0,  0, 0.0000,     0,18.8,20.8,41.2, 25,    26,    40, 0.6963, 0.6509
M5,04/07/23,10:00:25,     3,  2906,   460,  998.3, 300,20.2,23.0, 0.0,  0, 0.0000,     0,18.8,20.8,41.2, 25,    26,    41, 0.6954, 0.6595
M5,04/07/23,10:00:26,     3,  2907,   461,  998.3, 300,20.2,23.0, 0.0,  0, 0.0000,     0,18.8,20.8,41.2, 25,    27,    42, 0.6945, 0.6675
M5,04/07/23,10:00:27,     3,  2908,   461,  998.3, 300,20.2,23.0, 0.0,  0, 0.0000,     0,18.8,20.8,41.4, 25,    27,    43, 0.6912, 0.6822
M5,04/07/23,10:00:28,     3,  2909,   461,  998.3, 300,20.2,23.0, 0.0,  0, 0.0000,     0,18.8,20.8,41.4, 25,    27,    44, 0.6882, 0.6938
M5,04/07/23,10:00:29,     3,  2910,   462,  998.3, 300,20.2,23.0, 0.0,  0, 0.0000,     0,18.8,20.8,41.4, 25,    28,    45, 0.6865, 0.6995
M5,04/07/23,10:00:30,     3,  2911,   462,  998.3, 300,20.2,23.0, 0.0,  0, 0.0000,     0,18.8,20.8,41.4, 25,    29,    46, 0.6848, 0.7040
M5,04/07/23,10:00:31,     3,  2912,   463,  998.4, 300,20.2,23.0, 0.0,  0, 0.0000,     0,18.8,20.8,41.4, 25,    29,    47, 0.6832, 0.7079
M5,04/07/23,10:00:32,     3,  2913,   463,  998.4, 300,20.2,23.0, 0.0,  0, 0.0000,     0,18.8,20.8,41.4, 25,    29,    48, 0.6808, 0.7140
M5,04/07/23,10:00:33,     3,  2914,   464,  998.4, 300,20.2,23.0, 0.0,  0, 0.0000,     0,18.8,20.8,41.4, 25,    30,    49, 0.6777, 0.7213
M5,04/07/23,10:00:34,     3,  2915,   464,  998.4, 300,20.2,23.0, 0.0,  0, 0.0000,     0,18.8,20.8,41.4, 25,    30,    50, 0.6750, 0.7268
M5,04/07/23,10:00:35,     3,  2916,   465,  998.4, 300,20.3,23.0, 0.0,  0, 0.0000,     0,18.8,20.8,41.4, 25,    31,    51, 0.6730, 0.7311
M5,04/07/23,10:00:36,     3,  2917,   465,  998.4, 300,20.3,23.0, 0.0,  0, 0.0000,     0,18.8,20.8,41.4, 25,    31,    52, 0.6709, 0.7338
M5,04/07/23,10:00:37,     3,  2918,   466,  998.4, 300,20.3,23.0, 0.0,  0, 0.0000,     0,18.8,20.8,41.4, 25,    32,    53, 0.6696, 0.7330
M5,04/07/23,10:00:38,     3,  2919,   466,  998.4, 300,20.3,23.0, 0.0,  0, 0.0000,     0,18.8,20.8,41.4, 25,    32,    54, 0.6684, 0.7319
M5,04/07/23,10:00:39,     3,  2920,   467,  998.4, 300,20.3,23.0, 0.0,  0, 0.0000,     0,18.8,20.8,41.4, 25,    33,    55, 0.6685, 0.7263
M5,04/07/23,10:00:40,     3,  2921,   468,  998.3, 300,20.3,23.0, 0.0,  0, 0.0000,     0,18.8,20.8,41.4, 25,    34,    56, 0.6685, 0.7212
M5,04/07/23,10:00:41,     3,  2922,   468,  998.3, 300,20.3,23.0, 0.0,  0, 0.0000,     0,18.8,20.8,41.4, 25,    34,    57, 0.6680, 0.7190
M5,04/07/23,10:00:42,     3,  2923,   469,  998.3, 300,20.3,23.0, 0.0,  0, 0.0000,     0,18.8,20.8,41.4, 25,    35,    58, 0.6674, 0.7170
M5,04/07/23,10:00:43,     3,  2924,   469,  998.3, 300,20.3,23.0, 0.0,  0, 0.0000,     0,18.8,20.8,41.4, 25,    35,    59, 0.6669, 0.7151
M5,04/07/23,10:00:44,     3,  2925,   470,  998.3, 300,20.3,23.0, 0.0,  0, 0.0000,     0,18.8,20.8,41.4, 25,    36,    60, 0.6664, 0.7133
R5,04/07/23,10:00:44,     3,  2925,   470,  998.3, 300,20.3,23.0, 0.0,  0, 0.0000,     0,18.8,20.8,41.4, 25,    36,    60, 0.6664, 0.7133
End
Start
M5,04/07/23,10:01:39,     3,  2979,   429,  998.4, 300,20.1,23.0, 0.0,  0, 0.0000,     0,18.8,20.6,41.1, 20,     1,     1, 0.0000, 0.0000
M5,04/07/23,10:01:40,     3,  2980,   430,  998.4, 300,20.1,23.0, 0.0,  0, 0.0000,     0,18.8,20.6,41.1, 20,     2,     2, 0.0000, 0.0000
M5,04/07/23,10:01:41,     3,  2981,   431,  998.4, 300,20.1,23.0, 0.0,  0, 0.0000,     0,18.8,20.6,41.1, 20,     3,     3, 0.0000, 0.0000
M5,04/07/23,10:01:42,     3,  2982,   432,  998.4, 300,20.1,23.0, 0.0,  0, 0.0000,     0,18.8,20.6,41.1, 20,     3,     4, 0.0000, 0.0000
M5,04/07/23,10:01:43,     3,  2983,   432,  998.4, 300,20.1,23.0, 0.0,  0, 0.0000,     0,18.8,20.7,41.1, 20,     4,     5, 0.0000, 0.0000
M5,04/07/23,10:01:44,     3,  2984,   433,  998.4, 300,20.1,23.0, 0.0,  0, 0.0000,     0,18.8,20.7,41.1, 20,     4,     6, 0.0000, 0.0000
M5,04/07/23,10:01:45,     3,  2985,   433,  998.4, 300,20.1,22.9, 0.0,  0, 0.0000,     0,18.8,20.7,41.1, 20,     5,     7, 0.0000, 0.0000
M5,04/07/23,10:01:46,     3,  2986,   434,  998.4, 300,20.1,22.9, 0.0,  0, 0.0000,     0,18.8,20.7,41.1, 20,     6,     8, 0.0000, 0.0000
M5,04/07/23,10:01:47,     3,  2987,   435,  998.4, 300,20.1,22.9, 0.0,  0, 0.0000,     0,18.8,20.7,41.1, 20,     6,     9, 0.0000, 0.0000
M5,04/07/23,10:01:48,     3,  2988,   435,  998.4, 300,20.1,22.9, 0.0,  0, 0.0000,     0,18.8,20.7,41.1, 25,     7,    10, 0.0000, 0.0000
M5,04/07/23,10:01:49,     3,  2989,   436,  998.4, 300,20.1,22.9, 0.0,  0, 0.0000,     0,18.8,20.7,41.1, 25,     8,    11, 0.0000, 0.0000
M5,04/07/23,10:01:50,     3,  2990,   437,  998.4, 300,20.1,22.9, 0.0,  0, 0.0000,     0,18.8,20.8,41.1, 25,     9,    12, 0.0000, 0.0000
M5,04/07/23,10:01:51,     3,  2991,   438,  998.3, 300,20.1,22.9, 0.0,  0, 0.0000,     0,18.8,20.8,41.1, 25,     9,    13, 0.9923, 1.1392
M5,04/07/23,10:01:52,     3,  2992,   438,  998.3, 300,20.1,23.0, 0.0,  0, 0.0000,     0,18.8,20.8,41.1, 25,    10,    14, 0.9091, 1.2055
M5,04/07/23,10:01:53,     3,  2993,   439,  998.3, 300,20.1,23.0, 0.0,  0, 0.0000,     0,18.8,20.8,41.1, 25,    10,    15, 0.8456, 1.1833
M5,04/07/23,10:01:54,     3,  2994,   439,  998.3, 300,20.1,22.9, 0.0,  0, 0.0000,     0,18.8,20.8,41.1, 25,    11,    16, 0.7777, 1.1801
M5,04/07/23,10:01:55,     3,  2995,   439,  998.3, 300,20.1,22.9, 0.0,  0, 0.0000,     0,18.8,20.8,41.1, 25,    11,    17, 0.7380, 1.1125
M5,04/07/23,10:01:56,     3,  2996,   440,  998.3, 300,20.1,22.9, 0.0,  0, 0.0000,     0,18.8,20.8,41.1, 25,    12,    18, 0.7124, 1.0392
M5,04/07/23,10:01:57,     3,  2997,   440,  998.3, 300,20.1,23.0, 0.0,  0, 0.0000,     0,18.8,20.8,41.1, 25,    12,    19, 0.6964, 0.9763
M5,04/07/23,10:01:58,     3,  2998,   441,  998.3, 300,20.1,23.0, 0.0,  0, 0.0000,     0,18.8,20.8,41.1, 25,    13,    20, 0.6839, 0.9230
M5,04/07/23,10:01:59,     3,  2999,   441,  998.3, 300,20.1,22.9, 0.0,  0, 0.0000,     0,18.8,20.9,41.1, 25,    13,    21, 0.6742, 0.8789
M5,04/07/23,10:02:00,     3,  3000,   442,  998.3, 300,20.1,22.9, 0.0,  0, 0.0000,     0,18.8,20.9,41.1, 25,    14,    22, 0.6675, 0.8431
M5,04/07/23,10:02:01,     3,  3001,   443,  998.3, 300,20.1,22.9, 0.0,  0, 0.0000,     0,18.8,20.9,41.1, 25,    14,    23, 0.6684, 0.7956
M5,04/07/23,10:02:02,     3,  3002,   443,  998.3, 300,20.1,22.9, 0.0,  0, 0.0000,     0,18.8,20.9,41.1, 25,    15,    24, 0.6738, 0.7484
M5,04/07/23,10:02:03,     3,  3003,   444,  998.3, 300,20.1,22.9, 0.0,  0, 0.0000,     0,18.8,20.9,41.1, 25,    16,    25, 0.6765, 0.7230
M5,04/07/23,10:02:04,     3,  3004,   444,  998.3, 300,20.1,22.9, 0.0,  0, 0.0000,     0,18.8,20.9,41.1, 25,    16,    26, 0.6773, 0.7105
M5,04/07/23,10:02:05,     3,  3005,   445,  998.3, 300,20.1,22.9, 0.0,  0, 0.0000,     0,18.8,20.9,41.1, 25,    17,    27, 0.6771, 0.7043
M5,04/07/23,10:02:06,     3,  3006,   445,  998.3, 300,20.1,22.9, 0.0,  0, 0.0000,     0,18.8,20.9,41.1, 25,    17,    28, 0.6766, 0.7020
M5,04/07/23,10:02:07,     3,  3007,   446,  998.3, 300,20.1,22.9, 0.0,  0, 0.0000,     0,18.8,20.9,41.1, 25,    18,    29, 0.6784, 0.6911
M5,04/07/23,10:02:08,     3,  3008,   447,  998.3, 300,20.1,22.9, 0.0,  0, 0.0000,     0,18.8,20.9,41.1, 25,    18,    30, 0.6820, 0.6768
M5,04/07/23,10:02:09,     3,  3009,   447,  998.3, 300,20.1,22.9, 0.0,  0, 0.0000,     0,18.8,20.9,41.1, 25,    19,    31, 0.6842, 0.6704
M5,04/07/23,10:02:10,     3,  3010,   447,  998.3, 300,20.1,22.9, 0.0,  0, 0.0000,     0,18.8,20.9,41.1, 25,    19,    32, 0.6831, 0.6761
M5,04/07/23,10:02:11,     3,  3011,   448,  998.3, 300,20.1,22.9, 0.0,  0, 0.0000,     0,18.8,20.9,41.1, 25,    20,    33, 0.6799, 0.6890
M5,04/07/23,10:02:12,     3,  3012,   448,  998.3, 300,20.1,22.9, 0.0,  0, 0.0000,     0,18.8,20.9,41.1, 25,    20,    34, 0.6749, 0.7048
M5,04/07/23,10:02:13,     3,  3013,   449,  998.3, 300,20.1,22.9, 0.0,  0, 0.0000,     0,18.8,20.9,41.1, 25,    20,    35, 0.6707, 0.7152
M5,04/07/23,10:02:14,     3,  3014,   449,  998.3, 300,20.1,22.9, 0.0,  0, 0.0000,     0,18.8,20.9,41.1, 25,    21,    36, 0.6671, 0.7216
M5,04/07/23,10:02:15,     3,  3015,   450,  998.3, 300,20.1,22.9, 0.0,  0, 0.0000,     0,18.8,20.9,41.1, 25,    21,    37, 0.6625, 0.7308
M5,04/07/23,10:02:16,     3,  3016,   450,  998.3, 300,20.1,22.9, 0.0,  0, 0.0000,     0,18.8,20.9,41.1, 25,    22,    38, 0.6571, 0.7409
M5,04/07/23,10:02:17,     3,  3017,   451,  998.3, 300,20.1,22.9, 0.0,  0, 0.0000,     0,18.8,20.9,41.1, 25,    22,    39, 0.6537, 0.7416
M5,04/07/23,10:02:18,     3,  3018,   451,  998.4, 300,20.1,22.9, 0.0,  0, 0.0000,     0,18.8,20.9,41.1, 25,    23,    40, 0.6534, 0.7317
M5,04/07/23,10:02:19,     3,  3019,   452,  998.4, 300,20.1,22.9, 0.0,  0, 0.0000,     0,18.8,20.9,41.1, 25,    24,    41, 0.6555, 0.7148
M5,04/07/23,10:02:20,     3,  3020,   453,  998.4, 300,20.1,22.9, 0.0,  0, 0.0000,     0,18.8,20.9,41.1, 25,    25,    42, 0.6600, 0.6946
M5,04/07/23,10:02:21,     3,  3021,   454,  998.3, 300,20.1,22.9, 0.0,  0, 0.0000,     0,18.8,20.9,41.1, 25,    25,    43, 0.6631, 0.6791
M5,04/07/23,10:02:22,     3,  3022,   454,  998.3, 300,20.1,22.9, 0.0,  0, 0.0000,     0,18.8,20.9,41.1, 25,    26,    44, 0.6667, 0.6644
M5,04/07/23,10:02:23,     3,  3023,   455,  998.3, 300,20.1,22.9, 0.0,  0, 0.0000,     0,18.8,20.9,41.1, 25,    26,    45, 0.6687, 0.6573
M5,04/07/23,10:02:24,     3,  3024,   455,  998.3, 300,20.1,22.9, 0.0,  0, 0.0000,     0,18.8,20.9,41.1, 25,    27,    46, 0.6702, 0.6529
M5,04/07/23,10:02:25,     3,  3025,   456,  998.3, 300,20.1,22.9, 0.0,  0, 0.0000,     0,18.6,21.0,41.1, 25,    27,    47, 0.6714, 0.6503
M5,04/07/23,10:02:26,     3,  3026,   456,  998.4, 300,20.1,22.9, 0.0,  0, 0.0000,     0,18.6,21.0,41.1, 25,    28,    48, 0.6723, 0.6491
M5,04/07/23,10:02:27,     3,  3027,   457,  998.4, 300,20.1,22.9, 0.0,  0, 0.0000,     0,18.6,21.0,41.1, 25,    28,    49, 0.6734, 0.6460
M5,04/07/23,10:02:28,     3,  3028,   457,  998.4, 300,20.1,22.9, 0.0,  0, 0.0000,     0,18.6,21.0,41.1, 25,    29,    50, 0.6752, 0.6418
M5,04/07/23,10:02:29,     3,  3029,   458,  998.4, 300,20.1,22.9, 0.0,  0, 0.0000,     0,18.6,21.0,41.1, 25,    30,    51, 0.6776, 0.6371
M5,04/07/23,10:02:30,     3,  3030,   459,  998.4, 300,20.1,22.9, 0.0,  0, 0.0000,     0,18.6,21.0,41.1, 25,    31,    52, 0.6807, 0.6292
M5,04/07/23,10:02:31,     3,  3031,   460,  998.4, 300,20.1,22.9, 0.0,  0, 0.0000,     0,18.6,21.0,41.1, 25,    31,    53, 0.6839, 0.6216
M5,04/07/23,10:02:32,     3,  3032,   460,  998.3, 300,20.1,22.9, 0.0,  0, 0.0000,     0,18.6,21.0,41.1, 25,    32,    54, 0.6879, 0.6121
M5,04/07/23,10:02:33,     3,  3033,   461,  998.3, 300,20.1,22.9, 0.0,  0, 0.0000,     0,18.6,21.0,41.1, 25,    33,    55, 0.6913, 0.6060
M5,04/07/23,10:02:34,     3,  3034,   461,  998.3, 300,20.1,22.9, 0.0,  0, 0.0000,     0,18.6,21.0,41.1, 25,    33,    56, 0.6943, 0.6025
M5,04/07/23,10:02:35,     3,  3035,   462,  998.3, 300,20.1,22.9, 0.0,  0, 0.0000,     0,18.6,21.0,41.1, 25,    34,    57, 0.6966, 0.6011
M5,04/07/23,10:02:36,     3,  3036,   462,  998.3, 300,20.1,22.9, 0.0,  0, 0.0000,     0,18.6,21.0,41.1, 25,    34,    58, 0.6981, 0.6032
M5,04/07/23,10:02:37,     3,  3037,   463,  998.3, 300,20.1,22.9, 0.0,  0, 0.0000,     0,18.6,21.0,41.1, 25,    35,    59, 0.6992, 0.6061
M5,04/07/23,10:02:38,     3,  3038,   463,  998.3, 300,20.1,22.9, 0.0,  0, 0.0000,     0,18.6,21.0,41.1, 25,    35,    60, 0.7003, 0.6099
R5,04/07/23,10:02:38,     3,  3038,   463,  998.3, 300,20.1,22.9, 0.0,  0, 0.0000,     0,18.6,21.0,41.1, 25,    35,    60, 0.7003, 0.6099
End
Start
M5,04/07/23,10:03:23,     3,  3083,   423,  998.4, 300,20.0,22.9, 0.0,  0, 0.0000,     0,18.6,20.7,41.1, 20,     1,     1, 0.0000, 0.0000
M5,04/07/23,10:03:24,     3,  3084,   424,  998.3, 300,20.0,22.9, 0.0,  0, 0.0000,     0,18.6,20.8,41.1, 20,     2,     2, 0.0000, 0.0000
M5,04/07/23,10:03:25,     3,  3085,   425,  998.3, 300,20.0,22.9, 0.0,  0, 0.0000,     0,18.6,20.8,41.1, 20,     3,     3, 0.0000, 0.0000
M5,04/07/23,10:03:26,     3,  3086,   426,  998.4, 300,20.0,22.9, 0.0,  0, 0.0000,     0,18.6,20.8,41.1, 20,     4,     4, 0.0000, 0.0000
M5,04/07/23,10:03:27,     3,  3087,   427,  998.4, 300,20.0,22.9, 0.0,  0, 0.0000,     0,18.6,20.8,41.1, 20,     5,     5, 0.0000, 0.0000
M5,04/07/23,10:03:28,     3,  3088,   427,  998.4, 300,20.0,22.9, 0.0,  0, 0.0000,     0,18.6,20.8,41.1, 20,     5,     6, 0.0000, 0.0000
M5,04/07/23,10:03:29,     3,  3089,   428,  998.4, 300,20.0,22.9, 0.0,  0, 0.0000,     0,18.6,20.9,41.4, 20,     6,     7, 0.0000, 0.0000
M5,04/07/23,10:03:30,     3,  3090,   428,  998.4, 300,20.0,22.9, 0.0,  0, 0.0000,     0,18.6,20.9,41.4, 20,     6,     8, 0.0000, 0.0000
M5,04/07/23,10:03:31,     3,  3091,   429,  998.4, 300,20.0,22.9, 0.0,  0, 0.0000,     0,18.6,20.9,41.4, 20,     7,     9, 0.0000, 0.0000
M5,04/07/23,10:03:32,     3,  3092,   429,  998.4, 300,20.0,22.9, 0.0,  0, 0.0000,     0,18.6,20.9,41.4, 25,     7,    10, 0.0000, 0.0000
M5,04/07/23,10:03:33,     3,  3093,   430,  998.4, 300,19.9,22.9, 0.0,  0, 0.0000,     0,18.6,21.0,41.4, 25,     8,    11, 0.0000, 0.0000
M5,04/07/23,10:03:34,     3,  3094,   430,  998.3, 300,19.9,22.9, 0.0,  0, 0.0000,     0,18.4,21.0,41.4, 25,     9,    12, 0.0000, 0.0000
M5,04/07/23,10:03:35,     3,  3095,   431,  998.3, 300,19.9,22.9, 0.0,  0, 0.0000,     0,18.4,21.0,41.4, 25,     9,    13, 0.9031, 0.7541
M5,04/07/23,10:03:36,     3,  3096,   432,  998.4, 300,19.9,22.9, 0.0,  0, 0.0000,     0,18.4,21.0,41.4, 25,    10,    14, 0.9406, 0.7776
M5,04/07/23,10:03:37,     3,  3097,   433,  998.4, 300,19.9,22.9, 0.0,  0, 0.0000,     0,18.4,21.0,41.4, 25,    11,    15, 0.9369, 0.8753
M5,04/07/23,10:03:38,     3,  3098,   433,  998.4, 300,19.9,22.9, 0.0,  0, 0.0000,     0,18.4,21.1,41.4, 25,    11,    16, 0.9013, 0.9858
M5,04/07/23,10:03:39,     3,  3099,   434,  998.4, 300,19.9,22.9, 0.0,  0, 0.0000,     0,18.4,21.1,41.4, 25,    12,    17, 0.8466, 1.0893
M5,04/07/23,10:03:40,     3,  3100,   434,  998.4, 300,19.9,22.9, 0.0,  0, 0.0000,     0,18.6,21.1,41.4, 25,    12,    18, 0.7958, 1.1369
M5,04/07/23,10:03:41,     3,  3101,   434,  998.4, 300,19.9,22.9, 0.0,  0, 0.0000,     0,18.6,21.1,41.4, 25,    12,    19, 0.7488, 1.1498
M5,04/07/23,10:03:42,     3,  3102,   435,  998.4, 300,19.9,22.9, 0.0,  0, 0.0000,     0,18.6,21.1,41.4, 25,    13,    20, 0.7172, 1.1139
M5,04/07/23,10:03:43,     3,  3103,   435,  998.4, 300,19.9,22.9, 0.0,  0, 0.0000,     0,18.6,21.1,41.4, 25,    13,    21, 0.6950, 1.0612
M5,04/07/23,10:03:44,     3,  3104,   436,  998.4, 300,19.9,22.9, 0.0,  0, 0.0000,     0,18.6,21.1,41.4, 25,    14,    22, 0.6871, 0.9856
M5,04/07/23,10:03:45,     3,  3105,   437,  998.4, 300,19.9,22.9, 0.0,  0, 0.0000,     0,18.4,21.2,41.4, 25,    15,    23, 0.6871, 0.9123
M5,04/07/23,10:03:46,     3,  3106,   437,  998.3, 300,19.9,22.9, 0.0,  0, 0.0000,     0,18.4,21.1,41.4, 25,    15,    24, 0.6856, 0.8633
M5,04/07/23,10:03:47,     3,  3107,   438,  998.3, 300,19.9,22.9, 0.0,  0, 0.0000,     0,18.4,21.2,41.4, 25,    16,    25, 0.6875, 0.8152
M5,04/07/23,10:03:48,     3,  3108,   438,  998.3, 301,19.9,22.9, 0.0,  0, 0.0000,     0,18.4,21.2,41.4, 25,    17,    26, 0.6922, 0.7731
M5,04/07/23,10:03:49,     3,  3109,   439,  998.3, 300,19.9,22.9, 0.0,  0, 0.0000,     0,18.4,21.2,41.4, 25,    17,    27, 0.6951, 0.7504
M5,04/07/23,10:03:50,     3,  3110,   440,  998.3, 300,19.9,22.9, 0.0,  0, 0.0000,     0,18.4,21.2,41.4, 25,    18,    28, 0.6990, 0.7272
M5,04/07/23,10:03:51,     3,  3111,   440,  998.3, 300,19.9,22.9, 0.0,  0, 0.0000,     0,18.4,21.2,41.4, 25,    18,    29, 0.7039, 0.7059
M5,04/07/23,10:03:52,     3,  3112,   441,  998.3, 300,20.0,22.9, 0.0,  0, 0.0000,     0,18.4,21.2,41.4, 25,    19,    30, 0.7099, 0.6881
M5,04/07/23,10:03:53,     3,  3113,   441,  998.4, 300,20.0,22.9, 0.0,  0, 0.0000,     0,18.4,21.2,41.4, 25,    19,    31, 0.7104, 0.6902
M5,04/07/23,10:03:54,     3,  3114,   442,  998.4, 300,20.0,22.9, 0.0,  0, 0.0000,     0,18.4,21.2,41.4, 25,    20,    32, 0.7119, 0.6870
M5,04/07/23,10:03:55,     3,  3115,   442,  998.4, 300,20.0,22.9, 0.0,  0, 0.0000,     0,18.4,21.2,41.4, 25,    21,    33, 0.7125, 0.6888
M5,04/07/23,10:03:56,     3,  3116,   443,  998.4, 300,20.0,22.9, 0.0,  0, 0.0000,     0,18.4,21.2,41.4, 25,    21,    34, 0.7124, 0.6933
M5,04/07/23,10:03:57,     3,  3117,   443,  998.4, 300,20.0,22.9, 0.0,  0, 0.0000,     0,18.4,21.3,41.4, 25,    22,    35, 0.7115, 0.6991
M5,04/07/23,10:03:58,     3,  3118,   444,  998.3, 300,20.0,22.9, 0.0,  0, 0.0000,     0,18.4,21.3,41.4, 25,    22,    36, 0.7120, 0.6992
M5,04/07/23,10:03:59,     3,  3119,   445,  998.3, 300,20.0,22.9, 0.0,  0, 0.0000,     0,18.4,21.3,41.4, 25,    23,    37, 0.7150, 0.6908
M5,04/07/23,10:04:00,     3,  3120,   445,  998.4, 300,20.0,22.9, 0.0,  0, 0.0000,     0,18.4,21.3,41.4, 25,    24,    38, 0.7167, 0.6883
M5,04/07/23,10:04:01,     3,  3121,   446,  998.4, 300,20.0,22.9, 0.0,  0, 0.0000,     0,18.4,21.3,41.4, 25,    24,    39, 0.7178, 0.6893
M5,04/07/23,10:04:02,     3,  3122,   446,  998.4, 300,20.0,22.9, 0.0,  0, 0.0000,     0,18.4,21.3,41.4, 25,    24,    40, 0.7167, 0.6968
M5,04/07/23,10:04:03,     3,  3123,   447,  998.4, 300,20.0,22.9, 0.0,  0, 0.0000,     0,18.4,21.3,41.4, 25,    25,    41, 0.7142, 0.7084
M5,04/07/23,10:04:04,     3,  3124,   447,  998.4, 300,20.0,22.9, 0.0,  0, 0.0000,     0,18.4,21.3,41.4, 25,    25,    42, 0.7105, 0.7223
M5,04/07/23,10:04:05,     3,  3125,   448,  998.4, 300,20.0,22.9, 0.0,  0, 0.0000,     0,18.4,21.2,41.4, 25,    26,    43, 0.7071, 0.7334
M5,04/07/23,10:04:07,     3,  3126,   448,  998.4, 300,20.0,22.9, 0.0,  0, 0.0000,     0,18.4,21.2,41.1, 25,    26,    44, 0.7042, 0.7425
M5,04/07/23,10:04:08,     3,  3127,   449,  998.4, 300,20.0,22.9, 0.0,  0, 0.0000,     0,18.4,21.3,41.1, 25,    27,    45, 0.7020, 0.7461
M5,04/07/23,10:04:09,     3,  3128,   449,  998.4, 300,20.0,22.9, 0.0,  0, 0.0000,     0,18.4,21.3,41.1, 25,    27,    46, 0.6999, 0.7490
M5,04/07/23,10:04:10,     3,  3129,   450,  998.4, 300,20.0,22.9, 0.0,  0, 0.0000,     0,18.4,21.3,41.1, 25,    28,    47, 0.6979, 0.7514
M5,04/07/23,10:04:11,     3,  3130,   450,  998.4, 300,20.0,22.9, 0.0,  0, 0.0000,     0,18.4,21.3,41.1, 25,    28,    48, 0.6969, 0.7504
M5,04/07/23,10:04:12,     3,  3131,   451,  998.4, 300,20.0,22.9, 0.0,  0, 0.0000,     0,18.4,21.3,41.1, 25,    29,    49, 0.6957, 0.7494
M5,04/07/23,10:04:13,     3,  3132,   451,  998.4, 300,20.0,22.9, 0.0,  0, 0.0000,     0,18.4,21.3,41.4, 25,    29,    50, 0.6946, 0.7488
M5,04/07/23,10:04:14,     3,  3133,   452,  998.3, 300,20.0,22.9, 0.0,  0, 0.0000,     0,18.4,21.3,41.4, 25,    30,    51, 0.6941, 0.7454
M5,04/07/23,10:04:15,     3,  3134,   453,  998.3, 300,20.0,22.9, 0.0,  0, 0.0000,     0,18.4,21.3,41.4, 25,    31,    52, 0.6935, 0.7429
M5,04/07/23,10:04:16,     3,  3135,   453,  998.3, 300,20.0,22.9, 0.0,  0, 0.0000,     0,18.4,21.3,41.4, 25,    31,    53, 0.6928, 0.7409
M5,04/07/23,10:04:17,     3,  3136,   454,  998.3, 300,20.0,22.9, 0.0,  0, 0.0000,     0,18.4,21.3,41.4, 25,    32,    54, 0.6921, 0.7395
M5,04/07/23,10:04:18,     3,  3137,   454,  998.4, 300,20.0,22.9, 0.0,  0, 0.0000,     0,18.4,21.3,41.4, 25,    32,    55, 0.6915, 0.7388
M5,04/07/23,10:04:19,     3,  3138,   455,  998.4, 300,20.0,22.9, 0.0,  0, 0.0000,     0,18.4,21.3,41.4, 25,    33,    56, 0.6912, 0.7360
M5,04/07/23,10:04:20,     3,  3139,   455,  998.4, 300,20.0,22.9, 0.0,  0, 0.0000,     0,18.4,21.3,41.4, 25,    33,    57, 0.6910, 0.7339
M5,04/07/23,10:04:21,     3,  3140,   456,  998.3, 300,20.0,22.9, 0.0,  0, 0.0000,     0,18.4,21.2,41.4, 25,    34,    58, 0.6905, 0.7323
M5,04/07/23,10:04:22,     3,  3141,   456,  998.3, 300,20.0,22.9, 0.0,  0, 0.0000,     0,18.4,21.3,41.4, 25,    35,    59, 0.6904, 0.7292
M5,04/07/23,10:04:23,     3,  3142,   457,  998.3, 300,20.0,22.9, 0.0,  0, 0.0000,     0,18.4,21.3,41.1, 25,    35,    60, 0.6905, 0.7248
R5,04/07/23,10:04:23,     3,  3142,   457,  998.3, 300,20.0,22.9, 0.0,  0, 0.0000,     0,18.4,21.3,41.1, 25,    35,    60, 0.6905, 0.7248
End
Zero
