Tag(M3),Date,Time,Plot_No,Rec_No,CO2,Pressure,Flow,H2O,Tsen,O2,Error,Aux_V,PAR,Tsoil,Tair,Msoil
Zero
Start
M5,26/07/23,11:12:41,     1,   160,   407,  996.2, 300,23.9,25.9, 0.0,  0, 0.0000,     0,21.7,26.4,37.4, 20,     2,     1, 0.0000, 0.0000
M5,26/07/23,11:12:42,     1,   161,   408,  996.2, 300,23.9,25.9, 0.0,  0, 0.0000,     0,21.7,26.4,37.4, 20,     4,     2, 0.0000, 0.0000
M5,26/07/23,11:12:43,     1,   162,   410,  996.2, 300,23.9,25.9, 0.0,  0, 0.0000,     0,21.7,26.4,37.4, 20,     5,     3, 0.0000, 0.0000
M5,26/07/23,11:12:44,     1,   163,   411,  996.2, 300,23.9,25.9, 0.0,  0, 0.0000,     0,21.7,26.4,37.4, 20,     6,     4, 0.0000, 0.0000
M5,26/07/23,11:12:45,     1,   164,   412,  996.2, 300,23.9,25.9, 0.0,  0, 0.0000,     0,21.7,26.4,37.4, 20,     7,     5, 0.0000, 0.0000
M5,26/07/23,11:12:46,     1,   165,   412,  996.2, 300,23.9,25.9, 0.0,  0, 0.0000,     0,21.7,26.4,37.4, 20,     8,     6, 0.0000, 0.0000
M5,26/07/23,11:12:47,     1,   166,   413,  996.2, 300,23.9,25.9, 0.0,  0, 0.0000,     0,21.7,26.5,37.4, 20,     8,     7, 0.0000, 0.0000
M5,26/07/23,11:12:48,     1,   167,   414,  996.2, 300,23.9,25.9, 0.0,  0, 0.0000,     0,21.7,26.5,37.4, 20,     9,     8, 0.0000, 0.0000
M5,26/07/23,11:12:49,     1,   168,   414,  996.2, 300,24.0,25.9, 0.0,  0, 0.0000,     0,21.7,26.5,37.4, 20,    10,     9, 0.0000, 0.0000
M5,26/07/23,11:12:50,     1,   169,   415,  996.2, 300,24.0,25.9, 0.0,  0, 0.0000,     0,21.7,26.5,37.4, 25,    10,    10, 0.0000, 0.0000
M5,26/07/23,11:12:51,     1,   170,   415,  996.2, 300,24.1,25.9, 0.0,  0, 0.0000,     0,21.7,26.5,37.4, 25,    11,    11, 0.0000, 0.0000
M5,26/07/23,11:12:52,     1,   171,   416,  996.2, 300,24.1,25.9, 0.0,  0, 0.0000,     0,21.7,26.5,37.4, 25,    11,    12, 0.0000, 0.0000
M5,26/07/23,11:12:53,     1,   172,   416,  996.2, 300,24.2,25.9, 0.0,  0, 0.0000,     0,21.7,26.5,37.4, 25,    12,    13, 0.6959, 0.6955
M5,26/07/23,11:12:54,     1,   173,   417,  996.2, 300,24.2,25.9, 0.0,  0, 0.0000,     0,21.7,26.6,37.4, 25,    12,    14, 0.7070, 0.6511
M5,26/07/23,11:12:55,     1,   174,   418,  996.2, 300,24.2,25.9, 0.0,  0, 0.0000,     0,21.7,26.6,37.4, 25,    13,    15, 0.7217, 0.6336
M5,26/07/23,11:12:56,     1,   175,   418,  996.2, 300,24.3,25.9, 0.0,  0, 0.0000,     0,21.7,26.6,37.4, 25,    13,    16, 0.7002, 0.7450
M5,26/07/23,11:12:57,     1,   176,   418,  996.2, 300,24.3,25.9, 0.0,  0, 0.0000,     0,21.7,26.6,37.4, 25,    14,    17, 0.6776, 0.7695
M5,26/07/23,11:12:58,     1,   177,   419,  996.2, 300,24.5,25.9, 0.0,  0, 0.0000,     0,21.7,26.6,37.4, 25,    14,    18, 0.6681, 0.7741
M5,26/07/23,11:12:59,     1,   178,   419,  996.2, 300,24.5,25.9, 0.0,  0, 0.0000,     0,21.7,26.6,37.4, 25,    15,    19, 0.6552, 0.7621
M5,26/07/23,11:13:00,     1,   179,   420,  996.2, 300,24.6,25.9, 0.0,  0, 0.0000,     0,21.7,26.6,37.4, 25,    16,    20, 0.6607, 0.7282
M5,26/07/23,11:13:01,     1,   180,   421,  996.2, 300,24.6,25.9, 0.0,  0, 0.0000,     0,21.7,26.6,37.4, 25,    16,    21, 0.6572, 0.7088
M5,26/07/23,11:13:02,     1,   181,   421,  996.2, 300,24.6,25.9, 0.0,  0, 0.0000,     0,21.7,26.6,37.4, 25,    17,    22, 0.6595, 0.6796
M5,26/07/23,11:13:03,     1,   182,   422,  996.2, 300,24.7,25.9, 0.0,  0, 0.0000,     0,21.7,26.6,37.4, 25,    17,    23, 0.6626, 0.6722
M5,26/07/23,11:13:04,     1,   183,   422,  996.2, 300,24.7,25.9, 0.0,  0, 0.0000,     0,21.7,26.7,37.4, 25,    17,    24, 0.6556, 0.6846
M5,26/07/23,11:13:05,     1,   184,   423,  996.2, 300,24.8,25.9, 0.0,  0, 0.0000,     0,21.7,26.7,37.4, 25,    18,    25, 0.6529, 0.6944
M5,26/07/23,11:13:06,     1,   185,   423,  996.2, 300,24.8,25.9, 0.0,  0, 0.0000,     0,21.7,26.7,37.4, 25,    19,    26, 0.6513, 0.6842
M5,26/07/23,11:13:07,     1,   186,   424,  996.2, 300,24.9,26.0, 0.0,  0, 0.0000,     0,21.7,26.7,37.4, 25,    19,    27, 0.6562, 0.6711
M5,26/07/23,11:13:08,     1,   187,   424,  996.2, 300,24.9,26.0, 0.0,  0, 0.0000,     0,21.7,26.7,37.4, 25,    20,    28, 0.6560, 0.6626
M5,26/07/23,11:13:09,     1,   188,   425,  996.2, 300,25.0,26.0, 0.0,  0, 0.0000,     0,21.7,26.7,37.4, 25,    20,    29, 0.6601, 0.6520
M5,26/07/23,11:13:10,     1,   189,   426,  996.2, 300,25.0,26.0, 0.0,  0, 0.0000,     0,21.7,26.7,37.4, 25,    21,    30, 0.6605, 0.6464
M5,26/07/23,11:13:11,     1,   190,   426,  996.2, 300,25.0,26.0, 0.0,  0, 0.0000,     0,21.7,26.7,37.4, 25,    21,    31, 0.6601, 0.6453
M5,26/07/23,11:13:12,     1,   191,   427,  996.2, 300,25.0,26.0, 0.0,  0, 0.0000,     0,21.7,26.7,37.4, 25,    22,    32, 0.6652, 0.6340
M5,26/07/23,11:13:13,     1,   192,   427,  996.2, 300,25.0,26.0, 0.0,  0, 0.0000,     0,21.7,26.7,37.4, 25,    23,    33, 0.6670, 0.6283
M5,26/07/23,11:13:14,     1,   193,   428,  996.2, 300,25.1,26.0, 0.0,  0, 0.0000,     0,21.7,26.7,37.4, 25,    23,    34, 0.6679, 0.6357
M5,26/07/23,11:13:15,     1,   194,   428,  996.2, 300,25.1,26.0, 0.0,  0, 0.0000,     0,21.7,26.8,37.4, 25,    24,    35, 0.6664, 0.6415
M5,26/07/23,11:13:16,     1,   195,   429,  996.2, 300,25.2,26.0, 0.0,  0, 0.0000,     0,21.7,26.8,37.4, 25,    24,    36, 0.6684, 0.6440
M5,26/07/23,11:13:17,     1,   196,   429,  996.2, 300,25.2,26.0, 0.0,  0, 0.0000,     0,21.7,26.8,37.4, 25,    25,    37, 0.6677, 0.6459
M5,26/07/23,11:13:18,     1,   197,   430,  996.2, 300,25.2,26.0, 0.0,  0, 0.0000,     0,21.7,26.8,37.4, 25,    25,    38, 0.6666, 0.6488
M5,26/07/23,11:13:19,     1,   198,   430,  996.2, 300,25.3,26.0, 0.0,  0, 0.0000,     0,21.7,26.8,37.4, 25,    26,    39, 0.6650, 0.6577
M5,26/07/23,11:13:20,     1,   199,   430,  996.2, 300,25.3,26.0, 0.0,  0, 0.0000,     0,21.7,26.8,37.4, 25,    26,    40, 0.6612, 0.6684
M5,26/07/23,11:13:21,     1,   200,   431,  996.2, 300,25.4,26.0, 0.0,  0, 0.0000,     0,21.7,26.8,37.4, 25,    26,    41, 0.6580, 0.6828
M5,26/07/23,11:13:22,     1,   201,   431,  996.2, 300,25.4,26.0, 0.0,  0, 0.0000,     0,21.7,26.8,37.4, 25,    27,    42, 0.6537, 0.6921
M5,26/07/23,11:13:23,     1,   202,   432,  996.2, 300,25.4,26.0, 0.0,  0, 0.0000,     0,21.7,26.8,37.4, 25,    27,    43, 0.6498, 0.7031
M5,26/07/23,11:13:24,     1,   203,   432,  996.2, 300,25.4,26.0, 0.0,  0, 0.0000,     0,21.7,26.8,37.4, 25,    27,    44, 0.6445, 0.7133
M5,26/07/23,11:13:25,     1,   204,   432,  996.2, 300,25.4,26.0, 0.0,  0, 0.0000,     0,21.7,26.8,37.4, 25,    28,    45, 0.6390, 0.7231
M5,26/07/23,11:13:26,     1,   205,   433,  996.2, 300,25.5,26.0, 0.0,  0, 0.0000,     0,21.7,26.8,37.4, 25,    28,    46, 0.6350, 0.7302
M5,26/07/23,11:13:27,     1,   206,   433,  996.2, 300,25.5,26.0, 0.0,  0, 0.0000,     0,21.7,26.8,37.4, 25,    29,    47, 0.6315, 0.7306
M5,26/07/23,11:13:28,     1,   207,   434,  996.2, 300,25.6,26.0, 0.0,  0, 0.0000,     0,21.7,26.8,37.4, 25,    29,    48, 0.6301, 0.7278
M5,26/07/23,11:13:29,     1,   208,   434,  996.2, 300,25.6,26.0, 0.0,  0, 0.0000,     0,21.7,26.8,37.4, 25,    30,    49, 0.6272, 0.7264
M5,26/07/23,11:13:30,     1,   209,   435,  996.2, 300,25.6,26.0, 0.0,  0, 0.0000,     0,21.7,26.8,37.4, 25,    30,    50, 0.6247, 0.7274
M5,26/07/23,11:13:31,     1,   210,   435,  996.2, 300,25.6,26.0, 0.0,  0, 0.0000,     0,21.7,26.8,37.4, 25,    30,    51, 0.6212, 0.7287
M5,26/07/23,11:13:32,     1,   211,   435,  996.2, 300,25.7,26.0, 0.0,  0, 0.0000,     0,21.7,26.8,37.4, 25,    31,    52, 0.6174, 0.7337
M5,26/07/23,11:13:33,     1,   212,   436,  996.2, 300,25.7,26.0, 0.0,  0, 0.0000,     0,21.7,26.8,37.4, 25,    31,    53, 0.6135, 0.7357
M5,26/07/23,11:13:34,     1,   213,   436,  996.2, 300,25.7,26.0, 0.0,  0, 0.0000,     0,21.7,26.8,37.4, 25,    31,    54, 0.6095, 0.7379
M5,26/07/23,11:13:35,     1,   214,   437,  996.2, 300,25.7,26.0, 0.0,  0, 0.0000,     0,21.7,26.8,37.4, 25,    32,    55, 0.6066, 0.7388
M5,26/07/23,11:13:36,     1,   215,   437,  996.2, 300,25.7,26.0, 0.0,  0, 0.0000,     0,21.7,26.8,37.4, 25,    32,    56, 0.6035, 0.7376
M5,26/07/23,11:13:37,     1,   216,   438,  996.2, 300,25.8,26.0, 0.0,  0, 0.0000,     0,21.7,26.8,37.4, 25,    33,    57, 0.6020, 0.7340
M5,26/07/23,11:13:38,     1,   217,   438,  996.2, 300,25.8,26.0, 0.0,  0, 0.0000,     0,21.7,26.8,37.4, 25,    34,    58, 0.6000, 0.7291
M5,26/07/23,11:13:39,     1,   218,   439,  996.2, 300,25.8,26.0, 0.0,  0, 0.0000,     0,21.7,26.8,37.4, 25,    34,    59, 0.5985, 0.7243
M5,26/07/23,11:13:40,     1,   219,   439,  996.2, 300,25.8,26.0, 0.0,  0, 0.0000,     0,21.7,26.8,37.4, 25,    34,    60, 0.5965, 0.7205
R5,26/07/23,11:13:40,     1,   219,   439,  996.2, 300,25.8,26.0, 0.0,  0, 0.0000,     0,21.7,26.8,37.4, 25,    34,    60, 0.5965, 0.7205
End
Start
M5,26/07/23,11:14:40,     1,   279,   398,  996.2, 300,23.7,26.2, 0.0,  0, 0.0000,     0,21.7,26.4,37.4, 20,     1,     1, 0.0000, 0.0000
M5,26/07/23,11:14:41,     1,   280,   399,  996.2, 300,23.7,26.2, 0.0,  0, 0.0000,     0,21.7,26.4,37.4, 20,     3,     2, 0.0000, 0.0000
M5,26/07/23,11:14:42,     1,   281,   400,  996.2, 300,23.7,26.2, 0.0,  0, 0.0000,     0,21.7,26.4,37.4, 20,     4,     3, 0.0000, 0.0000
M5,26/07/23,11:14:43,     1,   282,   401,  996.2, 300,23.7,26.2, 0.0,  0, 0.0000,     0,21.7,26.5,37.4, 20,     4,     4, 0.0000, 0.0000
M5,26/07/23,11:14:44,     1,   283,   401,  996.2, 300,23.7,26.2, 0.0,  0, 0.0000,     0,21.7,26.5,37.4, 20,     5,     5, 0.0000, 0.0000
M5,26/07/23,11:14:46,     1,   284,   401,  996.2, 300,23.7,26.2, 0.0,  0, 0.0000,     0,21.7,26.5,37.4, 20,     5,     6, 0.0000, 0.0000
M5,26/07/23,11:14:47,     1,   285,   402,  996.2, 300,23.8,26.2, 0.0,  0, 0.0000,     0,21.7,26.5,37.4, 20,     5,     7, 0.0000, 0.0000
M5,26/07/23,11:14:48,     1,   286,   402,  996.2, 300,23.8,26.2, 0.0,  0, 0.0000,     0,21.7,26.5,37.4, 20,     6,     8, 0.0000, 0.0000
M5,26/07/23,11:14:49,     1,   287,   403,  996.2, 300,23.9,26.2, 0.0,  0, 0.0000,     0,21.7,26.6,37.4, 20,     6,     9, 0.0000, 0.0000
M5,26/07/23,11:14:50,     1,   288,   403,  996.2, 300,23.9,26.2, 0.0,  0, 0.0000,     0,21.7,26.6,37.4, 25,     6,    10, 0.0000, 0.0000
M5,26/07/23,11:14:51,     1,   289,   403,  996.2, 300,23.9,26.2, 0.0,  0, 0.0000,     0,21.7,26.6,37.4, 25,     7,    11, 0.0000, 0.0000
M5,26/07/23,11:14:52,     1,   290,   404,  996.2, 300,24.0,26.2, 0.0,  0, 0.0000,     0,21.7,26.6,37.4, 25,     7,    12, 0.0000, 0.0000
M5,26/07/23,11:14:53,     1,   291,   405,  996.2, 300,24.0,26.2, 0.0,  0, 0.0000,     0,21.7,26.6,37.4, 25,     8,    13, 0.7284, 0.5827
M5,26/07/23,11:14:54,     1,   292,   405,  996.2, 300,24.0,26.2, 0.0,  0, 0.0000,     0,21.7,26.6,37.4, 25,     8,    14, 0.6781, 0.7878
M5,26/07/23,11:14:55,     1,   293,   405,  996.2, 300,24.0,26.2, 0.0,  0, 0.0000,     0,21.7,26.7,37.4, 25,     9,    15, 0.6187, 0.8416
M5,26/07/23,11:14:56,     1,   294,   405,  996.2, 300,24.1,26.2, 0.0,  0, 0.0000,     0,21.7,26.7,37.4, 25,     9,    16, 0.5815, 0.8423
M5,26/07/23,11:14:57,     1,   295,   406,  996.2, 300,24.1,26.2, 0.0,  0, 0.0000,     0,21.7,26.7,37.4, 25,    10,    17, 0.5622, 0.7699
M5,26/07/23,11:14:58,     1,   296,   406,  996.2, 300,24.1,26.2, 0.0,  0, 0.0000,     0,21.7,26.7,37.4, 25,    10,    18, 0.5547, 0.7022
M5,26/07/23,11:14:59,     1,   297,   407,  996.2, 300,24.3,26.2, 0.0,  0, 0.0000,     0,21.7,26.7,37.4, 25,    11,    19, 0.5590, 0.6587
M5,26/07/23,11:15:00,     1,   298,   407,  996.2, 300,24.3,26.2, 0.0,  0, 0.0000,     0,21.7,26.7,37.4, 25,    11,    20, 0.5583, 0.6203
M5,26/07/23,11:15:01,     1,   299,   408,  996.2, 300,24.4,26.2, 0.0,  0, 0.0000,     0,21.7,26.7,37.4, 25,    11,    21, 0.5572, 0.6204
M5,26/07/23,11:15:02,     1,   300,   408,  996.2, 300,24.4,26.2, 0.0,  0, 0.0000,     0,21.7,26.8,37.4, 25,    11,    22, 0.5345, 0.6633
M5,26/07/23,11:15:03,     1,   301,   408,  996.2, 300,24.5,26.3, 0.0,  0, 0.0000,     0,21.7,26.8,37.4, 25,    12,    23, 0.5257, 0.6667
M5,26/07/23,11:15:04,     1,   302,   409,  996.2, 300,24.5,26.3, 0.0,  0, 0.0000,     0,21.7,26.8,37.4, 25,    12,    24, 0.5139, 0.6625
M5,26/07/23,11:15:05,     1,   303,   409,  996.2, 300,24.6,26.3, 0.0,  0, 0.0000,     0,21.7,26.8,37.4, 25,    13,    25, 0.5153, 0.6323
M5,26/07/23,11:15:06,     1,   304,   410,  996.2, 300,24.6,26.3, 0.0,  0, 0.0000,     0,21.7,26.8,37.4, 25,    13,    26, 0.5190, 0.5889
M5,26/07/23,11:15:07,     1,   305,   410,  996.2, 300,24.6,26.3, 0.0,  0, 0.0000,     0,21.7,26.8,37.4, 25,    14,    27, 0.5160, 0.5786
M5,26/07/23,11:15:08,     1,   306,   410,  996.2, 300,24.7,26.3, 0.0,  0, 0.0000,     0,21.7,26.8,37.4, 25,    14,    28, 0.5149, 0.5776
M5,26/07/23,11:15:09,     1,   307,   411,  996.2, 300,24.7,26.3, 0.0,  0, 0.0000,     0,21.7,26.8,37.4, 25,    14,    29, 0.5129, 0.5674
M5,26/07/23,11:15:10,     1,   308,   411,  996.2, 300,24.8,26.3, 0.0,  0, 0.0000,     0,21.7,26.8,37.4, 25,    15,    30, 0.5145, 0.5566
M5,26/07/23,11:15:11,     1,   309,   412,  996.2, 300,24.8,26.3, 0.0,  0, 0.0000,     0,21.7,26.8,37.4, 25,    15,    31, 0.5149, 0.5432
M5,26/07/23,11:15:12,     1,   310,   412,  996.2, 300,24.9,26.3, 0.0,  0, 0.0000,     0,21.7,26.8,37.4, 25,    16,    32, 0.5163, 0.5399
M5,26/07/23,11:15:13,     1,   311,   412,  996.2, 300,24.9,26.3, 0.0,  0, 0.0000,     0,21.7,26.9,37.4, 25,    16,    33, 0.5123, 0.5453
M5,26/07/23,11:15:14,     1,   312,   412,  996.2, 300,24.9,26.3, 0.0,  0, 0.0000,     0,21.7,26.9,37.4, 25,    16,    34, 0.5063, 0.5568
M5,26/07/23,11:15:15,     1,   313,   413,  996.2, 300,25.0,26.3, 0.0,  0, 0.0000,     0,21.7,26.9,37.4, 25,    16,    35, 0.5023, 0.5668
M5,26/07/23,11:15:16,     1,   314,   413,  996.2, 300,25.0,26.3, 0.0,  0, 0.0000,     0,21.7,26.9,37.4, 25,    17,    36, 0.4954, 0.5781
M5,26/07/23,11:15:17,     1,   315,   413,  996.2, 300,25.1,26.3, 0.0,  0, 0.0000,     0,21.7,26.9,37.4, 25,    17,    37, 0.4909, 0.5871
M5,26/07/23,11:15:18,     1,   316,   414,  996.2, 300,25.1,26.3, 0.0,  0, 0.0000,     0,21.7,26.9,37.4, 25,    17,    38, 0.4865, 0.5866
M5,26/07/23,11:15:19,     1,   317,   414,  996.2, 300,25.2,26.3, 0.0,  0, 0.0000,     0,21.7,26.9,37.4, 25,    18,    39, 0.4838, 0.5869
M5,26/07/23,11:15:20,     1,   318,   415,  996.2, 300,25.2,26.3, 0.0,  0, 0.0000,     0,21.7,26.9,37.4, 25,    18,    40, 0.4821, 0.5767
M5,26/07/23,11:15:21,     1,   319,   415,  996.2, 300,25.2,26.3, 0.0,  0, 0.0000,     0,21.7,26.9,37.4, 25,    19,    41, 0.4813, 0.5652
M5,26/07/23,11:15:22,     1,   320,   415,  996.2, 300,25.2,26.3, 0.0,  0, 0.0000,     0,21.7,26.9,37.4, 25,    19,    42, 0.4809, 0.5581
M5,26/07/23,11:15:23,     1,   321,   416,  996.2, 300,25.2,26.3, 0.0,  0, 0.0000,     0,21.7,26.9,37.4, 25,    19,    43, 0.4794, 0.5520
M5,26/07/23,11:15:24,     1,   322,   416,  996.2, 300,25.3,26.3, 0.0,  0, 0.0000,     0,21.7,26.9,37.4, 25,    20,    44, 0.4781, 0.5521
M5,26/07/23,11:15:25,     1,   323,   416,  996.2, 300,25.3,26.3, 0.0,  0, 0.0000,     0,21.7,26.9,37.4, 25,    20,    45, 0.4746, 0.5539
M5,26/07/23,11:15:26,     1,   324,   417,  996.2, 300,25.4,26.3, 0.0,  0, 0.0000,     0,21.7,26.9,37.4, 25,    20,    46, 0.4731, 0.5526
M5,26/07/23,11:15:27,     1,   325,   417,  996.2, 300,25.4,26.3, 0.0,  0, 0.0000,     0,21.7,26.9,37.4, 25,    21,    47, 0.4707, 0.5506
M5,26/07/23,11:15:28,     1,   326,   417,  996.2, 300,25.4,26.3, 0.0,  0, 0.0000,     0,21.7,26.9,37.4, 25,    21,    48, 0.4683, 0.5520
M5,26/07/23,11:15:29,     1,   327,   417,  996.2, 300,25.4,26.3, 0.0,  0, 0.0000,     0,21.7,26.9,37.4, 25,    21,    49, 0.4647, 0.5547
M5,26/07/23,11:15:30,     1,   328,   417,  996.2, 300,25.4,26.3, 0.0,  0, 0.0000,     0,21.7,26.9,37.4, 25,    21,    50, 0.4607, 0.5586
M5,26/07/23,11:15:31,     1,   329,   418,  996.2, 300,25.5,26.3, 0.0,  0, 0.0000,     0,21.7,27.0,37.4, 25,    21,    51, 0.4578, 0.5617
M5,26/07/23,11:15:32,     1,   330,   418,  996.2, 300,25.5,26.3, 0.0,  0, 0.0000,     0,21.7,27.0,37.4, 25,    22,    52, 0.4544, 0.5627
M5,26/07/23,11:15:33,     1,   331,   419,  996.2, 300,25.6,26.3, 0.0,  0, 0.0000,     0,21.7,27.0,37.4, 25,    22,    53, 0.4528, 0.5614
M5,26/07/23,11:15:34,     1,   332,   419,  996.2, 300,25.6,26.3, 0.0,  0, 0.0000,     0,21.7,27.0,37.4, 25,    23,    54, 0.4504, 0.5587
M5,26/07/23,11:15:35,     1,   333,   419,  996.2, 300,25.6,26.3, 0.0,  0, 0.0000,     0,21.7,27.0,37.4, 25,    23,    55, 0.4479, 0.5581
M5,26/07/23,11:15:36,     1,   334,   419,  996.2, 300,25.6,26.3, 0.0,  0, 0.0000,     0,21.7,27.0,37.4, 25,    23,    56, 0.4448, 0.5585
M5,26/07/23,11:15:37,     1,   335,   420,  996.2, 300,25.6,26.3, 0.0,  0, 0.0000,     0,21.7,27.0,37.4, 25,    23,    57, 0.4420, 0.5580
M5,26/07/23,11:15:38,     1,   336,   420,  996.2, 300,25.6,26.3, 0.0,  0, 0.0000,     0,21.7,27.0,37.4, 25,    24,    58, 0.4401, 0.5574
M5,26/07/23,11:15:39,     1,   337,   420,  996.2, 300,25.6,26.3, 0.0,  0, 0.0000,     0,21.7,27.0,37.4, 25,    24,    59, 0.4377, 0.5556
M5,26/07/23,11:15:40,     1,   338,   421,  996.2, 300,25.7,26.3, 0.0,  0, 0.0000,     0,21.7,27.0,37.4, 25,    24,    60, 0.4363, 0.5520
R5,26/07/23,11:15:40,     1,   338,   421,  996.2, 300,25.7,26.3, 0.0,  0, 0.0000,     0,21.7,27.0,37.4, 25,    24,    60, 0.4363, 0.5520
End
Start
M5,26/07/23,11:16:24,     1,   382,   400,  996.3, 300,23.4,26.4, 0.0,  0, 0.0000,     0,21.7,26.5,37.4, 20,     1,     1, 0.0000, 0.0000
M5,26/07/23,11:16:25,     1,   383,   401,  996.3, 300,23.4,26.4, 0.0,  0, 0.0000,     0,21.7,26.5,37.4, 20,     2,     2, 0.0000, 0.0000
M5,26/07/23,11:16:26,     1,   384,   401,  996.3, 300,23.4,26.4, 0.0,  0, 0.0000,     0,21.7,26.6,37.4, 20,     3,     3, 0.0000, 0.0000
M5,26/07/23,11:16:27,     1,   385,   402,  996.3, 301,23.4,26.4, 0.0,  0, 0.0000,     0,21.7,26.6,37.4, 20,     3,     4, 0.0000, 0.0000
M5,26/07/23,11:16:28,     1,   386,   403,  996.3, 300,23.4,26.4, 0.0,  0, 0.0000,     0,21.7,26.6,37.4, 20,     4,     5, 0.0000, 0.0000
M5,26/07/23,11:16:29,     1,   387,   403,  996.3, 300,23.4,26.4, 0.0,  0, 0.0000,     0,21.7,26.6,37.4, 20,     5,     6, 0.0000, 0.0000
M5,26/07/23,11:16:30,     1,   388,   404,  996.2, 300,23.4,26.4, 0.0,  0, 0.0000,     0,21.7,26.6,37.4, 20,     5,     7, 0.0000, 0.0000
M5,26/07/23,11:16:31,     1,   389,   404,  996.2, 300,23.6,26.4, 0.0,  0, 0.0000,     0,21.7,26.7,37.4, 20,     5,     8, 0.0000, 0.0000
M5,26/07/23,11:16:32,     1,   390,   404,  996.2, 300,23.6,26.4, 0.0,  0, 0.0000,     0,21.7,26.7,37.4, 20,     6,     9, 0.0000, 0.0000
M5,26/07/23,11:16:33,     1,   391,   405,  996.2, 300,23.7,26.4, 0.0,  0, 0.0000,     0,21.5,26.7,37.4, 25,     6,    10, 0.0000, 0.0000
M5,26/07/23,11:16:34,     1,   392,   405,  996.2, 300,23.7,26.4, 0.0,  0, 0.0000,     0,21.5,26.7,37.4, 25,     6,    11, 0.0000, 0.0000
M5,26/07/23,11:16:35,     1,   393,   405,  996.3, 300,23.7,26.4, 0.0,  0, 0.0000,     0,21.5,26.7,37.4, 25,     6,    12, 0.0000, 0.0000
M5,26/07/23,11:16:36,     1,   394,   406,  996.3, 300,23.7,26.4, 0.0, 21, 0.0000,     0,21.5,26.8,37.4, 25,     7,    13, 0.4544, 0.3094
M5,26/07/23,11:16:37,     1,   395,   406,  996.3, 300,23.9,26.4, 0.0,  0, 0.0000,     0,21.5,26.8,37.4, 25,     7,    14, 0.4708, 0.4123
M5,26/07/23,11:16:38,     1,   396,   406,  996.3, 300,23.9,26.4, 0.0,  0, 0.0000,     0,21.5,26.8,37.4, 25,     7,    15, 0.4297, 0.5118
M5,26/07/23,11:16:39,     1,   397,   406,  996.3, 300,23.9,26.4, 0.0,  0, 0.0000,     0,21.5,26.8,37.4, 25,     8,    16, 0.4111, 0.5035
M5,26/07/23,11:16:40,     1,   398,   407,  996.3, 300,24.0,26.4, 0.0,  0, 0.0000,     0,21.5,26.8,37.4, 25,     8,    17, 0.3930, 0.5259
M5,26/07/23,11:16:41,     1,   399,   407,  996.3, 300,24.0,26.4, 0.0,  0, 0.0000,     0,21.5,26.8,37.4, 25,     8,    18, 0.3798, 0.4994
M5,26/07/23,11:16:42,     1,   400,   407,  996.3, 300,24.1,26.4, 0.0,  0, 0.0000,     0,21.5,26.8,37.4, 25,     8,    19, 0.3709, 0.5028
M5,26/07/23,11:16:43,     1,   401,   407,  996.3, 300,24.1,26.4, 0.0,  0, 0.0000,     0,21.5,26.9,37.4, 25,     9,    20, 0.3624, 0.4750
M5,26/07/23,11:16:44,     1,   402,   408,  996.3, 300,24.2,26.4, 0.0,  0, 0.0000,     0,21.7,26.9,37.4, 25,     9,    21, 0.3708, 0.4271
M5,26/07/23,11:16:45,     1,   403,   408,  996.3, 300,24.2,26.4, 0.0,  0, 0.0000,     0,21.7,26.9,37.4, 25,    10,    22, 0.3800, 0.3754
M5,26/07/23,11:16:46,     1,   404,   409,  996.3, 300,24.2,26.4, 0.0,  0, 0.0000,     0,21.7,26.9,37.4, 25,    10,    23, 0.3865, 0.3491
M5,26/07/23,11:16:47,     1,   405,   409,  996.3, 300,24.4,26.4, 0.0,  0, 0.0000,     0,21.7,26.9,37.4, 25,    10,    24, 0.3950, 0.3417
M5,26/07/23,11:16:48,     1,   406,   410,  996.3, 300,24.4,26.4, 0.0,  0, 0.0000,     0,21.7,26.9,37.4, 25,    11,    25, 0.4020, 0.3246
M5,26/07/23,11:16:49,     1,   407,   410,  996.3, 299,24.5,26.4, 0.0,  0, 0.0000,     0,21.7,26.9,37.4, 25,    11,    26, 0.4142, 0.3115
M5,26/07/23,11:16:50,     1,   408,   411,  996.3, 300,24.5,26.4, 0.0, 21, 0.0000,     0,21.7,26.9,37.4, 25,    12,    27, 0.4264, 0.2862
M5,26/07/23,11:16:51,     1,   409,   411,  996.3, 300,24.6,26.4, 0.0, 21, 0.0000,     0,21.7,26.9,37.4, 25,    12,    28, 0.4407, 0.2732
M5,26/07/23,11:16:52,     1,   410,   411,  996.3, 300,24.6,26.4, 0.0, 21, 0.0000,     0,21.7,26.9,37.4, 25,    12,    29, 0.4426, 0.2918
M5,26/07/23,11:16:53,     1,   411,   411,  996.3, 301,24.6,26.4, 0.0, 21, 0.0000,     0,21.7,26.9,37.4, 25,    13,    30, 0.4409, 0.3187
M5,26/07/23,11:16:54,     1,   412,   411,  996.3, 300,24.7,26.4, 0.0,  0, 0.0000,     0,21.5,26.9,37.4, 25,    13,    31, 0.4390, 0.3506
M5,26/07/23,11:16:55,     1,   413,   412,  996.3, 300,24.7,26.4, 0.0,  0, 0.0000,     0,21.5,26.9,37.4, 25,    13,    32, 0.4332, 0.3797
M5,26/07/23,11:16:56,     1,   414,   412,  996.3, 300,24.8,26.5, 0.0,  0, 0.0000,     0,21.5,26.9,37.4, 25,    13,    33, 0.4286, 0.4089
M5,26/07/23,11:16:57,     1,   415,   412,  996.3, 299,24.8,26.5, 0.0,  0, 0.0000,     0,21.5,27.0,37.4, 25,    13,    34, 0.4229, 0.4268
M5,26/07/23,11:16:58,     1,   416,   413,  996.3, 300,24.9,26.5, 0.0,  0, 0.0000,     0,21.5,27.0,37.4, 25,    14,    35, 0.4216, 0.4342
M5,26/07/23,11:16:59,     1,   417,   413,  996.3, 300,24.9,26.5, 0.0,  0, 0.0000,     0,21.5,27.0,37.4, 25,    14,    36, 0.4190, 0.4376
M5,26/07/23,11:17:00,     1,   418,   413,  996.3, 300,24.9,26.5, 0.0,  0, 0.0000,     0,21.5,27.0,37.4, 25,    15,    37, 0.4199, 0.4361
M5,26/07/23,11:17:01,     1,   419,   414,  996.2, 300,24.9,26.5, 0.0,  0, 0.0000,     0,21.5,27.0,37.4, 25,    15,    38, 0.4191, 0.4330
M5,26/07/23,11:17:02,     1,   420,   414,  996.2, 300,24.9,26.5, 0.0,  0, 0.0000,     0,21.5,27.0,37.4, 25,    15,    39, 0.4168, 0.4356
M5,26/07/23,11:17:03,     1,   421,   414,  996.2, 300,25.0,26.5, 0.0,  0, 0.0000,     0,21.5,27.0,37.4, 25,    15,    40, 0.4153, 0.4428
M5,26/07/23,11:17:04,     1,   422,   414,  996.2, 300,25.0,26.5, 0.0,  0, 0.0000,     0,21.5,27.0,37.4, 25,    16,    41, 0.4126, 0.4459
M5,26/07/23,11:17:05,     1,   423,   415,  996.2, 300,25.1,26.5, 0.0,  0, 0.0000,     0,21.5,27.0,37.4, 25,    16,    42, 0.4120, 0.4443
M5,26/07/23,11:17:06,     1,   424,   415,  996.2, 300,25.1,26.5, 0.0,  0, 0.0000,     0,21.5,27.0,37.4, 25,    17,    43, 0.4108, 0.4419
M5,26/07/23,11:17:07,     1,   425,   416,  996.2, 300,25.2,26.5, 0.0,  0, 0.0000,     0,21.5,27.0,37.4, 25,    17,    44, 0.4110, 0.4408
M5,26/07/23,11:17:08,     1,   426,   416,  996.2, 300,25.2,26.5, 0.0,  0, 0.0000,     0,21.5,27.0,37.4, 25,    17,    45, 0.4091, 0.4414
M5,26/07/23,11:17:09,     1,   427,   416,  996.2, 300,25.2,26.5, 0.0,  0, 0.0000,     0,21.5,27.0,37.4, 25,    17,    46, 0.4058, 0.4472
M5,26/07/23,11:17:10,     1,   428,   416,  996.2, 300,25.2,26.5, 0.0,  0, 0.0000,     0,21.5,27.0,37.4, 25,    17,    47, 0.4030, 0.4544
M5,26/07/23,11:17:11,     1,   429,   416,  996.2, 300,25.2,26.5, 0.0,  0, 0.0000,     0,21.5,27.0,37.4, 25,    17,    48, 0.3999, 0.4582
M5,26/07/23,11:17:12,     1,   430,   416,  996.2, 300,25.3,26.5, 0.0,  0, 0.0000,     0,21.5,27.0,37.4, 25,    18,    49, 0.3976, 0.4638
M5,26/07/23,11:17:13,     1,   431,   417,  996.2, 300,25.3,26.5, 0.0,  0, 0.0000,     0,21.5,27.0,37.4, 25,    18,    50, 0.3940, 0.4685
M5,26/07/23,11:17:14,     1,   432,   417,  996.2, 300,25.4,26.5, 0.0,  0, 0.0000,     0,21.5,27.0,37.4, 25,    18,    51, 0.3913, 0.4713
M5,26/07/23,11:17:15,     1,   433,   417,  996.3, 300,25.4,26.5, 0.0,  0, 0.0000,     0,21.5,27.0,37.4, 25,    18,    52, 0.3885, 0.4719
M5,26/07/23,11:17:16,     1,   434,   417,  996.3, 300,25.4,26.5, 0.0,  0, 0.0000,     0,21.5,27.0,37.4, 25,    19,    53, 0.3856, 0.4733
M5,26/07/23,11:17:17,     1,   435,   418,  996.3, 300,25.4,26.5, 0.0,  0, 0.0000,     0,21.5,27.0,37.4, 25,    19,    54, 0.3842, 0.4716
M5,26/07/23,11:17:18,     1,   436,   418,  996.3, 300,25.4,26.5, 0.0,  0, 0.0000,     0,21.5,27.0,37.4, 25,    19,    55, 0.3825, 0.4686
M5,26/07/23,11:17:19,     1,   437,   418,  996.3, 300,25.5,26.5, 0.0,  0, 0.0000,     0,21.5,27.0,37.4, 25,    20,    56, 0.3817, 0.4657
M5,26/07/23,11:17:20,     1,   438,   419,  996.3, 300,25.5,26.5, 0.0,  0, 0.0000,     0,21.5,27.0,37.4, 25,    20,    57, 0.3805, 0.4617
M5,26/07/23,11:17:21,     1,   439,   419,  996.3, 300,25.5,26.5, 0.0,  0, 0.0000,     0,21.5,27.0,37.4, 25,    20,    58, 0.3799, 0.4579
M5,26/07/23,11:17:22,     1,   440,   419,  996.3, 300,25.5,26.5, 0.0,  0, 0.0000,     0,21.5,27.0,37.4, 25,    21,    59, 0.3786, 0.4549
M5,26/07/23,11:17:23,     1,   441,   419,  996.3, 300,25.6,26.5, 0.0,  0, 0.0000,     0,21.5,27.0,37.4, 25,    21,    60, 0.3775, 0.4535
R5,26/07/23,11:17:23,     1,   441,   419,  996.3, 300,25.6,26.5, 0.0,  0, 0.0000,     0,21.5,27.0,37.4, 25,    21,    60, 0.3775, 0.4535
End
Start
M5,26/07/23,11:24:58,     2,   893,   399,  996.3, 300,22.6,26.9, 0.0,  0, 0.0000,     0,21.9,25.1,42.6, 20,     1,     1, 0.0000, 0.0000
M5,26/07/23,11:24:59,     2,   894,   400,  996.3, 300,22.6,26.9, 0.0,  0, 0.0000,     0,21.9,25.2,42.6, 20,     2,     2, 0.0000, 0.0000
M5,26/07/23,11:25:00,     2,   895,   400,  996.3, 300,22.6,26.9, 0.0,  0, 0.0000,     0,21.9,25.2,42.6, 20,     2,     3, 0.0000, 0.0000
M5,26/07/23,11:25:01,     2,   896,   401,  996.3, 300,22.6,26.9, 0.0,  0, 0.0000,     0,21.9,25.2,42.6, 20,     3,     4, 0.0000, 0.0000
M5,26/07/23,11:25:02,     2,   897,   401,  996.3, 300,22.6,26.9, 0.0,  0, 0.0000,     0,21.9,25.2,42.6, 20,     3,     5, 0.0000, 0.0000
M5,26/07/23,11:25:03,     2,   898,   402,  996.3, 300,22.6,26.9, 0.0,  0, 0.0000,     0,21.9,25.2,42.7, 20,     4,     6, 0.0000, 0.0000
M5,26/07/23,11:25:04,     2,   899,   402,  996.3, 300,22.7,26.9, 0.0,  0, 0.0000,     0,21.9,25.2,42.7, 20,     4,     7, 0.0000, 0.0000
M5,26/07/23,11:25:05,     2,   900,   403,  996.3, 300,22.7,26.9, 0.0,  0, 0.0000,     0,21.9,25.3,42.7, 20,     5,     8, 0.0000, 0.0000
M5,26/07/23,11:25:06,     2,   901,   403,  996.3, 300,22.7,26.9, 0.0,  0, 0.0000,     0,21.9,25.3,42.7, 20,     5,     9, 0.0000, 0.0000
M5,26/07/23,11:25:07,     2,   902,   404,  996.3, 300,22.7,26.9, 0.0,  0, 0.0000,     0,21.9,25.3,42.7, 25,     5,    10, 0.0000, 0.0000
M5,26/07/23,11:25:08,     2,   903,   404,  996.3, 300,22.7,26.9, 0.0,  0, 0.0000,     0,21.9,25.3,42.7, 25,     6,    11, 0.0000, 0.0000
M5,26/07/23,11:25:09,     2,   904,   405,  996.3, 300,22.8,26.9, 0.0,  0, 0.0000,     0,21.9,25.3,42.7, 25,     6,    12, 0.0000, 0.0000
M5,26/07/23,11:25:10,     2,   905,   405,  996.3, 300,22.8,26.9, 0.0,  0, 0.0000,     0,21.9,25.3,42.7, 25,     7,    13, 0.5341, 0.6792
M5,26/07/23,11:25:11,     2,   906,   405,  996.3, 300,22.9,26.9, 0.0,  0, 0.0000,     0,21.9,25.4,42.7, 25,     7,    14, 0.5424, 0.5970
M5,26/07/23,11:25:12,     2,   907,   406,  996.3, 300,22.9,26.9, 0.0,  0, 0.0000,     0,21.9,25.4,42.7, 25,     8,    15, 0.5470, 0.5463
M5,26/07/23,11:25:13,     2,   908,   406,  996.3, 300,23.0,26.9, 0.0,  0, 0.0000,     0,21.9,25.4,42.7, 25,     8,    16, 0.5800, 0.4823
M5,26/07/23,11:25:14,     2,   909,   407,  996.3, 300,23.0,26.9, 0.0,  0, 0.0000,     0,21.9,25.4,42.7, 25,     9,    17, 0.5913, 0.4854
M5,26/07/23,11:25:15,     2,   910,   407,  996.3, 300,23.0,26.9, 0.0,  0, 0.0000,     0,21.9,25.4,42.7, 25,     9,    18, 0.5962, 0.5047
M5,26/07/23,11:25:16,     2,   911,   408,  996.3, 300,23.1,26.9, 0.0,  0, 0.0000,     0,21.9,25.4,42.7, 25,    10,    19, 0.5926, 0.5585
M5,26/07/23,11:25:17,     2,   912,   408,  996.3, 300,23.1,26.9, 0.0,  0, 0.0000,     0,21.9,25.4,42.7, 25,    10,    20, 0.5785, 0.6024
M5,26/07/23,11:25:18,     2,   913,   408,  996.3, 300,23.1,26.9, 0.0,  0, 0.0000,     0,21.9,25.4,42.7, 25,    10,    21, 0.5668, 0.6377
M5,26/07/23,11:25:19,     2,   914,   409,  996.3, 300,23.1,26.9, 0.0,  0, 0.0000,     0,21.9,25.4,42.7, 25,    11,    22, 0.5581, 0.6384
M5,26/07/23,11:25:20,     2,   915,   409,  996.3, 300,23.2,26.9, 0.0,  0, 0.0000,     0,21.9,25.5,42.7, 25,    11,    23, 0.5560, 0.6307
M5,26/07/23,11:25:21,     2,   916,   410,  996.3, 300,23.2,26.9, 0.0,  0, 0.0000,     0,21.9,25.5,42.7, 25,    12,    24, 0.5535, 0.6153
M5,26/07/23,11:25:22,     2,   917,   410,  996.3, 300,23.2,26.9, 0.0,  0, 0.0000,     0,21.9,25.5,42.7, 25,    12,    25, 0.5483, 0.6131
M5,26/07/23,11:25:23,     2,   918,   411,  996.3, 300,23.3,26.9, 0.0,  0, 0.0000,     0,21.9,25.5,42.7, 25,    13,    26, 0.5513, 0.5937
M5,26/07/23,11:25:24,     2,   919,   411,  996.3, 300,23.3,26.9, 0.0,  0, 0.0000,     0,21.9,25.5,42.6, 25,    13,    27, 0.5526, 0.5766
M5,26/07/23,11:25:25,     2,   920,   411,  996.3, 300,23.4,26.9, 0.0,  0, 0.0000,     0,21.9,25.5,42.6, 25,    13,    28, 0.5506, 0.5856
M5,26/07/23,11:25:26,     2,   921,   412,  996.3, 300,23.4,26.9, 0.0,  0, 0.0000,     0,21.9,25.5,42.6, 25,    14,    29, 0.5422, 0.6031
M5,26/07/23,11:25:27,     2,   922,   412,  996.3, 300,23.4,26.9, 0.0,  0, 0.0000,     0,21.9,25.5,42.6, 25,    14,    30, 0.5330, 0.6267
M5,26/07/23,11:25:28,     2,   923,   412,  996.3, 300,23.4,26.9, 0.0,  0, 0.0000,     0,21.9,25.5,42.6, 25,    14,    31, 0.5279, 0.6248
M5,26/07/23,11:25:29,     2,   924,   413,  996.3, 300,23.5,26.9, 0.0,  0, 0.0000,     0,21.9,25.6,42.6, 25,    15,    32, 0.5285, 0.6115
M5,26/07/23,11:25:30,     2,   925,   414,  996.3, 300,23.5,26.9, 0.0,  0, 0.0000,     0,21.9,25.6,42.6, 25,    16,    33, 0.5281, 0.5964
M5,26/07/23,11:25:31,     2,   926,   414,  996.3, 300,23.5,26.9, 0.0,  0, 0.0000,     0,21.9,25.6,42.6, 25,    16,    34, 0.5284, 0.5820
M5,26/07/23,11:25:32,     2,   927,   415,  996.3, 300,23.5,26.9, 0.0,  0, 0.0000,     0,21.9,25.6,42.6, 25,    17,    35, 0.5303, 0.5698
M5,26/07/23,11:25:33,     2,   928,   415,  996.3, 300,23.5,26.9, 0.0,  0, 0.0000,     0,21.9,25.6,42.6, 25,    17,    36, 0.5314, 0.5577
M5,26/07/23,11:25:34,     2,   929,   415,  996.3, 300,23.6,26.9, 0.0,  0, 0.0000,     0,21.9,25.6,42.6, 25,    17,    37, 0.5324, 0.5532
M5,26/07/23,11:25:35,     2,   930,   416,  996.3, 300,23.6,26.9, 0.0,  0, 0.0000,     0,21.9,25.6,42.6, 25,    18,    38, 0.5327, 0.5469
M5,26/07/23,11:25:36,     2,   931,   417,  996.3, 300,23.7,26.9, 0.0,  0, 0.0000,     0,21.9,25.6,42.6, 25,    18,    39, 0.5355, 0.5371
M5,26/07/23,11:25:37,     2,   932,   417,  996.3, 300,23.7,26.9, 0.0,  0, 0.0000,     0,21.9,25.6,42.6, 25,    19,    40, 0.5397, 0.5198
M5,26/07/23,11:25:38,     2,   933,   418,  996.3, 300,23.7,26.9, 0.0,  0, 0.0000,     0,21.9,25.6,42.6, 25,    20,    41, 0.5434, 0.5067
M5,26/07/23,11:25:39,     2,   934,   418,  996.3, 300,23.7,26.9, 0.0,  0, 0.0000,     0,21.9,25.6,42.6, 25,    20,    42, 0.5455, 0.5052
M5,26/07/23,11:25:40,     2,   935,   418,  996.3, 300,23.7,26.9, 0.0,  0, 0.0000,     0,21.9,25.6,42.6, 25,    20,    43, 0.5457, 0.5067
M5,26/07/23,11:25:41,     2,   936,   419,  996.3, 300,23.8,26.9, 0.0,  0, 0.0000,     0,21.9,25.6,42.6, 25,    21,    44, 0.5461, 0.5115
M5,26/07/23,11:25:42,     2,   937,   419,  996.3, 300,23.8,26.9, 0.0,  0, 0.0000,     0,21.9,25.6,42.6, 25,    21,    45, 0.5450, 0.5169
M5,26/07/23,11:25:43,     2,   938,   419,  996.3, 300,23.8,26.9, 0.0,  0, 0.0000,     0,21.9,25.6,42.6, 25,    21,    46, 0.5449, 0.5210
M5,26/07/23,11:25:44,     2,   939,   420,  996.3, 300,23.8,26.9, 0.0,  0, 0.0000,     0,21.9,25.6,42.6, 25,    22,    47, 0.5437, 0.5258
M5,26/07/23,11:25:45,     2,   940,   420,  996.3, 300,23.8,26.9, 0.0,  0, 0.0000,     0,21.9,25.6,42.6, 25,    22,    48, 0.5424, 0.5306
M5,26/07/23,11:25:46,     2,   941,   421,  996.3, 300,23.9,26.9, 0.0,  0, 0.0000,     0,21.9,25.6,42.6, 25,    22,    49, 0.5414, 0.5368
M5,26/07/23,11:25:47,     2,   942,   421,  996.3, 300,23.9,26.9, 0.0,  0, 0.0000,     0,21.9,25.6,42.6, 25,    23,    50, 0.5388, 0.5451
M5,26/07/23,11:25:48,     2,   943,   421,  996.3, 300,23.9,26.9, 0.0,  0, 0.0000,     0,21.9,25.6,42.6, 25,    23,    51, 0.5374, 0.5513
M5,26/07/23,11:25:49,     2,   944,   422,  996.3, 300,23.9,26.9, 0.0,  0, 0.0000,     0,21.9,25.6,42.6, 25,    24,    52, 0.5358, 0.5545
M5,26/07/23,11:25:50,     2,   945,   422,  996.3, 300,23.9,26.9, 0.0,  0, 0.0000,     0,21.9,25.6,42.6, 25,    24,    53, 0.5355, 0.5541
M5,26/07/23,11:25:51,     2,   946,   423,  996.3, 300,23.9,26.9, 0.0,  0, 0.0000,     0,21.7,25.6,42.7, 25,    25,    54, 0.5351, 0.5525
M5,26/07/23,11:25:52,     2,   947,   423,  996.3, 300,24.0,26.9, 0.0,  0, 0.0000,     0,21.7,25.6,42.7, 25,    25,    55, 0.5349, 0.5529
M5,26/07/23,11:25:53,     2,   948,   423,  996.3, 300,24.0,26.9, 0.0,  0, 0.0000,     0,21.7,25.6,42.7, 25,    25,    56, 0.5339, 0.5537
M5,26/07/23,11:25:54,     2,   949,   424,  996.3, 300,24.0,26.9, 0.0,  0, 0.0000,     0,21.7,25.6,42.7, 25,    26,    57, 0.5331, 0.5535
M5,26/07/23,11:25:55,     2,   950,   424,  996.3, 300,24.0,26.9, 0.0,  0, 0.0000,     0,21.7,25.6,42.7, 25,    26,    58, 0.5328, 0.5526
M5,26/07/23,11:25:56,     2,   951,   425,  996.3, 300,24.0,26.9, 0.0,  0, 0.0000,     0,21.7,25.6,42.6, 25,    27,    59, 0.5320, 0.5526
M5,26/07/23,11:25:57,     2,   952,   425,  996.3, 300,24.1,26.9, 0.0,  0, 0.0000,     0,21.7,25.6,42.6, 25,    27,    60, 0.5317, 0.5541
R5,26/07/23,11:25:57,     2,   952,   425,  996.3, 300,24.1,26.9, 0.0,  0, 0.0000,     0,21.7,25.6,42.6, 25,    27,    60, 0.5317, 0.5541
End
Start
M5,26/07/23,11:26:41,     2,   995,   400,  996.3, 300,22.3,26.9, 0.0,  0, 0.0000,     0,21.7,24.8,42.6, 20,     1,     1, 0.0000, 0.0000
M5,26/07/23,11:26:42,     2,   996,   400,  996.3, 300,22.3,26.9, 0.0,  0, 0.0000,     0,21.7,24.8,42.6, 20,     1,     2, 0.0000, 0.0000
M5,26/07/23,11:26:43,     2,   997,   401,  996.3, 300,22.3,26.9, 0.0,  0, 0.0000,     0,21.7,24.8,42.6, 20,     2,     3, 0.0000, 0.0000
M5,26/07/23,11:26:44,     2,   998,   401,  996.3, 300,22.3,26.9, 0.0,  0, 0.0000,     0,21.7,24.9,42.6, 20,     2,     4, 0.0000, 0.0000
M5,26/07/23,11:26:45,     2,   999,   402,  996.3, 300,22.3,26.9, 0.0,  0, 0.0000,     0,21.7,24.9,42.6, 20,     3,     5, 0.0000, 0.0000
M5,26/07/23,11:26:46,     2,  1000,   402,  996.3, 300,22.5,26.9, 0.0,  0, 0.0000,     0,21.7,24.9,42.6, 20,     3,     6, 0.0000, 0.0000
M5,26/07/23,11:26:47,     2,  1001,   403,  996.3, 300,22.5,26.9, 0.0,  0, 0.0000,     0,21.7,24.9,42.6, 20,     4,     7, 0.0000, 0.0000
M5,26/07/23,11:26:48,     2,  1002,   403,  996.3, 300,22.5,26.9, 0.0,  0, 0.0000,     0,21.7,24.9,42.6, 20,     4,     8, 0.0000, 0.0000
M5,26/07/23,11:26:49,     2,  1003,   403,  996.3, 300,22.5,26.9, 0.0,  0, 0.0000,     0,21.7,24.9,42.6, 20,     4,     9, 0.0000, 0.0000
M5,26/07/23,11:26:50,     2,  1004,   403,  996.3, 300,22.5,26.9, 0.0,  0, 0.0000,     0,21.7,24.9,42.7, 25,     5,    10, 0.0000, 0.0000
M5,26/07/23,11:26:51,     2,  1005,   404,  996.3, 300,22.6,26.9, 0.0,  0, 0.0000,     0,21.7,24.9,42.7, 25,     5,    11, 0.0000, 0.0000
M5,26/07/23,11:26:52,     2,  1006,   405,  996.3, 300,22.6,26.9, 0.0,  0, 0.0000,     0,21.7,25.0,42.7, 25,     6,    12, 0.0000, 0.0000
M5,26/07/23,11:26:53,     2,  1007,   405,  996.3, 300,22.7,26.9, 0.0,  0, 0.0000,     0,21.7,25.0,42.7, 25,     6,    13, 0.7352, 1.0341
M5,26/07/23,11:26:54,     2,  1008,   406,  996.3, 300,22.7,26.9, 0.0,  0, 0.0000,     0,21.7,25.0,42.7, 25,     7,    14, 0.6483, 0.9870
M5,26/07/23,11:26:55,     2,  1009,   406,  996.3, 300,22.7,26.9, 0.0,  0, 0.0000,     0,21.7,25.0,42.7, 25,     7,    15, 0.5873, 0.9212
M5,26/07/23,11:26:56,     2,  1010,   406,  996.3, 300,22.8,26.9, 0.0,  0, 0.0000,     0,21.7,25.0,42.6, 25,     8,    16, 0.5726, 0.8119
M5,26/07/23,11:26:57,     2,  1011,   407,  996.3, 300,22.8,26.9, 0.0,  0, 0.0000,     0,21.7,25.0,42.6, 25,     8,    17, 0.5482, 0.7614
M5,26/07/23,11:26:58,     2,  1012,   407,  996.3, 300,22.9,26.9, 0.0,  0, 0.0000,     0,21.7,25.0,42.6, 25,     8,    18, 0.5336, 0.7358
M5,26/07/23,11:26:59,     2,  1013,   407,  996.3, 300,22.9,26.9, 0.0,  0, 0.0000,     0,21.7,25.1,42.6, 25,     9,    19, 0.5146, 0.7083
M5,26/07/23,11:27:00,     2,  1014,   408,  996.3, 300,23.0,26.9, 0.0,  0, 0.0000,     0,21.7,25.1,42.6, 25,     9,    20, 0.5113, 0.6619
M5,26/07/23,11:27:01,     2,  1015,   408,  996.3, 300,23.0,26.9, 0.0,  0, 0.0000,     0,21.7,25.1,42.6, 25,    10,    21, 0.5102, 0.6128
M5,26/07/23,11:27:02,     2,  1016,   409,  996.3, 300,23.1,26.9, 0.0,  0, 0.0000,     0,21.7,25.1,42.6, 25,    10,    22, 0.5087, 0.5942
M5,26/07/23,11:27:03,     2,  1017,   409,  996.3, 300,23.1,26.9, 0.0,  0, 0.0000,     0,21.7,25.1,42.6, 25,    10,    23, 0.5025, 0.5843
M5,26/07/23,11:27:04,     2,  1018,   409,  996.3, 300,23.1,26.9, 0.0,  0, 0.0000,     0,21.7,25.1,42.6, 25,    11,    24, 0.4958, 0.5794
M5,26/07/23,11:27:05,     2,  1019,   410,  996.3, 300,23.1,26.9, 0.0,  0, 0.0000,     0,21.7,25.2,42.6, 25,    11,    25, 0.4967, 0.5660
M5,26/07/23,11:27:06,     2,  1020,   410,  996.3, 300,23.1,26.9, 0.0,  0, 0.0000,     0,21.7,25.2,42.4, 25,    11,    26, 0.4924, 0.5592
M5,26/07/23,11:27:07,     2,  1021,   411,  996.3, 300,23.2,26.8, 0.0,  0, 0.0000,     0,21.7,25.2,42.4, 25,    12,    27, 0.4930, 0.5466
M5,26/07/23,11:27:08,     2,  1022,   411,  996.3, 300,23.2,26.8, 0.0,  0, 0.0000,     0,21.7,25.2,42.4, 25,    12,    28, 0.4905, 0.5396
M5,26/07/23,11:27:09,     2,  1023,   411,  996.3, 299,23.3,26.8, 0.0,  0, 0.0000,     0,21.7,25.2,42.4, 25,    12,    29, 0.4893, 0.5386
M5,26/07/23,11:27:10,     2,  1024,   412,  996.3, 300,23.3,26.8, 0.0,  0, 0.0000,     0,21.7,25.2,42.4, 25,    13,    30, 0.4882, 0.5291
M5,26/07/23,11:27:11,     2,  1025,   412,  996.3, 300,23.3,26.8, 0.0,  0, 0.0000,     0,21.7,25.2,42.4, 25,    13,    31, 0.4886, 0.5168
M5,26/07/23,11:27:12,     2,  1026,   413,  996.3, 300,23.4,26.8, 0.0,  0, 0.0000,     0,21.7,25.2,42.5, 25,    14,    32, 0.4921, 0.5058
M5,26/07/23,11:27:13,     2,  1027,   413,  996.3, 300,23.4,26.8, 0.0,  0, 0.0000,     0,21.7,25.2,42.5, 25,    14,    33, 0.4941, 0.4929
M5,26/07/23,11:27:14,     2,  1028,   414,  996.3, 300,23.4,26.8, 0.0,  0, 0.0000,     0,21.7,25.2,42.5, 25,    15,    34, 0.4961, 0.4886
M5,26/07/23,11:27:15,     2,  1029,   414,  996.3, 300,23.4,26.8, 0.0,  0, 0.0000,     0,21.7,25.2,42.5, 25,    15,    35, 0.4958, 0.4875
M5,26/07/23,11:27:16,     2,  1030,   414,  996.3, 300,23.5,26.8, 0.0,  0, 0.0000,     0,21.7,25.2,42.5, 25,    16,    36, 0.4975, 0.4850
M5,26/07/23,11:27:17,     2,  1031,   415,  996.3, 300,23.5,26.8, 0.0,  0, 0.0000,     0,21.7,25.2,42.7, 25,    16,    37, 0.4970, 0.4852
M5,26/07/23,11:27:18,     2,  1032,   415,  996.3, 300,23.5,26.8, 0.0,  0, 0.0000,     0,21.7,25.2,42.7, 25,    16,    38, 0.4960, 0.4875
M5,26/07/23,11:27:19,     2,  1033,   415,  996.3, 300,23.5,26.8, 0.0,  0, 0.0000,     0,21.7,25.2,42.7, 25,    17,    39, 0.4967, 0.4877
M5,26/07/23,11:27:20,     2,  1034,   416,  996.3, 300,23.5,26.8, 0.0,  0, 0.0000,     0,21.7,25.2,42.7, 25,    17,    40, 0.4958, 0.4890
M5,26/07/23,11:27:21,     2,  1035,   416,  996.3, 300,23.6,26.8, 0.0,  0, 0.0000,     0,21.7,25.2,42.7, 25,    17,    41, 0.4959, 0.4927
M5,26/07/23,11:27:22,     2,  1036,   417,  996.3, 300,23.6,26.8, 0.0,  0, 0.0000,     0,21.7,25.2,42.7, 25,    18,    42, 0.4954, 0.4922
M5,26/07/23,11:27:23,     2,  1037,   417,  996.3, 300,23.7,26.8, 0.0,  0, 0.0000,     0,21.7,25.3,42.7, 25,    18,    43, 0.4961, 0.4904
M5,26/07/23,11:27:24,     2,  1038,   418,  996.3, 300,23.7,26.8, 0.0,  0, 0.0000,     0,21.7,25.3,42.7, 25,    19,    44, 0.4967, 0.4867
M5,26/07/23,11:27:25,     2,  1039,   418,  996.3, 300,23.7,26.8, 0.0,  0, 0.0000,     0,21.7,25.3,42.7, 25,    19,    45, 0.4974, 0.4863
M5,26/07/23,11:27:26,     2,  1040,   418,  996.3, 300,23.7,26.8, 0.0,  0, 0.0000,     0,21.7,25.3,42.7, 25,    19,    46, 0.4971, 0.4863
M5,26/07/23,11:27:27,     2,  1041,   419,  996.3, 300,23.7,26.8, 0.0,  0, 0.0000,     0,21.7,25.3,42.7, 25,    20,    47, 0.4973, 0.4848
M5,26/07/23,11:27:28,     2,  1042,   419,  996.3, 300,23.8,26.8, 0.0,  0, 0.0000,     0,21.7,25.3,42.5, 25,    20,    48, 0.4985, 0.4829
M5,26/07/23,11:27:29,     2,  1043,   420,  996.3, 300,23.8,26.8, 0.0,  0, 0.0000,     0,21.7,25.3,42.5, 25,    21,    49, 0.4993, 0.4796
M5,26/07/23,11:27:30,     2,  1044,   420,  996.3, 300,23.8,26.8, 0.0,  0, 0.0000,     0,21.7,25.3,42.5, 25,    21,    50, 0.5001, 0.4790
M5,26/07/23,11:27:31,     2,  1045,   420,  996.3, 300,23.8,26.8, 0.0,  0, 0.0000,     0,21.7,25.3,42.5, 25,    21,    51, 0.4994, 0.4817
M5,26/07/23,11:27:32,     2,  1046,   420,  996.3, 300,23.9,26.8, 0.0,  0, 0.0000,     0,21.7,25.3,42.5, 25,    22,    52, 0.4983, 0.4879
M5,26/07/23,11:27:33,     2,  1047,   421,  996.3, 300,23.9,26.8, 0.0,  0, 0.0000,     0,21.7,25.3,42.4, 25,    22,    53, 0.4972, 0.4911
M5,26/07/23,11:27:34,     2,  1048,   421,  996.3, 300,23.9,26.8, 0.0,  0, 0.0000,     0,21.7,25.3,42.4, 25,    23,    54, 0.4966, 0.4924
M5,26/07/23,11:27:35,     2,  1049,   422,  996.3, 300,23.9,26.8, 0.0,  0, 0.0000,     0,21.7,25.3,42.4, 25,    23,    55, 0.4967, 0.4928
M5,26/07/23,11:27:36,     2,  1050,   422,  996.3, 300,23.9,26.8, 0.0,  0, 0.0000,     0,21.7,25.3,42.4, 25,    23,    56, 0.4962, 0.4935
M5,26/07/23,11:27:37,     2,  1051,   423,  996.3, 300,23.9,26.8, 0.0,  0, 0.0000,     0,21.7,25.3,42.4, 25,    24,    57, 0.4965, 0.4936
M5,26/07/23,11:27:38,     2,  1052,   423,  996.3, 300,23.9,26.8, 0.0,  0, 0.0000,     0,21.7,25.3,42.5, 25,    24,    58, 0.4965, 0.4922
M5,26/07/23,11:27:39,     2,  1053,   424,  996.3, 300,24.0,26.8, 0.0,  0, 0.0000,     0,21.7,25.3,42.5, 25,    25,    59, 0.4977, 0.4888
M5,26/07/23,11:27:40,     2,  1054,   424,  996.3, 300,24.0,26.8, 0.0,  0, 0.0000,     0,21.7,25.3,42.5, 25,    26,    60, 0.4985, 0.4848
R5,26/07/23,11:27:40,     2,  1054,   424,  996.3, 300,24.0,26.8, 0.0,  0, 0.0000,     0,21.7,25.3,42.5, 25,    26,    60, 0.4985, 0.4848
End
Start
M5,26/07/23,11:28:22,     2,  1096,   399,  996.2, 300,22.3,26.8, 0.0,  0, 0.0000,     0,21.5,24.3,42.4, 20,     1,     1, 0.0000, 0.0000
M5,26/07/23,11:28:23,     2,  1097,   399,  996.2, 300,22.3,26.8, 0.0,  0, 0.0000,     0,21.5,24.3,42.4, 20,     1,     2, 0.0000, 0.0000
M5,26/07/23,11:28:24,     2,  1098,   400,  996.2, 300,22.3,26.8, 0.0,  0, 0.0000,     0,21.5,24.3,42.4, 20,     2,     3, 0.0000, 0.0000
M5,26/07/23,11:28:25,     2,  1099,   401,  996.2, 300,22.4,26.8, 0.0,  0, 0.0000,     0,21.5,24.4,42.4, 20,     3,     4, 0.0000, 0.0000
M5,26/07/23,11:28:26,     2,  1100,   401,  996.2, 300,22.4,26.8, 0.0,  0, 0.0000,     0,21.5,24.4,42.4, 20,     3,     5, 0.0000, 0.0000
M5,26/07/23,11:28:27,     2,  1101,   402,  996.2, 300,22.4,26.8, 0.0,  0, 0.0000,     0,21.5,24.4,42.4, 20,     4,     6, 0.0000, 0.0000
M5,26/07/23,11:28:28,     2,  1102,   402,  996.2, 300,22.4,26.8, 0.0,  0, 0.0000,     0,21.5,24.4,42.4, 20,     4,     7, 0.0000, 0.0000
M5,26/07/23,11:28:29,     2,  1103,   403,  996.2, 300,22.4,26.8, 0.0,  0, 0.0000,     0,21.5,24.4,42.4, 20,     5,     8, 0.0000, 0.0000
M5,26/07/23,11:28:30,     2,  1104,   403,  996.2, 300,22.5,26.8, 0.0,  0, 0.0000,     0,21.5,24.5,42.4, 20,     5,     9, 0.0000, 0.0000
M5,26/07/23,11:28:31,     2,  1105,   403,  996.2, 300,22.5,26.8, 0.0,  0, 0.0000,     0,21.5,24.5,42.4, 25,     5,    10, 0.0000, 0.0000
M5,26/07/23,11:28:32,     2,  1106,   403,  996.2, 300,22.6,26.8, 0.0,  0, 0.0000,     0,21.5,24.5,42.4, 25,     6,    11, 0.0000, 0.0000
M5,26/07/23,11:28:33,     2,  1107,   404,  996.2, 300,22.6,26.8, 0.0,  0, 0.0000,     0,21.5,24.5,42.4, 25,     6,    12, 0.0000, 0.0000
M5,26/07/23,11:28:34,     2,  1108,   404,  996.2, 300,22.6,26.8, 0.0, 21, 0.0000,     0,21.5,24.5,42.4, 25,     6,    13, 0.4113, 0.1198
M5,26/07/23,11:28:35,     2,  1109,   405,  996.2, 300,22.6,26.8, 0.0, 21, 0.0000,     0,21.5,24.6,42.4, 25,     7,    14, 0.5028, 0.1140
M5,26/07/23,11:28:36,     2,  1110,   405,  996.2, 300,22.6,26.8, 0.0, 21, 0.0000,     0,21.5,24.6,42.4, 25,     8,    15, 0.5412, 0.2282
M5,26/07/23,11:28:37,     2,  1111,   406,  996.2, 300,22.7,26.8, 0.0, 21, 0.0000,     0,21.5,24.6,42.5, 25,     8,    16, 0.5688, 0.3321
M5,26/07/23,11:28:38,     2,  1112,   406,  996.2, 300,22.7,26.8, 0.0,  0, 0.0000,     0,21.5,24.6,42.5, 25,     8,    17, 0.5614, 0.4392
M5,26/07/23,11:28:39,     2,  1113,   407,  996.2, 300,22.8,26.8, 0.0,  0, 0.0000,     0,21.5,24.6,42.5, 25,     9,    18, 0.5781, 0.4528
M5,26/07/23,11:28:40,     2,  1114,   407,  996.2, 300,22.8,26.8, 0.0,  0, 0.0000,     0,21.5,24.6,42.5, 25,    10,    19, 0.5842, 0.4706
M5,26/07/23,11:28:41,     2,  1115,   408,  996.3, 300,22.9,26.8, 0.0,  0, 0.0000,     0,21.5,24.6,42.5, 25,    10,    20, 0.6093, 0.4446
M5,26/07/23,11:28:42,     2,  1116,   409,  996.3, 300,22.9,26.8, 0.0, 21, 0.0000,     0,21.5,24.7,42.4, 25,    11,    21, 0.6353, 0.4092
M5,26/07/23,11:28:43,     2,  1117,   409,  996.3, 300,22.9,26.8, 0.0, 21, 0.0000,     0,21.5,24.7,42.4, 25,    12,    22, 0.6495, 0.4217
M5,26/07/23,11:28:44,     2,  1118,   410,  996.3, 300,23.0,26.8, 0.0, 21, 0.0000,     0,21.5,24.7,42.4, 25,    12,    23, 0.6545, 0.4725
M5,26/07/23,11:28:45,     2,  1119,   410,  996.3, 300,23.0,26.8, 0.0,  0, 0.0000,     0,21.5,24.7,42.4, 25,    12,    24, 0.6441, 0.5428
M5,26/07/23,11:28:46,     2,  1120,   410,  996.3, 300,23.1,26.8, 0.0,  0, 0.0000,     0,21.5,24.7,42.4, 25,    12,    25, 0.6259, 0.6303
M5,26/07/23,11:28:47,     2,  1121,   410,  996.3, 300,23.1,26.8, 0.0,  0, 0.0000,     0,21.5,24.7,42.4, 25,    12,    26, 0.6068, 0.6855
M5,26/07/23,11:28:48,     2,  1122,   410,  996.3, 300,23.1,26.7, 0.0,  0, 0.0000,     0,21.5,24.7,42.5, 25,    13,    27, 0.5884, 0.7337
M5,26/07/23,11:28:49,     2,  1123,   411,  996.3, 300,23.1,26.7, 0.0,  0, 0.0000,     0,21.5,24.7,42.5, 25,    13,    28, 0.5706, 0.7595
M5,26/07/23,11:28:50,     2,  1124,   411,  996.3, 300,23.1,26.7, 0.0,  0, 0.0000,     0,21.5,24.8,42.5, 25,    13,    29, 0.5551, 0.7717
M5,26/07/23,11:28:51,     2,  1125,   412,  996.3, 300,23.2,26.7, 0.0,  0, 0.0000,     0,21.5,24.8,42.5, 25,    14,    30, 0.5460, 0.7684
M5,26/07/23,11:28:52,     2,  1126,   412,  996.3, 300,23.2,26.7, 0.0,  0, 0.0000,     0,21.5,24.8,42.5, 25,    14,    31, 0.5382, 0.7532
M5,26/07/23,11:28:53,     2,  1127,   413,  996.3, 300,23.3,26.7, 0.0,  0, 0.0000,     0,21.5,24.8,42.4, 25,    15,    32, 0.5344, 0.7344
M5,26/07/23,11:28:54,     2,  1128,   413,  996.3, 300,23.3,26.7, 0.0,  0, 0.0000,     0,21.5,24.8,42.4, 25,    15,    33, 0.5308, 0.7120
M5,26/07/23,11:28:55,     2,  1129,   413,  996.2, 300,23.3,26.7, 0.0,  0, 0.0000,     0,21.5,24.8,42.4, 25,    16,    34, 0.5282, 0.6963
M5,26/07/23,11:28:56,     2,  1130,   414,  996.2, 300,23.3,26.7, 0.0,  0, 0.0000,     0,21.5,24.8,42.4, 25,    16,    35, 0.5256, 0.6777
M5,26/07/23,11:28:57,     2,  1131,   414,  996.2, 300,23.4,26.7, 0.0,  0, 0.0000,     0,21.5,24.8,42.4, 25,    16,    36, 0.5238, 0.6654
M5,26/07/23,11:28:58,     2,  1132,   415,  996.2, 300,23.4,26.7, 0.0,  0, 0.0000,     0,21.5,24.8,42.4, 25,    17,    37, 0.5218, 0.6502
M5,26/07/23,11:28:59,     2,  1133,   415,  996.2, 300,23.4,26.7, 0.0,  0, 0.0000,     0,21.5,24.9,42.4, 25,    17,    38, 0.5207, 0.6346
M5,26/07/23,11:29:00,     2,  1134,   416,  996.2, 300,23.5,26.7, 0.0,  0, 0.0000,     0,21.5,24.9,42.4, 25,    18,    39, 0.5217, 0.6205
M5,26/07/23,11:29:01,     2,  1135,   416,  996.2, 300,23.5,26.7, 0.0,  0, 0.0000,     0,21.5,24.9,42.4, 25,    18,    40, 0.5205, 0.6097
M5,26/07/23,11:29:02,     2,  1136,   416,  996.2, 300,23.5,26.7, 0.0,  0, 0.0000,     0,21.5,24.9,42.4, 25,    18,    41, 0.5195, 0.6031
M5,26/07/23,11:29:03,     2,  1137,   417,  996.2, 300,23.5,26.7, 0.0,  0, 0.0000,     0,21.5,24.9,42.4, 25,    19,    42, 0.5175, 0.5983
M5,26/07/23,11:29:04,     2,  1138,   417,  996.2, 300,23.6,26.7, 0.0,  0, 0.0000,     0,21.5,24.9,42.4, 25,    19,    43, 0.5170, 0.5924
M5,26/07/23,11:29:05,     2,  1139,   418,  996.2, 300,23.6,26.7, 0.0,  0, 0.0000,     0,21.5,24.9,42.4, 25,    20,    44, 0.5163, 0.5846
M5,26/07/23,11:29:06,     2,  1140,   418,  996.2, 300,23.6,26.7, 0.0,  0, 0.0000,     0,21.5,24.9,42.4, 25,    20,    45, 0.5145, 0.5817
M5,26/07/23,11:29:07,     2,  1141,   418,  996.3, 300,23.6,26.7, 0.0,  0, 0.0000,     0,21.5,24.9,42.4, 25,    20,    46, 0.5134, 0.5812
M5,26/07/23,11:29:08,     2,  1142,   419,  996.3, 300,23.6,26.7, 0.0,  0, 0.0000,     0,21.5,24.9,42.4, 25,    21,    47, 0.5119, 0.5776
M5,26/07/23,11:29:09,     2,  1143,   419,  996.3, 300,23.7,26.7, 0.0,  0, 0.0000,     0,21.5,24.9,42.4, 25,    21,    48, 0.5122, 0.5702
M5,26/07/23,11:29:10,     2,  1144,   420,  996.3, 300,23.7,26.7, 0.0,  0, 0.0000,     0,21.5,24.9,42.4, 25,    22,    49, 0.5131, 0.5596
M5,26/07/23,11:29:11,     2,  1145,   420,  996.3, 300,23.7,26.7, 0.0,  0, 0.0000,     0,21.5,24.9,42.4, 25,    22,    50, 0.5143, 0.5531
M5,26/07/23,11:29:12,     2,  1146,   420,  996.3, 300,23.7,26.7, 0.0,  0, 0.0000,     0,21.5,24.9,42.4, 25,    22,    51, 0.5129, 0.5529
M5,26/07/23,11:29:13,     2,  1147,   421,  996.3, 300,23.7,26.7, 0.0,  0, 0.0000,     0,21.5,24.9,42.4, 25,    23,    52, 0.5113, 0.5534
M5,26/07/23,11:29:14,     2,  1148,   421,  996.3, 300,23.8,26.7, 0.0,  0, 0.0000,     0,21.5,24.9,42.4, 25,    23,    53, 0.5113, 0.5505
M5,26/07/23,11:29:15,     2,  1149,   422,  996.3, 300,23.8,26.7, 0.0,  0, 0.0000,     0,21.5,24.9,42.4, 25,    24,    54, 0.5123, 0.5421
M5,26/07/23,11:29:16,     2,  1150,   423,  996.3, 300,23.8,26.7, 0.0,  0, 0.0000,     0,21.5,24.9,42.4, 25,    25,    55, 0.5140, 0.5324
M5,26/07/23,11:29:17,     2,  1151,   423,  996.3, 300,23.8,26.7, 0.0,  0, 0.0000,     0,21.5,24.9,42.4, 25,    25,    56, 0.5156, 0.5236
M5,26/07/23,11:29:19,     2,  1152,   423,  996.3, 300,23.8,26.7, 0.0,  0, 0.0000,     0,21.5,24.9,42.4, 25,    26,    57, 0.5166, 0.5198
M5,26/07/23,11:29:20,     2,  1153,   424,  996.3, 300,23.8,26.7, 0.0,  0, 0.0000,     0,21.5,24.9,42.4, 25,    26,    58, 0.5164, 0.5191
M5,26/07/23,11:29:21,     2,  1154,   424,  996.3, 300,23.9,26.7, 0.0,  0, 0.0000,     0,21.5,24.9,42.4, 25,    26,    59, 0.5163, 0.5198
M5,26/07/23,11:29:22,     2,  1155,   424,  996.3, 300,23.9,26.7, 0.0,  0, 0.0000,     0,21.5,24.9,42.4, 25,    27,    60, 0.5161, 0.5192
R5,26/07/23,11:29:22,     2,  1155,   424,  996.3, 300,23.9,26.7, 0.0,  0, 0.0000,     0,21.5,24.9,42.4, 25,    27,    60, 0.5161, 0.5192
End
Start
M5,26/07/23,11:33:19,     3,  1391,   408,  996.3, 300,22.5,26.5, 0.0,  0, 0.0000,     0,21.5,25.0,30.6, 20,     1,     1, 0.0000, 0.0000
M5,26/07/23,11:33:20,     3,  1392,   409,  996.3, 300,22.5,26.5, 0.0,  0, 0.0000,     0,21.5,25.0,30.6, 20,     2,     2, 0.0000, 0.0000
M5,26/07/23,11:33:21,     3,  1393,   410,  996.3, 300,22.5,26.5, 0.0,  0, 0.0000,     0,21.5,25.0,30.6, 20,     2,     3, 0.0000, 0.0000
M5,26/07/23,11:33:22,     3,  1394,   410,  996.3, 300,22.5,26.5, 0.0,  0, 0.0000,     0,21.5,25.0,30.5, 20,     3,     4, 0.0000, 0.0000
M5,26/07/23,11:33:23,     3,  1395,   410,  996.3, 300,22.5,26.5, 0.0,  0, 0.0000,     0,21.5,25.1,30.5, 20,     3,     5, 0.0000, 0.0000
M5,26/07/23,11:33:24,     3,  1396,   411,  996.3, 300,22.6,26.5, 0.0,  0, 0.0000,     0,21.5,25.1,30.5, 20,     4,     6, 0.0000, 0.0000
M5,26/07/23,11:33:25,     3,  1397,   411,  996.3, 300,22.6,26.5, 0.0,  0, 0.0000,     0,21.5,25.1,30.5, 20,     4,     7, 0.0000, 0.0000
M5,26/07/23,11:33:26,     3,  1398,   412,  996.3, 300,22.6,26.5, 0.0,  0, 0.0000,     0,21.5,25.1,30.5, 20,     4,     8, 0.0000, 0.0000
M5,26/07/23,11:33:27,     3,  1399,   412,  996.3, 300,22.6,26.5, 0.0,  0, 0.0000,     0,21.5,25.1,30.5, 20,     5,     9, 0.0000, 0.0000
M5,26/07/23,11:33:28,     3,  1400,   412,  996.3, 300,22.6,26.5, 0.0,  0, 0.0000,     0,21.5,25.2,30.5, 25,     5,    10, 0.0000, 0.0000
M5,26/07/23,11:33:29,     3,  1401,   413,  996.3, 300,22.7,26.5, 0.0,  0, 0.0000,     0,21.5,25.2,30.5, 25,     6,    11, 0.0000, 0.0000
M5,26/07/23,11:33:30,     3,  1402,   413,  996.3, 300,22.7,26.5, 0.0,  0, 0.0000,     0,21.5,25.2,30.5, 25,     6,    12, 0.0000, 0.0000
M5,26/07/23,11:33:31,     3,  1403,   414,  996.3, 300,22.8,26.5, 0.0,  0, 0.0000,     0,21.5,25.2,30.5, 25,     6,    13, 0.5341, 0.6751
M5,26/07/23,11:33:32,     3,  1404,   414,  996.3, 300,22.8,26.5, 0.0,  0, 0.0000,     0,21.5,25.2,30.5, 25,     7,    14, 0.5626, 0.5155
M5,26/07/23,11:33:33,     3,  1405,   415,  996.3, 300,22.9,26.5, 0.0,  0, 0.0000,     0,21.5,25.2,30.5, 25,     8,    15, 0.5823, 0.5191
M5,26/07/23,11:33:34,     3,  1406,   415,  996.3, 300,22.9,26.5, 0.0,  0, 0.0000,     0,21.5,25.3,30.5, 25,     8,    16, 0.6037, 0.4839
M5,26/07/23,11:33:35,     3,  1407,   416,  996.3, 300,23.0,26.5, 0.0,  0, 0.0000,     0,21.5,25.3,30.5, 25,     9,    17, 0.6155, 0.5129
M5,26/07/23,11:33:36,     3,  1408,   416,  996.3, 300,23.0,26.5, 0.0,  0, 0.0000,     0,21.5,25.3,30.5, 25,     9,    18, 0.6025, 0.5746
M5,26/07/23,11:33:37,     3,  1409,   417,  996.3, 300,23.0,26.5, 0.0,  0, 0.0000,     0,21.5,25.3,30.5, 25,     9,    19, 0.5838, 0.6262
M5,26/07/23,11:33:38,     3,  1410,   417,  996.3, 300,23.1,26.5, 0.0,  0, 0.0000,     0,21.5,25.3,30.5, 25,     9,    20, 0.5601, 0.6888
M5,26/07/23,11:33:39,     3,  1411,   417,  996.3, 300,23.1,26.5, 0.0,  0, 0.0000,     0,21.5,25.3,30.5, 25,    10,    21, 0.5369, 0.7112
M5,26/07/23,11:33:40,     3,  1412,   417,  996.3, 300,23.2,26.5, 0.0,  0, 0.0000,     0,21.5,25.3,30.5, 25,    10,    22, 0.5223, 0.7187
M5,26/07/23,11:33:41,     3,  1413,   418,  996.3, 300,23.2,26.5, 0.0,  0, 0.0000,     0,21.5,25.3,30.5, 25,    11,    23, 0.5115, 0.6947
M5,26/07/23,11:33:42,     3,  1414,   418,  996.3, 300,23.2,26.5, 0.0,  0, 0.0000,     0,21.5,25.4,30.5, 25,    11,    24, 0.5088, 0.6647
M5,26/07/23,11:33:43,     3,  1415,   419,  996.3, 300,23.2,26.5, 0.0,  0, 0.0000,     0,21.5,25.4,30.6, 25,    12,    25, 0.5105, 0.6179
M5,26/07/23,11:33:44,     3,  1416,   420,  996.3, 300,23.2,26.5, 0.0,  0, 0.0000,     0,21.5,25.4,30.6, 25,    12,    26, 0.5166, 0.5699
M5,26/07/23,11:33:45,     3,  1417,   420,  996.3, 300,23.3,26.5, 0.0,  0, 0.0000,     0,21.5,25.4,30.6, 25,    13,    27, 0.5210, 0.5504
M5,26/07/23,11:33:46,     3,  1418,   420,  996.3, 300,23.3,26.5, 0.0,  0, 0.0000,     0,21.5,25.4,30.6, 25,    13,    28, 0.5202, 0.5427
M5,26/07/23,11:33:47,     3,  1419,   421,  996.3, 300,23.4,26.5, 0.0,  0, 0.0000,     0,21.5,25.4,30.6, 25,    14,    29, 0.5252, 0.5270
M5,26/07/23,11:33:48,     3,  1420,   421,  996.3, 300,23.4,26.5, 0.0,  0, 0.0000,     0,21.5,25.4,30.6, 25,    14,    30, 0.5250, 0.5228
M5,26/07/23,11:33:49,     3,  1421,   422,  996.3, 300,23.5,26.5, 0.0,  0, 0.0000,     0,21.5,25.4,30.6, 25,    15,    31, 0.5297, 0.5121
M5,26/07/23,11:33:50,     3,  1422,   422,  996.3, 300,23.5,26.5, 0.0,  0, 0.0000,     0,21.5,25.4,30.6, 25,    15,    32, 0.5301, 0.5095
M5,26/07/23,11:33:51,     3,  1423,   423,  996.3, 300,23.5,26.5, 0.0,  0, 0.0000,     0,21.5,25.4,30.6, 25,    15,    33, 0.5289, 0.5128
M5,26/07/23,11:33:52,     3,  1424,   423,  996.3, 300,23.6,26.5, 0.0,  0, 0.0000,     0,21.5,25.4,30.6, 25,    16,    34, 0.5282, 0.5210
M5,26/07/23,11:33:53,     3,  1425,   423,  996.3, 300,23.6,26.5, 0.0,  0, 0.0000,     0,21.5,25.4,30.6, 25,    16,    35, 0.5252, 0.5290
M5,26/07/23,11:33:54,     3,  1426,   424,  996.3, 300,23.7,26.5, 0.0,  0, 0.0000,     0,21.5,25.4,30.6, 25,    17,    36, 0.5264, 0.5288
M5,26/07/23,11:33:55,     3,  1427,   425,  996.3, 300,23.7,26.5, 0.0,  0, 0.0000,     0,21.5,25.4,30.6, 25,    17,    37, 0.5277, 0.5206
M5,26/07/23,11:33:56,     3,  1428,   425,  996.3, 300,23.7,26.5, 0.0,  0, 0.0000,     0,21.5,25.4,30.6, 25,    18,    38, 0.5273, 0.5237
M5,26/07/23,11:33:57,     3,  1429,   425,  996.3, 300,23.7,26.5, 0.0,  0, 0.0000,     0,21.5,25.4,30.6, 25,    18,    39, 0.5241, 0.5321
M5,26/07/23,11:33:58,     3,  1430,   425,  996.3, 300,23.8,26.5, 0.0,  0, 0.0000,     0,21.5,25.4,30.6, 25,    18,    40, 0.5207, 0.5454
M5,26/07/23,11:33:59,     3,  1431,   426,  996.3, 300,23.8,26.5, 0.0,  0, 0.0000,     0,21.5,25.4,30.6, 25,    19,    41, 0.5183, 0.5482
M5,26/07/23,11:34:00,     3,  1432,   426,  996.3, 300,23.8,26.5, 0.0,  0, 0.0000,     0,21.5,25.4,30.6, 25,    19,    42, 0.5177, 0.5444
M5,26/07/23,11:34:01,     3,  1433,   427,  996.3, 300,23.8,26.5, 0.0,  0, 0.0000,     0,21.5,25.4,30.6, 25,    20,    43, 0.5181, 0.5406
M5,26/07/23,11:34:02,     3,  1434,   427,  996.3, 300,23.8,26.5, 0.0,  0, 0.0000,     0,21.5,25.4,30.6, 25,    20,    44, 0.5173, 0.5388
M5,26/07/23,11:34:03,     3,  1435,   428,  996.2, 300,23.9,26.5, 0.0,  0, 0.0000,     0,21.5,25.4,30.6, 25,    20,    45, 0.5177, 0.5369
M5,26/07/23,11:34:04,     3,  1436,   428,  996.2, 300,23.9,26.5, 0.0,  0, 0.0000,     0,21.5,25.5,30.6, 25,    21,    46, 0.5176, 0.5330
M5,26/07/23,11:34:05,     3,  1437,   429,  996.2, 300,23.9,26.5, 0.0,  0, 0.0000,     0,21.5,25.5,30.6, 25,    22,    47, 0.5192, 0.5267
M5,26/07/23,11:34:06,     3,  1438,   429,  996.2, 300,23.9,26.5, 0.0,  0, 0.0000,     0,21.5,25.5,30.6, 25,    22,    48, 0.5194, 0.5229
M5,26/07/23,11:34:07,     3,  1439,   430,  996.2, 300,23.9,26.5, 0.0,  0, 0.0000,     0,21.5,25.5,30.6, 25,    22,    49, 0.5199, 0.5190
M5,26/07/23,11:34:08,     3,  1440,   430,  996.2, 300,24.0,26.5, 0.0,  0, 0.0000,     0,21.5,25.5,30.6, 25,    23,    50, 0.5199, 0.5202
M5,26/07/23,11:34:09,     3,  1441,   431,  996.2, 300,24.0,26.5, 0.0,  0, 0.0000,     0,21.5,25.5,30.6, 25,    23,    51, 0.5201, 0.5174
M5,26/07/23,11:34:10,     3,  1442,   431,  996.2, 300,24.0,26.5, 0.0,  0, 0.0000,     0,21.5,25.5,30.5, 25,    24,    52, 0.5211, 0.5150
M5,26/07/23,11:34:11,     3,  1443,   432,  996.2, 300,24.0,26.5, 0.0,  0, 0.0000,     0,21.5,25.5,30.5, 25,    24,    53, 0.5222, 0.5098
M5,26/07/23,11:34:12,     3,  1444,   432,  996.2, 300,24.1,26.5, 0.0,  0, 0.0000,     0,21.5,25.5,30.5, 25,    25,    54, 0.5238, 0.5056
M5,26/07/23,11:34:13,     3,  1445,   432,  996.2, 300,24.1,26.5, 0.0,  0, 0.0000,     0,21.5,25.5,30.5, 25,    25,    55, 0.5238, 0.5052
M5,26/07/23,11:34:14,     3,  1446,   433,  996.2, 300,24.1,26.5, 0.0,  0, 0.0000,     0,21.5,25.5,30.5, 25,    25,    56, 0.5230, 0.5082
M5,26/07/23,11:34:15,     3,  1447,   433,  996.2, 300,24.1,26.5, 0.0,  0, 0.0000,     0,21.3,25.5,30.5, 25,    26,    57, 0.5233, 0.5087
M5,26/07/23,11:34:16,     3,  1448,   434,  996.2, 300,24.1,26.5, 0.0,  0, 0.0000,     0,21.3,25.5,30.5, 25,    27,    58, 0.5238, 0.5065
M5,26/07/23,11:34:17,     3,  1449,   434,  996.2, 300,24.2,26.5, 0.0,  0, 0.0000,     0,21.3,25.5,30.5, 25,    27,    59, 0.5248, 0.5046
M5,26/07/23,11:34:18,     3,  1450,   435,  996.2, 300,24.2,26.5, 0.0,  0, 0.0000,     0,21.3,25.5,30.5, 25,    27,    60, 0.5246, 0.5056
R5,26/07/23,11:34:18,     3,  1450,   435,  996.2, 300,24.2,26.5, 0.0,  0, 0.0000,     0,21.3,25.5,30.5, 25,    27,    60, 0.5246, 0.5056
End
Start
M5,26/07/23,11:35:02,     3,  1494,   406,  996.2, 300,22.7,26.5, 0.0,  0, 0.0000,     0,21.3,24.8,30.6, 20,     2,     1, 0.0000, 0.0000
M5,26/07/23,11:35:03,     3,  1495,   407,  996.2, 300,22.7,26.5, 0.0,  0, 0.0000,     0,21.3,24.8,30.6, 20,     3,     2, 0.0000, 0.0000
M5,26/07/23,11:35:04,     3,  1496,   408,  996.2, 300,22.7,26.5, 0.0,  0, 0.0000,     0,21.3,24.8,30.6, 20,     3,     3, 0.0000, 0.0000
M5,26/07/23,11:35:05,     3,  1497,   409,  996.2, 300,22.7,26.5, 0.0,  0, 0.0000,     0,21.3,24.8,30.6, 20,     4,     4, 0.0000, 0.0000
M5,26/07/23,11:35:06,     3,  1498,   409,  996.2, 300,22.7,26.5, 0.0,  0, 0.0000,     0,21.3,24.9,30.6, 20,     5,     5, 0.0000, 0.0000
M5,26/07/23,11:35:07,     3,  1499,   410,  996.2, 300,22.8,26.5, 0.0,  0, 0.0000,     0,21.3,24.9,30.6, 20,     6,     6, 0.0000, 0.0000
M5,26/07/23,11:35:08,     3,  1500,   410,  996.2, 300,22.8,26.5, 0.0,  0, 0.0000,     0,21.3,24.9,30.6, 20,     6,     7, 0.0000, 0.0000
M5,26/07/23,11:35:10,     3,  1501,   411,  996.2, 300,22.8,26.5, 0.0,  0, 0.0000,     0,21.3,24.9,30.6, 20,     6,     8, 0.0000, 0.0000
M5,26/07/23,11:35:11,     3,  1502,   411,  996.2, 300,22.8,26.5, 0.0,  0, 0.0000,     0,21.3,24.9,30.6, 20,     7,     9, 0.0000, 0.0000
M5,26/07/23,11:35:12,     3,  1503,   412,  996.2, 300,22.8,26.5, 0.0,  0, 0.0000,     0,21.3,25.0,30.6, 25,     7,    10, 0.0000, 0.0000
M5,26/07/23,11:35:13,     3,  1504,   412,  996.2, 300,22.9,26.5, 0.0,  0, 0.0000,     0,21.3,25.0,30.6, 25,     8,    11, 0.0000, 0.0000
M5,26/07/23,11:35:14,     3,  1505,   413,  996.2, 300,22.9,26.5, 0.0,  0, 0.0000,     0,21.3,25.0,30.6, 25,     8,    12, 0.0000, 0.0000
M5,26/07/23,11:35:15,     3,  1506,   413,  996.2, 300,23.0,26.5, 0.0,  0, 0.0000,     0,21.3,25.0,30.6, 25,     9,    13, 0.7165, 0.5752
M5,26/07/23,11:35:16,     3,  1507,   414,  996.2, 300,23.0,26.5, 0.0,  0, 0.0000,     0,21.3,25.0,30.6, 25,     9,    14, 0.6547, 0.7617
M5,26/07/23,11:35:17,     3,  1508,   414,  996.2, 300,23.0,26.5, 0.0,  0, 0.0000,     0,21.3,25.1,30.6, 25,    10,    15, 0.5995, 0.8119
M5,26/07/23,11:35:18,     3,  1509,   414,  996.2, 300,23.0,26.5, 0.0,  0, 0.0000,     0,21.3,25.1,30.6, 25,    10,    16, 0.5429, 0.8604
M5,26/07/23,11:35:19,     3,  1510,   414,  996.2, 300,23.0,26.5, 0.0,  0, 0.0000,     0,21.3,25.1,30.6, 25,    10,    17, 0.4868, 0.8594
M5,26/07/23,11:35:20,     3,  1511,   415,  996.2, 300,23.1,26.5, 0.0,  0, 0.0000,     0,21.3,25.1,30.6, 25,    10,    18, 0.4578, 0.8042
M5,26/07/23,11:35:21,     3,  1512,   415,  996.2, 300,23.1,26.5, 0.0,  0, 0.0000,     0,21.3,25.1,30.6, 25,    11,    19, 0.4467, 0.7085
M5,26/07/23,11:35:22,     3,  1513,   416,  996.2, 300,23.2,26.5, 0.0,  0, 0.0000,     0,21.3,25.1,30.6, 25,    11,    20, 0.4510, 0.6258
M5,26/07/23,11:35:23,     3,  1514,   416,  996.2, 300,23.2,26.5, 0.0,  0, 0.0000,     0,21.3,25.1,30.6, 25,    12,    21, 0.4550, 0.5562
M5,26/07/23,11:35:24,     3,  1515,   417,  996.2, 300,23.2,26.5, 0.0,  0, 0.0000,     0,21.3,25.1,30.6, 25,    12,    22, 0.4670, 0.4868
M5,26/07/23,11:35:25,     3,  1516,   417,  996.2, 300,23.3,26.5, 0.0,  0, 0.0000,     0,21.3,25.1,30.6, 25,    13,    23, 0.4802, 0.4473
M5,26/07/23,11:35:26,     3,  1517,   418,  996.2, 300,23.3,26.5, 0.0,  0, 0.0000,     0,21.3,25.1,30.6, 25,    14,    24, 0.4939, 0.4075
M5,26/07/23,11:35:27,     3,  1518,   418,  996.2, 300,23.4,26.5, 0.0,  0, 0.0000,     0,21.3,25.2,30.6, 25,    14,    25, 0.5076, 0.3912
M5,26/07/23,11:35:28,     3,  1519,   419,  996.2, 300,23.4,26.5, 0.0,  0, 0.0000,     0,21.3,25.2,30.6, 25,    14,    26, 0.5124, 0.3958
M5,26/07/23,11:35:29,     3,  1520,   419,  996.2, 300,23.5,26.5, 0.0,  0, 0.0000,     0,21.3,25.2,30.6, 25,    15,    27, 0.5129, 0.4240
M5,26/07/23,11:35:30,     3,  1521,   419,  996.2, 300,23.5,26.5, 0.0,  0, 0.0000,     0,21.3,25.2,30.6, 25,    15,    28, 0.5123, 0.4388
M5,26/07/23,11:35:31,     3,  1522,   420,  996.2, 300,23.5,26.5, 0.0,  0, 0.0000,     0,21.3,25.2,30.6, 25,    15,    29, 0.5143, 0.4485
M5,26/07/23,11:35:32,     3,  1523,   420,  996.2, 300,23.5,26.5, 0.0,  0, 0.0000,     0,21.3,25.2,30.6, 25,    16,    30, 0.5129, 0.4611
M5,26/07/23,11:35:33,     3,  1524,   420,  996.2, 300,23.5,26.5, 0.0,  0, 0.0000,     0,21.3,25.2,30.6, 25,    16,    31, 0.5102, 0.4751
M5,26/07/23,11:35:34,     3,  1525,   421,  996.2, 300,23.6,26.5, 0.0,  0, 0.0000,     0,21.3,25.2,30.6, 25,    16,    32, 0.5085, 0.4906
M5,26/07/23,11:35:35,     3,  1526,   421,  996.2, 300,23.6,26.5, 0.0,  0, 0.0000,     0,21.3,25.2,30.6, 25,    17,    33, 0.5065, 0.4970
M5,26/07/23,11:35:36,     3,  1527,   422,  996.2, 300,23.7,26.5, 0.0,  0, 0.0000,     0,21.3,25.2,30.6, 25,    17,    34, 0.5054, 0.5064
M5,26/07/23,11:35:37,     3,  1528,   422,  996.2, 300,23.7,26.5, 0.0,  0, 0.0000,     0,21.3,25.2,30.6, 25,    18,    35, 0.5021, 0.5143
M5,26/07/23,11:35:38,     3,  1529,   423,  996.2, 300,23.7,26.5, 0.0,  0, 0.0000,     0,21.3,25.3,30.6, 25,    18,    36, 0.5028, 0.5127
M5,26/07/23,11:35:39,     3,  1530,   423,  996.2, 300,23.7,26.5, 0.0,  0, 0.0000,     0,21.3,25.3,30.6, 25,    19,    37, 0.5029, 0.5082
M5,26/07/23,11:35:40,     3,  1531,   424,  996.2, 300,23.7,26.5, 0.0,  0, 0.0000,     0,21.3,25.3,30.6, 25,    19,    38, 0.5035, 0.5030
M5,26/07/23,11:35:41,     3,  1532,   424,  996.2, 300,23.8,26.5, 0.0,  0, 0.0000,     0,21.3,25.3,30.6, 25,    20,    39, 0.5054, 0.4981
M5,26/07/23,11:35:42,     3,  1533,   424,  996.2, 300,23.8,26.5, 0.0,  0, 0.0000,     0,21.3,25.3,30.6, 25,    20,    40, 0.5054, 0.4964
M5,26/07/23,11:35:43,     3,  1534,   425,  996.2, 300,23.9,26.5, 0.0,  0, 0.0000,     0,21.3,25.3,30.6, 25,    20,    41, 0.5062, 0.4990
M5,26/07/23,11:35:44,     3,  1535,   425,  996.2, 300,23.9,26.5, 0.0,  0, 0.0000,     0,21.3,25.3,30.6, 25,    21,    42, 0.5050, 0.5018
M5,26/07/23,11:35:45,     3,  1536,   426,  996.2, 300,23.9,26.5, 0.0,  0, 0.0000,     0,21.3,25.3,30.6, 25,    21,    43, 0.5056, 0.4993
M5,26/07/23,11:35:46,     3,  1537,   426,  996.2, 300,23.9,26.5, 0.0,  0, 0.0000,     0,21.3,25.3,30.6, 25,    22,    44, 0.5062, 0.4959
M5,26/07/23,11:35:47,     3,  1538,   427,  996.2, 300,23.9,26.5, 0.0,  0, 0.0000,     0,21.3,25.3,30.6, 25,    22,    45, 0.5070, 0.4922
M5,26/07/23,11:35:48,     3,  1539,   427,  996.2, 300,24.0,26.5, 0.0,  0, 0.0000,     0,21.3,25.3,30.6, 25,    23,    46, 0.5094, 0.4862
M5,26/07/23,11:35:49,     3,  1540,   428,  996.2, 300,24.0,26.5, 0.0,  0, 0.0000,     0,21.3,25.4,30.6, 25,    23,    47, 0.5106, 0.4823
M5,26/07/23,11:35:50,     3,  1541,   428,  996.2, 300,24.0,26.5, 0.0,  0, 0.0000,     0,21.3,25.4,30.6, 25,    24,    48, 0.5111, 0.4846
M5,26/07/23,11:35:51,     3,  1542,   428,  996.2, 300,24.0,26.5, 0.0,  0, 0.0000,     0,21.3,25.4,30.6, 25,    24,    49, 0.5104, 0.4877
M5,26/07/23,11:35:52,     3,  1543,   429,  996.2, 300,24.1,26.5, 0.0,  0, 0.0000,     0,21.3,25.4,30.6, 25,    24,    50, 0.5101, 0.4923
M5,26/07/23,11:35:53,     3,  1544,   429,  996.2, 300,24.1,26.5, 0.0,  0, 0.0000,     0,21.3,25.4,30.6, 25,    25,    51, 0.5088, 0.4970
M5,26/07/23,11:35:54,     3,  1545,   429,  996.2, 300,24.1,26.5, 0.0,  0, 0.0000,     0,21.3,25.4,30.6, 25,    25,    52, 0.5085, 0.5003
M5,26/07/23,11:35:55,     3,  1546,   430,  996.2, 300,24.1,26.5, 0.0,  0, 0.0000,     0,21.3,25.4,30.6, 25,    26,    53, 0.5085, 0.4995
M5,26/07/23,11:35:56,     3,  1547,   431,  996.2, 300,24.1,26.5, 0.0,  0, 0.0000,     0,21.3,25.4,30.6, 25,    26,    54, 0.5092, 0.4960
M5,26/07/23,11:35:57,     3,  1548,   431,  996.2, 300,24.2,26.5, 0.0,  0, 0.0000,     0,21.3,25.4,30.6, 25,    27,    55, 0.5101, 0.4951
M5,26/07/23,11:35:58,     3,  1549,   432,  996.2, 300,24.2,26.5, 0.0,  0, 0.0000,     0,21.3,25.4,30.6, 25,    27,    56, 0.5105, 0.4933
M5,26/07/23,11:35:59,     3,  1550,   432,  996.2, 300,24.2,26.5, 0.0,  0, 0.0000,     0,21.3,25.4,30.6, 25,    28,    57, 0.5114, 0.4916
M5,26/07/23,11:36:00,     3,  1551,   433,  996.2, 300,24.2,26.5, 0.0,  0, 0.0000,     0,21.3,25.4,30.6, 25,    28,    58, 0.5121, 0.4894
M5,26/07/23,11:36:01,     3,  1552,   433,  996.2, 300,24.2,26.5, 0.0,  0, 0.0000,     0,21.3,25.4,30.6, 25,    29,    59, 0.5135, 0.4858
M5,26/07/23,11:36:02,     3,  1553,   434,  996.2, 300,24.2,26.5, 0.0,  0, 0.0000,     0,21.3,25.4,30.6, 25,    29,    60, 0.5147, 0.4823
R5,26/07/23,11:36:02,     3,  1553,   434,  996.2, 300,24.2,26.5, 0.0,  0, 0.0000,     0,21.3,25.4,30.6, 25,    29,    60, 0.5147, 0.4823
End
Zero
Start
M5,26/07/23,11:36:47,     3,  1598,   398,  996.2, 300,22.8,26.5, 0.0,  0, 0.0000,     0,21.3,24.8,30.6, 20,     1,     1, 0.0000, 0.0000
M5,26/07/23,11:36:48,     3,  1599,   399,  996.2, 300,22.8,26.5, 0.0,  0, 0.0000,     0,21.3,24.8,30.6, 20,     2,     2, 0.0000, 0.0000
M5,26/07/23,11:36:49,     3,  1600,   401,  996.2, 300,22.8,26.5, 0.0,  0, 0.0000,     0,21.3,24.8,30.6, 20,     4,     3, 0.0000, 0.0000
M5,26/07/23,11:36:50,     3,  1601,   401,  996.2, 300,22.8,26.5, 0.0,  0, 0.0000,     0,21.3,24.9,30.6, 20,     4,     4, 0.0000, 0.0000
M5,26/07/23,11:36:51,     3,  1602,   402,  996.2, 300,22.8,26.5, 0.0,  0, 0.0000,     0,21.3,24.9,30.6, 20,     5,     5, 0.0000, 0.0000
M5,26/07/23,11:36:52,     3,  1603,   402,  996.2, 300,22.9,26.5, 0.0,  0, 0.0000,     0,21.3,24.9,30.6, 20,     5,     6, 0.0000, 0.0000
M5,26/07/23,11:36:53,     3,  1604,   403,  996.2, 300,22.9,26.5, 0.0,  0, 0.0000,     0,21.3,24.9,30.6, 20,     6,     7, 0.0000, 0.0000
M5,26/07/23,11:36:54,     3,  1605,   404,  996.2, 300,22.9,26.5, 0.0,  0, 0.0000,     0,21.3,24.9,30.6, 20,     7,     8, 0.0000, 0.0000
M5,26/07/23,11:36:55,     3,  1606,   404,  996.2, 300,22.9,26.5, 0.0,  0, 0.0000,     0,21.3,24.9,30.6, 20,     7,     9, 0.0000, 0.0000
M5,26/07/23,11:36:56,     3,  1607,   405,  996.2, 300,22.9,26.5, 0.0,  0, 0.0000,     0,21.3,25.0,30.6, 25,     8,    10, 0.0000, 0.0000
M5,26/07/23,11:36:57,     3,  1608,   405,  996.2, 300,23.0,26.5, 0.0,  0, 0.0000,     0,21.3,25.0,30.6, 25,     9,    11, 0.0000, 0.0000
M5,26/07/23,11:36:58,     3,  1609,   406,  996.2, 300,23.0,26.5, 0.0,  0, 0.0000,     0,21.3,25.0,30.6, 25,     9,    12, 0.0000, 0.0000
M5,26/07/23,11:36:59,     3,  1610,   407,  996.2, 300,23.1,26.5, 0.0,  0, 0.0000,     0,21.3,25.0,30.6, 25,    10,    13, 0.7709, 1.0504
M5,26/07/23,11:37:00,     3,  1611,   407,  996.2, 300,23.1,26.5, 0.0,  0, 0.0000,     0,21.3,25.0,30.6, 25,    10,    14, 0.7092, 0.9753
M5,26/07/23,11:37:01,     3,  1612,   407,  996.2, 300,23.1,26.5, 0.0,  0, 0.0000,     0,21.3,25.0,30.6, 25,    11,    15, 0.6514, 0.9675
M5,26/07/23,11:37:02,     3,  1613,   408,  996.2, 300,23.1,26.5, 0.0,  0, 0.0000,     0,21.3,25.1,30.6, 25,    11,    16, 0.6185, 0.8850
M5,26/07/23,11:37:03,     3,  1614,   408,  996.2, 300,23.2,26.5, 0.0,  0, 0.0000,     0,21.3,25.1,30.6, 25,    11,    17, 0.6072, 0.8170
M5,26/07/23,11:37:04,     3,  1615,   409,  996.2, 300,23.2,26.5, 0.0,  0, 0.0000,     0,21.3,25.1,30.6, 25,    12,    18, 0.5948, 0.7606
M5,26/07/23,11:37:05,     3,  1616,   409,  996.2, 300,23.2,26.5, 0.0,  0, 0.0000,     0,21.3,25.1,30.6, 25,    12,    19, 0.5870, 0.7170
M5,26/07/23,11:37:06,     3,  1617,   410,  996.2, 300,23.3,26.5, 0.0,  0, 0.0000,     0,21.3,25.1,30.6, 25,    13,    20, 0.5944, 0.6637
M5,26/07/23,11:37:07,     3,  1618,   411,  996.2, 300,23.3,26.5, 0.0,  0, 0.0000,     0,21.3,25.1,30.6, 25,    14,    21, 0.6023, 0.6134
M5,26/07/23,11:37:08,     3,  1619,   411,  996.2, 300,23.4,26.5, 0.0,  0, 0.0000,     0,21.3,25.1,30.6, 25,    14,    22, 0.6083, 0.5960
M5,26/07/23,11:37:09,     3,  1620,   411,  996.2, 300,23.4,26.5, 0.0,  0, 0.0000,     0,21.3,25.1,30.6, 25,    14,    23, 0.5998, 0.6196
M5,26/07/23,11:37:10,     3,  1621,   412,  996.2, 300,23.5,26.5, 0.0,  0, 0.0000,     0,21.3,25.2,30.6, 25,    15,    24, 0.5918, 0.6471
M5,26/07/23,11:37:11,     3,  1622,   412,  996.2, 300,23.5,26.5, 0.0,  0, 0.0000,     0,21.3,25.2,30.6, 25,    15,    25, 0.5878, 0.6417
M5,26/07/23,11:37:12,     3,  1623,   413,  996.2, 300,23.5,26.5, 0.0,  0, 0.0000,     0,21.3,25.2,30.6, 25,    16,    26, 0.5811, 0.6471
M5,26/07/23,11:37:13,     3,  1624,   413,  996.2, 300,23.5,26.5, 0.0,  0, 0.0000,     0,21.3,25.2,30.6, 25,    16,    27, 0.5781, 0.6478
M5,26/07/23,11:37:14,     3,  1625,   414,  996.2, 300,23.5,26.5, 0.0,  0, 0.0000,     0,21.3,25.2,30.6, 25,    17,    28, 0.5743, 0.6425
M5,26/07/23,11:37:15,     3,  1626,   414,  996.2, 300,23.6,26.5, 0.0,  0, 0.0000,     0,21.3,25.2,30.6, 25,    17,    29, 0.5764, 0.6289
M5,26/07/23,11:37:16,     3,  1627,   415,  996.2, 300,23.6,26.5, 0.0,  0, 0.0000,     0,21.3,25.2,30.6, 25,    18,    30, 0.5785, 0.6084
M5,26/07/23,11:37:17,     3,  1628,   415,  996.2, 300,23.7,26.5, 0.0,  0, 0.0000,     0,21.3,25.3,30.6, 25,    19,    31, 0.5814, 0.5960
M5,26/07/23,11:37:18,     3,  1629,   416,  996.2, 300,23.7,26.5, 0.0,  0, 0.0000,     0,21.3,25.3,30.6, 25,    19,    32, 0.5845, 0.5798
M5,26/07/23,11:37:19,     3,  1630,   417,  996.2, 300,23.7,26.5, 0.0,  0, 0.0000,     0,21.3,25.3,30.6, 25,    20,    33, 0.5904, 0.5569
M5,26/07/23,11:37:20,     3,  1631,   417,  996.2, 300,23.7,26.5, 0.0,  0, 0.0000,     0,21.3,25.3,30.6, 25,    20,    34, 0.5962, 0.5449
M5,26/07/23,11:37:21,     3,  1632,   418,  996.2, 300,23.7,26.5, 0.0,  0, 0.0000,     0,21.3,25.3,30.6, 25,    21,    35, 0.5962, 0.5492
M5,26/07/23,11:37:22,     3,  1633,   418,  996.2, 300,23.8,26.5, 0.0,  0, 0.0000,     0,21.3,25.3,30.6, 25,    21,    36, 0.5944, 0.5654
M5,26/07/23,11:37:23,     3,  1634,   418,  996.2, 300,23.8,26.5, 0.0,  0, 0.0000,     0,21.3,25.3,30.6, 25,    21,    37, 0.5916, 0.5762
M5,26/07/23,11:37:24,     3,  1635,   419,  996.2, 300,23.9,26.5, 0.0,  0, 0.0000,     0,21.3,25.3,30.6, 25,    22,    38, 0.5902, 0.5849
M5,26/07/23,11:37:25,     3,  1636,   419,  996.2, 300,23.9,26.5, 0.0,  0, 0.0000,     0,21.3,25.3,30.6, 25,    22,    39, 0.5881, 0.5903
M5,26/07/23,11:37:26,     3,  1637,   420,  996.2, 300,23.9,26.5, 0.0,  0, 0.0000,     0,21.3,25.3,30.6, 25,    23,    40, 0.5864, 0.5993
M5,26/07/23,11:37:27,     3,  1638,   420,  996.2, 300,23.9,26.5, 0.0,  0, 0.0000,     0,21.3,25.3,30.6, 25,    23,    41, 0.5817, 0.6120
M5,26/07/23,11:37:28,     3,  1639,   420,  996.2, 300,23.9,26.5, 0.0,  0, 0.0000,     0,21.3,25.3,30.6, 25,    23,    42, 0.5757, 0.6274
M5,26/07/23,11:37:29,     3,  1640,   420,  996.2, 300,24.0,26.4, 0.0,  0, 0.0000,     0,21.3,25.3,30.6, 25,    23,    43, 0.5695, 0.6442
M5,26/07/23,11:37:30,     3,  1641,   420,  996.2, 300,24.0,26.4, 0.0,  0, 0.0000,     0,21.3,25.3,30.6, 25,    23,    44, 0.5629, 0.6575
M5,26/07/23,11:37:31,     3,  1642,   421,  996.2, 300,24.1,26.5, 0.0,  0, 0.0000,     0,21.3,25.3,30.6, 25,    24,    45, 0.5568, 0.6727
M5,26/07/23,11:37:32,     3,  1643,   421,  996.2, 300,24.1,26.5, 0.0,  0, 0.0000,     0,21.3,25.3,30.6, 25,    24,    46, 0.5507, 0.6807
M5,26/07/23,11:37:33,     3,  1644,   422,  996.2, 300,24.1,26.4, 0.0,  0, 0.0000,     0,21.3,25.3,30.6, 25,    25,    47, 0.5459, 0.6845
M5,26/07/23,11:37:34,     3,  1645,   422,  996.2, 300,24.1,26.4, 0.0,  0, 0.0000,     0,21.3,25.3,30.6, 25,    25,    48, 0.5417, 0.6845
M5,26/07/23,11:37:35,     3,  1646,   422,  996.2, 300,24.1,26.4, 0.0,  0, 0.0000,     0,21.3,25.3,30.6, 25,    26,    49, 0.5382, 0.6819
M5,26/07/23,11:37:36,     3,  1647,   423,  996.2, 300,24.1,26.4, 0.0,  0, 0.0000,     0,21.3,25.3,30.6, 25,    26,    50, 0.5358, 0.6780
M5,26/07/23,11:37:37,     3,  1648,   423,  996.2, 300,24.1,26.4, 0.0,  0, 0.0000,     0,21.3,25.3,30.6, 25,    26,    51, 0.5327, 0.6744
M5,26/07/23,11:37:38,     3,  1649,   424,  996.2, 300,24.2,26.5, 0.0,  0, 0.0000,     0,21.3,25.3,30.6, 25,    27,    52, 0.5310, 0.6701
M5,26/07/23,11:37:39,     3,  1650,   424,  996.2, 300,24.2,26.5, 0.0,  0, 0.0000,     0,21.3,25.3,30.6, 25,    27,    53, 0.5289, 0.6640
M5,26/07/23,11:37:40,     3,  1651,   425,  996.2, 300,24.2,26.4, 0.0,  0, 0.0000,     0,21.3,25.3,30.6, 25,    28,    54, 0.5276, 0.6574
M5,26/07/23,11:37:41,     3,  1652,   425,  996.2, 300,24.2,26.4, 0.0,  0, 0.0000,     0,21.3,25.3,30.6, 25,    29,    55, 0.5268, 0.6480
M5,26/07/23,11:37:42,     3,  1653,   426,  996.2, 300,24.2,26.4, 0.0,  0, 0.0000,     0,21.3,25.4,30.6, 25,    29,    56, 0.5261, 0.6388
M5,26/07/23,11:37:43,     3,  1654,   426,  996.2, 300,24.3,26.4, 0.0,  0, 0.0000,     0,21.3,25.4,30.6, 25,    29,    57, 0.5262, 0.6303
M5,26/07/23,11:37:44,     3,  1655,   427,  996.2, 300,24.3,26.4, 0.0,  0, 0.0000,     0,21.3,25.4,30.6, 25,    30,    58, 0.5264, 0.6199
M5,26/07/23,11:37:45,     3,  1656,   428,  996.2, 300,24.3,26.4, 0.0,  0, 0.0000,     0,21.3,25.4,30.6, 25,    31,    59, 0.5272, 0.6107
M5,26/07/23,11:37:46,     3,  1657,   428,  996.2, 300,24.3,26.4, 0.0,  0, 0.0000,     0,21.3,25.4,30.6, 25,    31,    60, 0.5280, 0.6001
R5,26/07/23,11:37:46,     3,  1657,   428,  996.2, 300,24.3,26.4, 0.0,  0, 0.0000,     0,21.3,25.4,30.6, 25,    31,    60, 0.5280, 0.6001
End
