Tag(M3),Date,Time,Plot_No,Rec_No,CO2,Pressure,Flow,H2O,Tsen,O2,Error,Aux_V,PAR,Tsoil,Tair,Msoil
Start
M5,01/07/23,17:44:55,     7,  6127,   429, 1009.1, 300,21.0,27.7, 0.0,  0, 0.0000,     0,24.7,26.7, 8.8, 20,     0,     1, 0.0000, 0.0000
M5,01/07/23,17:44:56,     7,  6128,   430, 1009.1, 300,21.0,27.7, 0.0,  0, 0.0000,     0,24.7,26.7, 8.8, 20,     1,     2, 0.0000, 0.0000
M5,01/07/23,17:44:57,     7,  6129,   431, 1009.1, 300,21.0,27.7, 0.0,  0, 0.0000,     0,24.7,26.7, 8.8, 20,     2,     3, 0.0000, 0.0000
M5,01/07/23,17:44:58,     7,  6130,   432, 1009.0, 300,21.0,27.7, 0.0,  0, 0.0000,     0,24.7,26.7, 8.8, 20,     3,     4, 0.0000, 0.0000
M5,01/07/23,17:44:59,     7,  6131,   433, 1009.0, 300,21.0,27.7, 0.0,  0, 0.0000,     0,24.7,26.7, 8.8, 20,     4,     5, 0.0000, 0.0000
M5,01/07/23,17:45:00,     7,  6132,   434, 1009.0, 300,21.0,27.7, 0.0,  0, 0.0000,     0,24.7,26.7, 8.8, 20,     5,     6, 0.0000, 0.0000
M5,01/07/23,17:45:01,     7,  6133,   435, 1009.0, 300,21.0,27.7, 0.0,  0, 0.0000,     0,24.7,26.8, 8.8, 20,     6,     7, 0.0000, 0.0000
M5,01/07/23,17:45:02,     7,  6134,   435, 1009.0, 300,21.0,27.7, 0.0,  0, 0.0000,     0,24.9,26.8, 8.4, 20,     7,     8, 0.0000, 0.0000
M5,01/07/23,17:45:03,     7,  6135,   436, 1009.0, 300,21.0,27.7, 0.0,  0, 0.0000,     0,24.9,26.8, 8.4, 20,     7,     9, 0.0000, 0.0000
M5,01/07/23,17:45:04,     7,  6136,   437, 1009.0, 300,21.0,27.7, 0.0,  0, 0.0000,     0,24.9,26.8, 8.4, 25,     9,    10, 0.0000, 0.0000
M5,01/07/23,17:45:05,     7,  6137,   439, 1009.0, 300,21.0,27.7, 0.0,  0, 0.0000,     0,24.9,26.8, 8.4, 25,    10,    11, 0.0000, 0.0000
M5,01/07/23,17:45:06,     7,  6138,   439, 1009.0, 300,21.0,27.7, 0.0,  0, 0.0000,     0,24.9,26.8, 8.4, 25,    11,    12, 0.0000, 0.0000
M5,01/07/23,17:45:07,     7,  6139,   440, 1009.0, 300,21.0,27.7, 0.0,  0, 0.0000,     0,24.9,26.8, 8.4, 25,    11,    13, 1.2232, 1.5494
M5,01/07/23,17:45:08,     7,  6140,   441, 1009.0, 300,21.0,27.7, 0.0,  0, 0.0000,     0,24.7,26.9, 8.4, 25,    12,    14, 1.1784, 1.4271
M5,01/07/23,17:45:09,     7,  6141,   442, 1009.0, 300,21.0,27.7, 0.0,  0, 0.0000,     0,24.7,26.9, 8.4, 25,    13,    15, 1.1517, 1.3447
M5,01/07/23,17:45:10,     7,  6142,   443, 1009.0, 300,21.0,27.7, 0.0,  0, 0.0000,     0,24.7,26.9, 8.4, 25,    14,    16, 1.1611, 1.2316
M5,01/07/23,17:45:11,     7,  6143,   444, 1009.0, 300,21.0,27.7, 0.0,  0, 0.0000,     0,24.7,26.9, 8.4, 25,    15,    17, 1.1765, 1.1596
M5,01/07/23,17:45:12,     7,  6144,   445, 1009.0, 300,21.0,27.7, 0.0,  0, 0.0000,     0,24.7,26.9, 8.4, 25,    16,    18, 1.1933, 1.1216
M5,01/07/23,17:45:13,     7,  6145,   446, 1009.0, 300,21.0,27.7, 0.0,  0, 0.0000,     0,24.9,26.9, 8.8, 25,    17,    19, 1.2083, 1.1047
M5,01/07/23,17:45:14,     7,  6146,   447, 1009.0, 300,21.0,27.7, 0.0,  0, 0.0000,     0,24.9,26.9, 8.8, 25,    18,    20, 1.2312, 1.0720
M5,01/07/23,17:45:15,     7,  6147,   448, 1009.0, 300,21.0,27.7, 0.0,  0, 0.0000,     0,24.9,26.9, 8.8, 25,    19,    21, 1.2477, 1.0703
M5,01/07/23,17:45:16,     7,  6148,   449, 1009.0, 300,21.0,27.7, 0.0,  0, 0.0000,     0,24.9,26.9, 8.8, 25,    20,    22, 1.2605, 1.0826
M5,01/07/23,17:45:17,     7,  6149,   450, 1009.0, 300,21.0,27.7, 0.0,  0, 0.0000,     0,24.9,26.9, 8.8, 25,    21,    23, 1.2697, 1.0995
M5,01/07/23,17:45:18,     7,  6150,   451, 1009.0, 300,21.0,27.7, 0.0,  0, 0.0000,     0,24.9,26.9, 8.8, 25,    22,    24, 1.2706, 1.1354
M5,01/07/23,17:45:19,     7,  6151,   452, 1009.0, 300,21.0,27.7, 0.0,  0, 0.0000,     0,24.9,26.9, 8.8, 25,    23,    25, 1.2725, 1.1597
M5,01/07/23,17:45:20,     7,  6152,   453, 1009.0, 300,21.0,27.7, 0.0,  0, 0.0000,     0,24.9,26.9, 8.8, 25,    24,    26, 1.2752, 1.1770
M5,01/07/23,17:45:21,     7,  6153,   454, 1009.0, 300,21.0,27.7, 0.0,  0, 0.0000,     0,24.9,27.0, 8.8, 25,    25,    27, 1.2738, 1.2015
M5,01/07/23,17:45:22,     7,  6154,   455, 1009.0, 300,21.0,27.7, 0.0,  0, 0.0000,     0,24.9,27.0, 8.8, 25,    26,    28, 1.2734, 1.2163
M5,01/07/23,17:45:23,     7,  6155,   456, 1009.0, 300,21.0,27.7, 0.0,  0, 0.0000,     0,24.9,27.0, 8.8, 25,    27,    29, 1.2700, 1.2348
M5,01/07/23,17:45:24,     7,  6156,   457, 1009.0, 300,21.0,27.7, 0.0,  0, 0.0000,     0,24.7,27.0, 8.8, 25,    28,    30, 1.2687, 1.2452
M5,01/07/23,17:45:26,     7,  6157,   457, 1009.0, 300,21.0,27.7, 0.0,  0, 0.0000,     0,24.7,27.0, 8.8, 25,    29,    31, 1.2662, 1.2593
M5,01/07/23,17:45:27,     7,  6158,   458, 1009.0, 300,21.0,27.7, 0.0,  0, 0.0000,     0,24.7,27.0, 8.8, 25,    29,    32, 1.2622, 1.2740
M5,01/07/23,17:45:28,     7,  6159,   459, 1009.0, 300,21.0,27.7, 0.0,  0, 0.0000,     0,24.7,27.0, 8.8, 25,    30,    33, 1.2594, 1.2801
M5,01/07/23,17:45:29,     7,  6160,   460, 1009.0, 300,21.0,27.7, 0.0,  0, 0.0000,     0,24.7,27.0, 8.8, 25,    32,    34, 1.2603, 1.2740
M5,01/07/23,17:45:30,     7,  6161,   462, 1009.0, 300,21.0,27.7, 0.0,  0, 0.0000,     0,24.9,27.0, 8.4, 25,    33,    35, 1.2634, 1.2610
M5,01/07/23,17:45:31,     7,  6162,   463, 1009.1, 300,21.0,27.7, 0.0,  0, 0.0000,     0,24.9,27.0, 8.4, 25,    34,    36, 1.2681, 1.2451
M5,01/07/23,17:45:32,     7,  6163,   464, 1009.1, 300,21.0,27.7, 0.0,  0, 0.0000,     0,24.9,27.0, 8.4, 25,    35,    37, 1.2740, 1.2277
M5,01/07/23,17:45:33,     7,  6164,   465, 1009.1, 300,20.9,27.7, 0.0,  0, 0.0000,     0,24.9,27.0, 8.4, 25,    36,    38, 1.2801, 1.2097
M5,01/07/23,17:45:34,     7,  6165,   466, 1009.1, 300,20.9,27.7, 0.0,  0, 0.0000,     0,24.9,27.0, 8.4, 25,    37,    39, 1.2858, 1.1983
M5,01/07/23,17:45:35,     7,  6166,   467, 1009.0, 300,20.9,27.7, 0.0,  0, 0.0000,     0,24.9,27.0, 8.8, 25,    38,    40, 1.2912, 1.1913
M5,01/07/23,17:45:36,     7,  6167,   468, 1009.0, 300,20.9,27.7, 0.0,  0, 0.0000,     0,24.9,27.0, 8.8, 25,    39,    41, 1.2956, 1.1873
M5,01/07/23,17:45:37,     7,  6168,   469, 1009.0, 300,20.9,27.7, 0.0,  0, 0.0000,     0,24.9,27.0, 8.8, 25,    40,    42, 1.2992, 1.1857
M5,01/07/23,17:45:38,     7,  6169,   470, 1009.0, 300,20.9,27.7, 0.0,  0, 0.0000,     0,24.9,27.0, 8.8, 25,    41,    43, 1.3038, 1.1820
M5,01/07/23,17:45:39,     7,  6170,   472, 1009.0, 300,20.9,27.7, 0.0,  0, 0.0000,     0,24.9,27.0, 8.8, 25,    43,    44, 1.3088, 1.1772
M5,01/07/23,17:45:40,     7,  6171,   473, 1009.0, 300,20.9,27.7, 0.0,  0, 0.0000,     0,24.9,27.0, 8.8, 25,    44,    45, 1.3135, 1.1756
M5,01/07/23,17:45:41,     7,  6172,   473, 1009.0, 300,20.9,27.7, 0.0,  0, 0.0000,     0,24.9,27.0, 8.6, 25,    45,    46, 1.3163, 1.1795
M5,01/07/23,17:45:42,     7,  6173,   474, 1009.0, 300,20.9,27.7, 0.0,  0, 0.0000,     0,24.9,27.0, 8.6, 25,    45,    47, 1.3177, 1.1870
M5,01/07/23,17:45:43,     7,  6174,   475, 1009.0, 300,20.9,27.7, 0.0,  0, 0.0000,     0,24.9,27.0, 8.6, 25,    46,    48, 1.3193, 1.1942
M5,01/07/23,17:45:44,     7,  6175,   476, 1009.0, 300,20.9,27.7, 0.0,  0, 0.0000,     0,24.9,27.0, 8.6, 25,    47,    49, 1.3189, 1.2069
M5,01/07/23,17:45:45,     7,  6176,   477, 1009.0, 300,20.9,27.7, 0.0,  0, 0.0000,     0,24.9,27.0, 8.6, 25,    48,    50, 1.3188, 1.2177
M5,01/07/23,17:45:46,     7,  6177,   478, 1009.0, 300,20.9,27.7, 0.0,  0, 0.0000,     0,24.9,27.0, 8.6, 25,    49,    51, 1.3181, 1.2297
M5,01/07/23,17:45:47,     7,  6178,   479, 1009.0, 300,20.9,27.7, 0.0,  0, 0.0000,     0,24.9,27.0, 8.6, 25,    50,    52, 1.3177, 1.2399
M5,01/07/23,17:45:48,     7,  6179,   480, 1009.0, 300,20.9,27.7, 0.0,  0, 0.0000,     0,24.9,27.0, 8.6, 25,    51,    53, 1.3173, 1.2482
R5,01/07/23,17:45:48,     7,  6179,   480, 1009.0, 300,20.9,27.7, 0.0,  0, 0.0000,     0,24.9,27.0, 8.6, 25,    51,    53, 1.3173, 1.2482
End
Start
M5,01/07/23,17:46:33,     7,  6224,   445, 1009.0, 300,20.8,27.7, 0.0,  0, 0.0000,     0,24.9,26.5, 8.5, 20,    -1,     1, 0.0000, 0.0000
M5,01/07/23,17:46:34,     7,  6225,   445, 1009.0, 300,20.8,27.7, 0.0,  0, 0.0000,     0,24.9,26.5, 8.7, 20,    -0,     2, 0.0000, 0.0000
M5,01/07/23,17:46:35,     7,  6226,   446, 1009.0, 300,20.8,27.7, 0.0,  0, 0.0000,     0,24.9,26.5, 8.7, 20,     0,     3, 0.0000, 0.0000
M5,01/07/23,17:46:36,     7,  6227,   447, 1009.0, 300,20.8,27.7, 0.0,  0, 0.0000,     0,24.9,26.6, 8.7, 20,     1,     4, 0.0000, 0.0000
M5,01/07/23,17:46:37,     7,  6228,   447, 1009.0, 300,20.8,27.7, 0.0,  0, 0.0000,     0,24.9,26.6, 8.7, 20,     2,     5, 0.0000, 0.0000
M5,01/07/23,17:46:38,     7,  6229,   449, 1009.0, 300,20.8,27.7, 0.0,  0, 0.0000,     0,24.9,26.6, 8.7, 20,     3,     6, 0.0000, 0.0000
M5,01/07/23,17:46:39,     7,  6230,   450, 1009.0, 300,20.8,27.7, 0.0,  0, 0.0000,     0,24.9,26.6, 8.5, 20,     4,     7, 0.0000, 0.0000
M5,01/07/23,17:46:40,     7,  6231,   451, 1009.0, 300,20.8,27.7, 0.0,  0, 0.0000,     0,24.9,26.6, 8.5, 20,     5,     8, 0.0000, 0.0000
M5,01/07/23,17:46:41,     7,  6232,   452, 1009.0, 300,20.8,27.7, 0.0,  0, 0.0000,     0,24.9,26.6, 8.5, 20,     6,     9, 0.0000, 0.0000
M5,01/07/23,17:46:42,     7,  6233,   453, 1009.0, 300,20.8,27.7, 0.0,  0, 0.0000,     0,24.9,26.7, 8.5, 25,     8,    10, 0.0000, 0.0000
M5,01/07/23,17:46:43,     7,  6234,   454, 1009.0, 301,20.8,27.7, 0.0,  0, 0.0000,     0,24.9,26.7, 8.5, 25,     9,    11, 0.0000, 0.0000
M5,01/07/23,17:46:44,     7,  6235,   455, 1009.0, 300,20.8,27.7, 0.0,  0, 0.0000,     0,24.9,26.7, 8.5, 25,    10,    12, 0.0000, 0.0000
M5,01/07/23,17:46:45,     7,  6236,   456, 1009.0, 299,20.8,27.7, 0.0,  0, 0.0000,     0,24.9,26.7, 8.5, 25,    11,    13, 1.3920, 1.5559
M5,01/07/23,17:46:46,     7,  6237,   457, 1009.0, 300,20.8,27.7, 0.0,  0, 0.0000,     0,24.9,26.7, 8.5, 25,    12,    14, 1.2830, 1.6603
M5,01/07/23,17:46:47,     7,  6238,   458, 1009.0, 300,20.8,27.7, 0.0,  0, 0.0000,     0,24.9,26.7, 8.5, 25,    12,    15, 1.2238, 1.5834
M5,01/07/23,17:46:48,     7,  6239,   459, 1009.0, 300,20.8,27.7, 0.0,  0, 0.0000,     0,24.9,26.7, 8.5, 25,    13,    16, 1.2139, 1.4370
M5,01/07/23,17:46:49,     7,  6240,   460, 1009.0, 300,20.8,27.7, 0.0,  0, 0.0000,     0,24.9,26.7, 8.5, 25,    14,    17, 1.2160, 1.3335
M5,01/07/23,17:46:50,     7,  6241,   461, 1009.0, 300,20.8,27.7, 0.0,  0, 0.0000,     0,24.9,26.8, 8.5, 25,    15,    18, 1.2251, 1.2649
M5,01/07/23,17:46:51,     7,  6242,   462, 1009.0, 300,20.8,27.7, 0.0,  0, 0.0000,     0,24.9,26.8, 8.5, 25,    17,    19, 1.2474, 1.1892
M5,01/07/23,17:46:52,     7,  6243,   463, 1009.0, 300,20.8,27.7, 0.0,  0, 0.0000,     0,24.9,26.8, 8.5, 25,    18,    20, 1.2635, 1.1615
M5,01/07/23,17:46:53,     7,  6244,   464, 1009.0, 300,20.8,27.7, 0.0,  0, 0.0000,     0,24.9,26.8, 8.5, 25,    19,    21, 1.2839, 1.1311
M5,01/07/23,17:46:54,     7,  6245,   465, 1009.0, 300,20.8,27.7, 0.0,  0, 0.0000,     0,24.9,26.8, 8.5, 25,    20,    22, 1.2979, 1.1306
M5,01/07/23,17:46:55,     7,  6246,   466, 1009.0, 300,20.8,27.7, 0.0,  0, 0.0000,     0,24.9,26.8, 8.5, 25,    21,    23, 1.3013, 1.1624
M5,01/07/23,17:46:56,     7,  6247,   467, 1009.0, 300,20.8,27.7, 0.0,  0, 0.0000,     0,24.9,26.8, 8.5, 25,    21,    24, 1.2988, 1.2032
M5,01/07/23,17:46:57,     7,  6248,   468, 1009.0, 300,20.8,27.7, 0.0,  0, 0.0000,     0,24.9,26.8, 8.5, 25,    23,    25, 1.3078, 1.1961
M5,01/07/23,17:46:58,     7,  6249,   470, 1009.0, 300,20.8,27.7, 0.0,  0, 0.0000,     0,24.9,26.8, 8.5, 25,    24,    26, 1.3272, 1.1555
M5,01/07/23,17:46:59,     7,  6250,   471, 1009.0, 299,20.8,27.7, 0.0,  0, 0.0000,     0,24.9,26.8, 8.5, 25,    26,    27, 1.3492, 1.1188
M5,01/07/23,17:47:00,     7,  6251,   472, 1009.0, 300,20.8,27.7, 0.0,  0, 0.0000,     0,24.9,26.8, 8.5, 25,    26,    28, 1.3613, 1.1235
M5,01/07/23,17:47:01,     7,  6252,   473, 1009.0, 300,20.8,27.7, 0.0,  0, 0.0000,     0,24.9,26.8, 8.5, 25,    28,    29, 1.3730, 1.1285
M5,01/07/23,17:47:02,     7,  6253,   474, 1009.0, 300,20.8,27.7, 0.0,  0, 0.0000,     0,24.9,26.8, 8.5, 25,    29,    30, 1.3783, 1.1536
M5,01/07/23,17:47:03,     7,  6254,   475, 1009.0, 300,20.8,27.7, 0.0,  0, 0.0000,     0,24.9,26.8, 8.5, 25,    29,    31, 1.3770, 1.1975
M5,01/07/23,17:47:04,     7,  6255,   475, 1009.0, 300,20.8,27.7, 0.0,  0, 0.0000,     0,24.9,26.9, 8.5, 25,    30,    32, 1.3706, 1.2481
M5,01/07/23,17:47:05,     7,  6256,   476, 1009.0, 300,20.8,27.7, 0.0,  0, 0.0000,     0,24.9,26.9, 8.5, 25,    31,    33, 1.3606, 1.2998
M5,01/07/23,17:47:06,     7,  6257,   477, 1009.0, 300,20.8,27.7, 0.0,  0, 0.0000,     0,24.9,26.9, 8.5, 25,    31,    34, 1.3508, 1.3423
M5,01/07/23,17:47:07,     7,  6258,   478, 1009.0, 300,20.8,27.7, 0.0,  0, 0.0000,     0,24.9,26.9, 8.5, 25,    32,    35, 1.3415, 1.3771
M5,01/07/23,17:47:08,     7,  6259,   479, 1009.0, 300,20.8,27.7, 0.0,  0, 0.0000,     0,24.9,26.9, 8.5, 25,    33,    36, 1.3322, 1.4046
M5,01/07/23,17:47:09,     7,  6260,   480, 1009.0, 300,20.8,27.7, 0.0,  0, 0.0000,     0,24.9,26.9, 8.5, 25,    34,    37, 1.3264, 1.4148
M5,01/07/23,17:47:10,     7,  6261,   481, 1009.0, 300,20.8,27.7, 0.0,  0, 0.0000,     0,24.9,26.9, 8.5, 25,    36,    38, 1.3235, 1.4135
M5,01/07/23,17:47:11,     7,  6262,   482, 1009.0, 300,20.8,27.7, 0.0,  0, 0.0000,     0,24.9,26.9, 8.5, 25,    37,    39, 1.3227, 1.4050
M5,01/07/23,17:47:12,     7,  6263,   483, 1009.0, 300,20.8,27.7, 0.0,  0, 0.0000,     0,24.9,26.9, 8.5, 25,    38,    40, 1.3235, 1.3918
M5,01/07/23,17:47:13,     7,  6264,   484, 1009.0, 300,20.8,27.7, 0.0,  0, 0.0000,     0,24.9,26.9, 8.5, 25,    39,    41, 1.3244, 1.3805
M5,01/07/23,17:47:14,     7,  6265,   485, 1009.0, 300,20.8,27.7, 0.0,  0, 0.0000,     0,24.9,26.9, 8.5, 25,    40,    42, 1.3226, 1.3792
M5,01/07/23,17:47:15,     7,  6266,   486, 1009.0, 300,20.8,27.7, 0.0,  0, 0.0000,     0,24.9,26.9, 8.5, 25,    40,    43, 1.3192, 1.3850
M5,01/07/23,17:47:16,     7,  6267,   487, 1009.0, 300,20.8,27.7, 0.0,  0, 0.0000,     0,24.9,26.9, 8.5, 25,    41,    44, 1.3152, 1.3911
M5,01/07/23,17:47:17,     7,  6268,   488, 1009.0, 300,20.8,27.7, 0.0,  0, 0.0000,     0,24.9,26.9, 8.5, 25,    42,    45, 1.3122, 1.3937
M5,01/07/23,17:47:18,     7,  6269,   489, 1009.0, 300,20.8,27.7, 0.0,  0, 0.0000,     0,24.9,26.9, 8.5, 25,    43,    46, 1.3109, 1.3902
M5,01/07/23,17:47:19,     7,  6270,   490, 1009.0, 300,20.8,27.7, 0.0,  0, 0.0000,     0,24.9,26.9, 8.5, 25,    44,    47, 1.3102, 1.3856
M5,01/07/23,17:47:20,     7,  6271,   491, 1009.0, 300,20.8,27.7, 0.0,  0, 0.0000,     0,24.9,26.9, 8.5, 25,    45,    48, 1.3087, 1.3835
M5,01/07/23,17:47:21,     7,  6272,   492, 1009.0, 300,20.8,27.7, 0.0,  0, 0.0000,     0,24.9,26.9, 8.5, 25,    46,    49, 1.3077, 1.3801
M5,01/07/23,17:47:22,     7,  6273,   493, 1009.0, 300,20.8,27.7, 0.0,  0, 0.0000,     0,24.9,26.9, 8.5, 25,    47,    50, 1.3069, 1.3759
M5,01/07/23,17:47:23,     7,  6274,   494, 1009.0, 300,20.7,27.7, 0.0,  0, 0.0000,     0,24.9,26.9, 8.5, 25,    49,    51, 1.3066, 1.3678
M5,01/07/23,17:47:24,     7,  6275,   495, 1009.0, 300,20.7,27.7, 0.0,  0, 0.0000,     0,24.9,26.9, 8.5, 25,    49,    52, 1.3064, 1.3633
M5,01/07/23,17:47:25,     7,  6276,   496, 1009.0, 300,20.7,27.7, 0.0,  0, 0.0000,     0,24.9,26.9, 8.5, 25,    50,    53, 1.3063, 1.3586
R5,01/07/23,17:47:25,     7,  6276,   496, 1009.0, 300,20.7,27.7, 0.0,  0, 0.0000,     0,24.9,26.9, 8.5, 25,    50,    53, 1.3063, 1.3586
End
Start
M5,01/07/23,17:48:08,     7,  6319,   430, 1009.0, 300,20.9,27.7, 0.0,  0, 0.0000,     0,24.7,26.4, 8.3, 20,     1,     1, 0.0000, 0.0000
M5,01/07/23,17:48:09,     7,  6320,   431, 1009.0, 300,20.9,27.7, 0.0,  0, 0.0000,     0,24.7,26.4, 8.3, 20,     3,     2, 0.0000, 0.0000
M5,01/07/23,17:48:10,     7,  6321,   433, 1009.0, 300,20.9,27.7, 0.0,  0, 0.0000,     0,24.9,26.4, 8.5, 20,     4,     3, 0.0000, 0.0000
M5,01/07/23,17:48:11,     7,  6322,   434, 1009.0, 300,20.9,27.7, 0.0,  0, 0.0000,     0,24.9,26.4, 8.5, 20,     6,     4, 0.0000, 0.0000
M5,01/07/23,17:48:12,     7,  6323,   435, 1009.0, 300,20.9,27.8, 0.0,  0, 0.0000,     0,24.9,26.5, 8.5, 20,     7,     5, 0.0000, 0.0000
M5,01/07/23,17:48:13,     7,  6324,   437, 1009.0, 300,20.9,27.8, 0.0,  0, 0.0000,     0,24.9,26.5, 8.5, 20,     8,     6, 0.0000, 0.0000
M5,01/07/23,17:48:14,     7,  6325,   438, 1009.0, 300,20.9,27.8, 0.0,  0, 0.0000,     0,24.9,26.5, 8.5, 20,    10,     7, 0.0000, 0.0000
M5,01/07/23,17:48:15,     7,  6326,   439, 1009.0, 300,20.9,27.8, 0.0,  0, 0.0000,     0,24.9,26.5, 8.5, 20,    10,     8, 0.0000, 0.0000
M5,01/07/23,17:48:17,     7,  6327,   440, 1009.0, 300,20.9,27.8, 0.0,  0, 0.0000,     0,24.9,26.5, 8.5, 20,    12,     9, 0.0000, 0.0000
M5,01/07/23,17:48:18,     7,  6328,   441, 1009.0, 300,20.9,27.8, 0.0,  0, 0.0000,     0,24.9,26.6, 8.5, 25,    13,    10, 0.0000, 0.0000
M5,01/07/23,17:48:19,     7,  6329,   442, 1009.0, 300,21.0,27.8, 0.0,  0, 0.0000,     0,24.9,26.6, 8.5, 25,    14,    11, 0.0000, 0.0000
M5,01/07/23,17:48:20,     7,  6330,   443, 1009.0, 300,21.0,27.8, 0.0,  0, 0.0000,     0,24.9,26.6, 8.5, 25,    15,    12, 0.0000, 0.0000
M5,01/07/23,17:48:21,     7,  6331,   444, 1009.0, 300,21.0,27.8, 0.0,  0, 0.0000,     0,24.9,26.6, 8.5, 25,    16,    13, 1.4663, 1.3004
M5,01/07/23,17:48:22,     7,  6332,   446, 1009.0, 300,21.0,27.8, 0.0,  0, 0.0000,     0,24.7,26.6, 8.5, 25,    17,    14, 1.5320, 1.2792
M5,01/07/23,17:48:23,     7,  6333,   447, 1009.0, 300,21.0,27.8, 0.0,  0, 0.0000,     0,24.7,26.6, 8.5, 25,    19,    15, 1.5823, 1.3052
M5,01/07/23,17:48:24,     7,  6334,   448, 1009.0, 300,21.0,27.8, 0.0,  0, 0.0000,     0,24.7,26.6, 8.5, 25,    20,    16, 1.5952, 1.4034
M5,01/07/23,17:48:25,     7,  6335,   449, 1009.0, 300,21.0,27.8, 0.0,  0, 0.0000,     0,24.7,26.7, 8.5, 25,    21,    17, 1.5958, 1.4812
M5,01/07/23,17:48:26,     7,  6336,   450, 1009.0, 300,20.9,27.8, 0.0,  0, 0.0000,     0,24.7,26.7, 8.5, 25,    22,    18, 1.5619, 1.6094
M5,01/07/23,17:48:27,     7,  6337,   451, 1009.0, 300,20.9,27.8, 0.0,  0, 0.0000,     0,24.7,26.7, 8.5, 25,    23,    19, 1.5200, 1.7083
M5,01/07/23,17:48:28,     7,  6338,   452, 1009.0, 300,20.9,27.8, 0.0,  0, 0.0000,     0,24.7,26.7, 8.5, 25,    23,    20, 1.4779, 1.7682
M5,01/07/23,17:48:29,     7,  6339,   452, 1009.0, 300,21.0,27.8, 0.0,  0, 0.0000,     0,24.7,26.7, 8.5, 25,    24,    21, 1.4314, 1.8220
M5,01/07/23,17:48:30,     7,  6340,   453, 1009.0, 300,21.0,27.8, 0.0,  0, 0.0000,     0,24.7,26.7, 8.5, 25,    25,    22, 1.3985, 1.8138
M5,01/07/23,17:48:31,     7,  6341,   455, 1009.0, 300,20.9,27.8, 0.0,  0, 0.0000,     0,24.7,26.7, 8.5, 25,    26,    23, 1.3814, 1.7576
M5,01/07/23,17:48:32,     7,  6342,   456, 1009.0, 300,20.9,27.8, 0.0,  0, 0.0000,     0,24.7,26.7, 8.7, 25,    27,    24, 1.3747, 1.6880
M5,01/07/23,17:48:33,     7,  6343,   457, 1009.0, 300,21.0,27.8, 0.0,  0, 0.0000,     0,24.7,26.7, 8.7, 25,    28,    25, 1.3696, 1.6352
M5,01/07/23,17:48:34,     7,  6344,   458, 1009.0, 300,21.0,27.8, 0.0,  0, 0.0000,     0,24.7,26.7, 8.7, 25,    30,    26, 1.3692, 1.5793
M5,01/07/23,17:48:35,     7,  6345,   459, 1009.0, 300,21.0,27.8, 0.0,  0, 0.0000,     0,24.7,26.7, 8.7, 25,    31,    27, 1.3760, 1.5145
M5,01/07/23,17:48:36,     7,  6346,   460, 1009.0, 300,21.0,27.8, 0.0,  0, 0.0000,     0,24.7,26.8, 8.7, 25,    32,    28, 1.3835, 1.4626
M5,01/07/23,17:48:37,     7,  6347,   461, 1009.0, 300,21.0,27.8, 0.0,  0, 0.0000,     0,24.7,26.8, 8.7, 25,    33,    29, 1.3883, 1.4321
M5,01/07/23,17:48:38,     7,  6348,   462, 1009.0, 300,20.9,27.7, 0.0,  0, 0.0000,     0,24.7,26.8, 8.5, 25,    34,    30, 1.3894, 1.4141
M5,01/07/23,17:48:39,     7,  6349,   463, 1009.0, 300,20.9,27.7, 0.0,  0, 0.0000,     0,24.7,26.8, 8.5, 25,    35,    31, 1.3906, 1.4057
M5,01/07/23,17:48:40,     7,  6350,   464, 1009.0, 300,20.9,27.8, 0.0,  0, 0.0000,     0,24.7,26.8, 8.5, 25,    36,    32, 1.3917, 1.4029
M5,01/07/23,17:48:41,     7,  6351,   466, 1009.0, 300,20.9,27.8, 0.0,  0, 0.0000,     0,24.7,26.8, 8.5, 25,    37,    33, 1.3935, 1.3947
M5,01/07/23,17:48:42,     7,  6352,   467, 1009.0, 300,20.9,27.8, 0.0,  0, 0.0000,     0,24.7,26.8, 8.5, 25,    38,    34, 1.3941, 1.3910
M5,01/07/23,17:48:43,     7,  6353,   468, 1009.0, 300,20.9,27.8, 0.0,  0, 0.0000,     0,24.7,26.8, 8.5, 25,    39,    35, 1.3944, 1.3907
M5,01/07/23,17:48:44,     7,  6354,   469, 1009.0, 300,20.9,27.8, 0.0,  0, 0.0000,     0,24.7,26.8, 8.5, 25,    40,    36, 1.3941, 1.3922
M5,01/07/23,17:48:45,     7,  6355,   470, 1009.0, 300,20.9,27.8, 0.0,  0, 0.0000,     0,24.7,26.8, 8.5, 25,    42,    37, 1.3948, 1.3887
M5,01/07/23,17:48:46,     7,  6356,   471, 1009.0, 300,20.9,27.8, 0.0,  0, 0.0000,     0,24.7,26.8, 8.5, 25,    43,    38, 1.3968, 1.3826
M5,01/07/23,17:48:47,     7,  6357,   472, 1009.0, 300,20.9,27.8, 0.0,  0, 0.0000,     0,24.7,26.8, 8.5, 25,    44,    39, 1.3994, 1.3754
M5,01/07/23,17:48:48,     7,  6358,   473, 1009.0, 300,20.9,27.8, 0.0,  0, 0.0000,     0,24.7,26.8, 8.5, 25,    45,    40, 1.4025, 1.3673
M5,01/07/23,17:48:49,     7,  6359,   475, 1009.0, 300,20.9,27.8, 0.0,  0, 0.0000,     0,24.7,26.8, 8.5, 25,    46,    41, 1.4058, 1.3588
M5,01/07/23,17:48:50,     7,  6360,   476, 1009.0, 300,20.9,27.8, 0.0,  0, 0.0000,     0,24.7,26.8, 8.5, 25,    47,    42, 1.4085, 1.3548
M5,01/07/23,17:48:51,     7,  6361,   477, 1009.0, 300,20.9,27.8, 0.0,  0, 0.0000,     0,24.7,26.8, 8.5, 25,    48,    43, 1.4103, 1.3540
M5,01/07/23,17:48:52,     7,  6362,   478, 1009.0, 300,20.9,27.8, 0.0,  0, 0.0000,     0,24.7,26.8, 8.5, 25,    49,    44, 1.4103, 1.3592
M5,01/07/23,17:48:53,     7,  6363,   478, 1009.0, 300,20.9,27.8, 0.0,  0, 0.0000,     0,24.7,26.8, 8.5, 25,    50,    45, 1.4092, 1.3686
R5,01/07/23,17:48:53,     7,  6363,   478, 1009.0, 300,20.9,27.8, 0.0,  0, 0.0000,     0,24.7,26.8, 8.5, 25,    50,    45, 1.4092, 1.3686
End
Start
M5,01/07/23,17:52:18,     8,  6567,   423, 1009.1, 300,21.0,27.8, 0.0,  0, 0.0000,     0,24.7,26.1,28.3, 20,     2,     1, 0.0000, 0.0000
M5,01/07/23,17:52:19,     8,  6568,   424, 1009.1, 300,21.0,27.8, 0.0,  0, 0.0000,     0,24.7,26.1,28.3, 20,     3,     2, 0.0000, 0.0000
M5,01/07/23,17:52:20,     8,  6569,   425, 1009.1, 300,21.0,27.8, 0.0,  0, 0.0000,     0,24.7,26.2,28.3, 20,     4,     3, 0.0000, 0.0000
M5,01/07/23,17:52:21,     8,  6570,   426, 1009.1, 300,21.0,27.8, 0.0,  0, 0.0000,     0,24.7,26.2,28.3, 20,     5,     4, 0.0000, 0.0000
M5,01/07/23,17:52:22,     8,  6571,   427, 1009.1, 300,21.1,27.8, 0.0,  0, 0.0000,     0,24.7,26.2,28.3, 20,     6,     5, 0.0000, 0.0000
M5,01/07/23,17:52:23,     8,  6572,   428, 1009.1, 300,21.1,27.8, 0.0,  0, 0.0000,     0,24.7,26.2,28.3, 20,     7,     6, 0.0000, 0.0000
M5,01/07/23,17:52:24,     8,  6573,   429, 1009.1, 300,21.2,27.8, 0.0,  0, 0.0000,     0,24.7,26.2,28.3, 20,     8,     7, 0.0000, 0.0000
M5,01/07/23,17:52:25,     8,  6574,   430, 1009.1, 300,21.2,27.8, 0.0,  0, 0.0000,     0,24.7,26.3,28.3, 20,     8,     8, 0.0000, 0.0000
M5,01/07/23,17:52:26,     8,  6575,   430, 1009.1, 300,21.2,27.8, 0.0,  0, 0.0000,     0,24.7,26.3,28.3, 20,     9,     9, 0.0000, 0.0000
M5,01/07/23,17:52:27,     8,  6576,   431, 1009.1, 300,21.3,27.8, 0.0,  0, 0.0000,     0,24.7,26.3,28.3, 25,    10,    10, 0.0000, 0.0000
M5,01/07/23,17:52:28,     8,  6577,   432, 1009.1, 300,21.3,27.8, 0.0,  0, 0.0000,     0,24.7,26.3,28.3, 25,    11,    11, 0.0000, 0.0000
M5,01/07/23,17:52:29,     8,  6578,   433, 1009.1, 300,21.4,27.8, 0.0,  0, 0.0000,     0,24.7,26.3,28.3, 25,    12,    12, 0.0000, 0.0000
M5,01/07/23,17:52:30,     8,  6579,   434, 1009.1, 300,21.4,27.8, 0.0,  0, 0.0000,     0,24.7,26.3,28.3, 25,    13,    13, 1.2269, 1.0768
M5,01/07/23,17:52:31,     8,  6580,   435, 1009.1, 300,21.5,27.8, 0.0,  0, 0.0000,     0,24.7,26.4,28.3, 25,    13,    14, 1.1367, 1.3715
M5,01/07/23,17:52:32,     8,  6581,   435, 1009.1, 300,21.5,27.8, 0.0,  0, 0.0000,     0,24.7,26.4,28.3, 25,    14,    15, 1.0860, 1.3382
M5,01/07/23,17:52:33,     8,  6582,   436, 1009.1, 300,21.6,27.8, 0.0,  0, 0.0000,     0,24.7,26.4,28.3, 25,    15,    16, 1.0682, 1.2813
M5,01/07/23,17:52:34,     8,  6583,   437, 1009.1, 300,21.6,27.8, 0.0,  0, 0.0000,     0,24.7,26.4,28.3, 25,    16,    17, 1.0665, 1.1835
M5,01/07/23,17:52:35,     8,  6584,   438, 1009.1, 300,21.6,27.8, 0.0,  0, 0.0000,     0,24.7,26.4,28.3, 25,    17,    18, 1.0748, 1.1070
M5,01/07/23,17:52:36,     8,  6585,   440, 1009.1, 299,21.7,27.8, 0.0,  0, 0.0000,     0,24.7,26.4,28.3, 25,    18,    19, 1.1148, 1.0035
M5,01/07/23,17:52:37,     8,  6586,   441, 1009.1, 300,21.7,27.8, 0.0,  0, 0.0000,     0,24.7,26.4,28.3, 25,    19,    20, 1.1457, 0.9412
M5,01/07/23,17:52:38,     8,  6587,   442, 1009.1, 300,21.8,27.8, 0.0,  0, 0.0000,     0,24.7,26.4,28.3, 25,    20,    21, 1.1717, 0.9397
M5,01/07/23,17:52:39,     8,  6588,   442, 1009.1, 300,21.8,27.8, 0.0,  0, 0.0000,     0,24.7,26.4,28.3, 25,    21,    22, 1.1720, 0.9933
M5,01/07/23,17:52:40,     8,  6589,   443, 1009.1, 300,21.9,27.8, 0.0,  0, 0.0000,     0,24.7,26.5,28.3, 25,    22,    23, 1.1599, 1.0839
M5,01/07/23,17:52:41,     8,  6590,   444, 1009.1, 300,21.9,27.8, 0.0,  0, 0.0000,     0,24.7,26.5,28.3, 25,    22,    24, 1.1456, 1.1390
M5,01/07/23,17:52:42,     8,  6591,   445, 1009.1, 300,21.9,27.8, 0.0,  0, 0.0000,     0,24.7,26.5,28.3, 25,    23,    25, 1.1375, 1.1595
M5,01/07/23,17:52:43,     8,  6592,   445, 1009.1, 300,22.0,27.8, 0.0,  0, 0.0000,     0,24.7,26.5,28.3, 25,    24,    26, 1.1296, 1.1914
M5,01/07/23,17:52:44,     8,  6593,   446, 1009.1, 300,22.0,27.8, 0.0,  0, 0.0000,     0,24.7,26.5,28.3, 25,    25,    27, 1.1154, 1.2186
M5,01/07/23,17:52:45,     8,  6594,   447, 1009.1, 300,22.1,27.8, 0.0,  0, 0.0000,     0,24.7,26.5,28.3, 25,    25,    28, 1.0993, 1.2546
M5,01/07/23,17:52:46,     8,  6595,   447, 1009.1, 300,22.1,27.8, 0.0,  0, 0.0000,     0,24.7,26.5,28.3, 25,    26,    29, 1.0762, 1.2972
M5,01/07/23,17:52:47,     8,  6596,   447, 1009.1, 300,22.2,27.8, 0.0,  0, 0.0000,     0,24.7,26.5,28.3, 25,    26,    30, 1.0529, 1.3421
M5,01/07/23,17:52:48,     8,  6597,   448, 1009.1, 301,22.2,27.8, 0.0,  0, 0.0000,     0,24.7,26.5,28.3, 25,    27,    31, 1.0329, 1.3560
M5,01/07/23,17:52:49,     8,  6598,   449, 1009.1, 300,22.2,27.8, 0.0,  0, 0.0000,     0,24.7,26.5,28.3, 25,    28,    32, 1.0196, 1.3442
M5,01/07/23,17:52:50,     8,  6599,   450, 1009.1, 300,22.3,27.8, 0.0,  0, 0.0000,     0,24.7,26.5,28.3, 25,    29,    33, 1.0156, 1.3131
M5,01/07/23,17:52:51,     8,  6600,   451, 1009.1, 300,22.3,27.8, 0.0,  0, 0.0000,     0,24.7,26.5,28.3, 25,    30,    34, 1.0084, 1.2888
M5,01/07/23,17:52:52,     8,  6601,   452, 1009.1, 300,22.4,27.8, 0.0,  0, 0.0000,     0,24.7,26.5,28.3, 25,    30,    35, 1.0046, 1.2653
M5,01/07/23,17:52:53,     8,  6602,   452, 1009.1, 300,22.4,27.8, 0.0,  0, 0.0000,     0,24.7,26.5,28.3, 25,    31,    36, 1.0003, 1.2398
M5,01/07/23,17:52:54,     8,  6603,   453, 1009.1, 300,22.4,27.7, 0.0,  0, 0.0000,     0,24.7,26.5,28.3, 25,    32,    37, 0.9969, 1.2220
M5,01/07/23,17:52:55,     8,  6604,   454, 1009.1, 300,22.4,27.7, 0.0,  0, 0.0000,     0,24.7,26.5,28.3, 25,    33,    38, 0.9918, 1.2071
M5,01/07/23,17:52:56,     8,  6605,   454, 1009.1, 300,22.6,27.8, 0.0,  0, 0.0000,     0,24.7,26.5,28.3, 25,    33,    39, 0.9884, 1.1977
M5,01/07/23,17:52:57,     8,  6606,   455, 1009.1, 300,22.6,27.8, 0.0,  0, 0.0000,     0,24.7,26.5,28.3, 25,    34,    40, 0.9829, 1.1881
M5,01/07/23,17:52:58,     8,  6607,   456, 1009.1, 299,22.6,27.8, 0.0,  0, 0.0000,     0,24.7,26.5,28.3, 25,    35,    41, 0.9797, 1.1721
M5,01/07/23,17:52:59,     8,  6608,   457, 1009.1, 300,22.6,27.8, 0.0,  0, 0.0000,     0,24.7,26.5,28.3, 25,    36,    42, 0.9797, 1.1532
M5,01/07/23,17:53:00,     8,  6609,   458, 1009.1, 300,22.6,27.8, 0.0,  0, 0.0000,     0,24.7,26.6,28.3, 25,    37,    43, 0.9797, 1.1306
M5,01/07/23,17:53:01,     8,  6610,   459, 1009.1, 300,22.7,27.8, 0.0,  0, 0.0000,     0,24.7,26.5,28.3, 25,    38,    44, 0.9802, 1.1148
M5,01/07/23,17:53:02,     8,  6611,   460, 1009.1, 300,22.7,27.8, 0.0,  0, 0.0000,     0,24.7,26.6,28.3, 25,    38,    45, 0.9789, 1.1024
M5,01/07/23,17:53:03,     8,  6612,   460, 1009.1, 300,22.8,27.8, 0.0,  0, 0.0000,     0,24.7,26.6,28.3, 25,    39,    46, 0.9782, 1.0942
M5,01/07/23,17:53:04,     8,  6613,   461, 1009.1, 300,22.8,27.8, 0.0,  0, 0.0000,     0,24.7,26.6,28.3, 25,    40,    47, 0.9785, 1.0786
M5,01/07/23,17:53:05,     8,  6614,   462, 1009.1, 300,22.8,27.8, 0.0,  0, 0.0000,     0,24.7,26.6,28.3, 25,    41,    48, 0.9798, 1.0617
M5,01/07/23,17:53:06,     8,  6615,   463, 1009.1, 300,22.8,27.7, 0.0,  0, 0.0000,     0,24.7,26.6,28.3, 25,    42,    49, 0.9811, 1.0504
M5,01/07/23,17:53:07,     8,  6616,   464, 1009.1, 300,22.8,27.7, 0.0,  0, 0.0000,     0,24.7,26.6,28.3, 25,    42,    50, 0.9809, 1.0421
M5,01/07/23,17:53:08,     8,  6617,   464, 1009.1, 300,22.9,27.8, 0.0,  0, 0.0000,     0,24.7,26.6,28.3, 25,    43,    51, 0.9807, 1.0404
M5,01/07/23,17:53:09,     8,  6618,   465, 1009.1, 300,22.9,27.8, 0.0,  0, 0.0000,     0,24.7,26.6,28.3, 25,    44,    52, 0.9790, 1.0390
M5,01/07/23,17:53:10,     8,  6619,   466, 1009.1, 300,23.0,27.8, 0.0,  0, 0.0000,     0,24.7,26.6,28.3, 25,    44,    53, 0.9778, 1.0395
M5,01/07/23,17:53:11,     8,  6620,   466, 1009.1, 300,23.0,27.8, 0.0,  0, 0.0000,     0,24.7,26.6,28.3, 25,    45,    54, 0.9756, 1.0401
M5,01/07/23,17:53:12,     8,  6621,   467, 1009.1, 300,23.0,27.8, 0.0,  0, 0.0000,     0,24.7,26.6,28.3, 25,    46,    55, 0.9739, 1.0391
M5,01/07/23,17:53:13,     8,  6622,   468, 1009.1, 300,23.0,27.7, 0.0,  0, 0.0000,     0,24.7,26.6,28.3, 25,    47,    56, 0.9736, 1.0352
M5,01/07/23,17:53:14,     8,  6623,   469, 1009.1, 300,23.0,27.7, 0.0,  0, 0.0000,     0,24.7,26.6,28.3, 25,    48,    57, 0.9730, 1.0305
M5,01/07/23,17:53:15,     8,  6624,   470, 1009.1, 300,23.1,27.8, 0.0,  0, 0.0000,     0,24.7,26.6,28.3, 25,    49,    58, 0.9735, 1.0263
M5,01/07/23,17:53:16,     8,  6625,   470, 1009.1, 300,23.1,27.8, 0.0,  0, 0.0000,     0,24.7,26.6,28.3, 25,    49,    59, 0.9723, 1.0245
M5,01/07/23,17:53:17,     8,  6626,   471, 1009.1, 300,23.1,27.8, 0.0,  0, 0.0000,     0,24.7,26.6,28.3, 25,    50,    60, 0.9716, 1.0244
R5,01/07/23,17:53:17,     8,  6626,   471, 1009.1, 300,23.1,27.8, 0.0,  0, 0.0000,     0,24.7,26.6,28.3, 25,    50,    60, 0.9716, 1.0244
End
Start
M5,01/07/23,17:54:01,     8,  6669,   452, 1009.1, 300,21.0,27.7, 0.0,  0, 0.0000,     0,24.7,26.1,28.3, 20,     8,     1, 0.0000, 0.0000
M5,01/07/23,17:54:02,     8,  6670,   457, 1009.1, 300,21.0,27.7, 0.0,  0, 0.0000,     0,24.7,26.1,28.3, 20,    13,     2, 0.0000, 0.0000
M5,01/07/23,17:54:03,     8,  6671,   460, 1009.1, 300,21.0,27.7, 0.0,  0, 0.0000,     0,24.7,26.1,28.3, 20,    16,     3, 0.0000, 0.0000
M5,01/07/23,17:54:04,     8,  6672,   462, 1009.1, 300,21.1,27.7, 0.0,  0, 0.0000,     0,24.7,26.2,28.3, 20,    18,     4, 0.0000, 0.0000
M5,01/07/23,17:54:05,     8,  6673,   463, 1009.1, 300,21.1,27.7, 0.0,  0, 0.0000,     0,24.7,26.2,28.3, 20,    19,     5, 0.0000, 0.0000
M5,01/07/23,17:54:06,     8,  6674,   464, 1009.1, 300,21.1,27.7, 0.0,  0, 0.0000,     0,24.7,26.2,28.3, 20,    20,     6, 0.0000, 0.0000
M5,01/07/23,17:54:07,     8,  6675,   465, 1009.1, 300,21.1,27.7, 0.0,  0, 0.0000,     0,24.7,26.2,28.3, 20,    21,     7, 0.0000, 0.0000
M5,01/07/23,17:54:08,     8,  6676,   465, 1009.1, 300,21.1,27.7, 0.0,  0, 0.0000,     0,24.7,26.2,28.3, 20,    22,     8, 0.0000, 0.0000
M5,01/07/23,17:54:09,     8,  6677,   466, 1009.1, 300,21.2,27.7, 0.0,  0, 0.0000,     0,24.7,26.3,28.3, 20,    22,     9, 0.0000, 0.0000
M5,01/07/23,17:54:10,     8,  6678,   467, 1009.1, 300,21.2,27.7, 0.0,  0, 0.0000,     0,24.7,26.3,28.3, 25,    23,    10, 0.0000, 0.0000
M5,01/07/23,17:54:11,     8,  6679,   468, 1009.1, 300,21.3,27.7, 0.0,  0, 0.0000,     0,24.7,26.3,28.3, 25,    24,    11, 0.0000, 0.0000
M5,01/07/23,17:54:12,     8,  6680,   469, 1009.1, 300,21.3,27.7, 0.0,  0, 0.0000,     0,24.7,26.3,28.3, 25,    25,    12, 0.0000, 0.0000
M5,01/07/23,17:54:13,     8,  6681,   469, 1009.1, 300,21.4,27.7, 0.0,  0, 0.0000,     0,24.7,26.3,28.3, 25,    25,    13, 1.0691, 1.0685
M5,01/07/23,17:54:14,     8,  6682,   470, 1009.1, 300,21.4,27.7, 0.0,  0, 0.0000,     0,24.7,26.3,28.3, 25,    26,    14, 1.0167, 1.1421
M5,01/07/23,17:54:15,     8,  6683,   471, 1009.1, 300,21.4,27.7, 0.0,  0, 0.0000,     0,24.7,26.3,28.3, 25,    27,    15, 0.9746, 1.1493
M5,01/07/23,17:54:16,     8,  6684,   471, 1009.1, 300,21.5,27.7, 0.0,  0, 0.0000,     0,24.7,26.3,28.3, 25,    28,    16, 0.9527, 1.1331
M5,01/07/23,17:54:17,     8,  6685,   472, 1009.1, 300,21.5,27.7, 0.0,  0, 0.0000,     0,24.7,26.4,28.3, 25,    28,    17, 0.9464, 1.0615
M5,01/07/23,17:54:18,     8,  6686,   473, 1009.1, 300,21.6,27.7, 0.0,  0, 0.0000,     0,24.7,26.4,28.3, 25,    29,    18, 0.9422, 1.0441
M5,01/07/23,17:54:19,     8,  6687,   474, 1009.1, 300,21.6,27.7, 0.0,  0, 0.0000,     0,24.7,26.4,28.3, 25,    30,    19, 0.9300, 1.0322
M5,01/07/23,17:54:20,     8,  6688,   474, 1009.1, 300,21.7,27.7, 0.0,  0, 0.0000,     0,24.7,26.4,28.3, 25,    30,    20, 0.9155, 1.0561
M5,01/07/23,17:54:21,     8,  6689,   475, 1009.1, 300,21.7,27.7, 0.0,  0, 0.0000,     0,24.7,26.4,28.3, 25,    31,    21, 0.8999, 1.0512
M5,01/07/23,17:54:22,     8,  6690,   476, 1009.1, 300,21.7,27.7, 0.0,  0, 0.0000,     0,24.7,26.4,28.3, 25,    32,    22, 0.8881, 1.0371
M5,01/07/23,17:54:23,     8,  6691,   476, 1009.1, 300,21.7,27.7, 0.0,  0, 0.0000,     0,24.7,26.4,28.3, 25,    32,    23, 0.8827, 1.0236
M5,01/07/23,17:54:24,     8,  6692,   477, 1009.1, 300,21.7,27.7, 0.0,  0, 0.0000,     0,24.7,26.4,28.3, 25,    33,    24, 0.8753, 1.0058
M5,01/07/23,17:54:25,     8,  6693,   478, 1009.1, 300,21.9,27.7, 0.0,  0, 0.0000,     0,24.7,26.4,28.3, 25,    34,    25, 0.8739, 0.9934
M5,01/07/23,17:54:26,     8,  6694,   478, 1009.1, 300,21.9,27.7, 0.0,  0, 0.0000,     0,24.7,26.4,28.3, 25,    34,    26, 0.8688, 0.9776
M5,01/07/23,17:54:27,     8,  6695,   479, 1009.1, 299,21.9,27.7, 0.0,  0, 0.0000,     0,24.7,26.4,28.3, 25,    35,    27, 0.8673, 0.9661
M5,01/07/23,17:54:28,     8,  6696,   480, 1009.1, 300,21.9,27.7, 0.0,  0, 0.0000,     0,24.7,26.5,28.3, 25,    36,    28, 0.8636, 0.9532
M5,01/07/23,17:54:29,     8,  6697,   480, 1009.1, 300,22.0,27.7, 0.0,  0, 0.0000,     0,24.7,26.5,28.3, 25,    36,    29, 0.8628, 0.9449
M5,01/07/23,17:54:30,     8,  6698,   481, 1009.1, 300,22.0,27.7, 0.0,  0, 0.0000,     0,24.7,26.5,28.3, 25,    37,    30, 0.8599, 0.9349
M5,01/07/23,17:54:31,     8,  6699,   481, 1009.1, 300,22.0,27.7, 0.0,  0, 0.0000,     0,24.7,26.5,28.3, 25,    38,    31, 0.8549, 0.9341
M5,01/07/23,17:54:32,     8,  6700,   482, 1009.1, 300,22.1,27.7, 0.0,  0, 0.0000,     0,24.7,26.5,28.3, 25,    38,    32, 0.8528, 0.9351
M5,01/07/23,17:54:33,     8,  6701,   483, 1009.1, 300,22.1,27.7, 0.0,  0, 0.0000,     0,24.7,26.5,28.3, 25,    39,    33, 0.8489, 0.9308
M5,01/07/23,17:54:34,     8,  6702,   483, 1009.1, 300,22.2,27.7, 0.0,  0, 0.0000,     0,24.7,26.5,28.3, 25,    40,    34, 0.8475, 0.9268
M5,01/07/23,17:54:35,     8,  6703,   484, 1009.1, 300,22.2,27.7, 0.0,  0, 0.0000,     0,24.7,26.5,28.3, 25,    40,    35, 0.8431, 0.9263
M5,01/07/23,17:54:36,     8,  6704,   485, 1009.1, 300,22.3,27.7, 0.0,  0, 0.0000,     0,24.7,26.5,28.3, 25,    41,    36, 0.8420, 0.9256
M5,01/07/23,17:54:37,     8,  6705,   486, 1009.1, 300,22.3,27.7, 0.0,  0, 0.0000,     0,24.7,26.5,28.3, 25,    42,    37, 0.8406, 0.9153
M5,01/07/23,17:54:38,     8,  6706,   486, 1009.1, 300,22.3,27.7, 0.0,  0, 0.0000,     0,24.7,26.5,28.3, 25,    42,    38, 0.8409, 0.9010
M5,01/07/23,17:54:39,     8,  6707,   487, 1009.1, 300,22.4,27.7, 0.0,  0, 0.0000,     0,24.7,26.5,28.3, 25,    43,    39, 0.8425, 0.8907
M5,01/07/23,17:54:40,     8,  6708,   488, 1009.1, 300,22.4,27.7, 0.0,  0, 0.0000,     0,24.7,26.5,28.3, 25,    44,    40, 0.8425, 0.8810
M5,01/07/23,17:54:41,     8,  6709,   488, 1009.1, 300,22.4,27.7, 0.0,  0, 0.0000,     0,24.7,26.5,28.3, 25,    45,    41, 0.8441, 0.8746
M5,01/07/23,17:54:42,     8,  6710,   489, 1009.1, 300,22.4,27.7, 0.0,  0, 0.0000,     0,24.7,26.5,28.3, 25,    45,    42, 0.8441, 0.8679
M5,01/07/23,17:54:43,     8,  6711,   490, 1009.1, 300,22.5,27.7, 0.0,  0, 0.0000,     0,24.7,26.5,28.3, 25,    46,    43, 0.8456, 0.8639
M5,01/07/23,17:54:44,     8,  6712,   491, 1009.1, 300,22.5,27.7, 0.0,  0, 0.0000,     0,24.7,26.5,28.3, 25,    47,    44, 0.8475, 0.8521
M5,01/07/23,17:54:45,     8,  6713,   492, 1009.1, 300,22.5,27.7, 0.0,  0, 0.0000,     0,24.7,26.5,28.3, 25,    48,    45, 0.8490, 0.8431
M5,01/07/23,17:54:46,     8,  6714,   492, 1009.1, 300,22.6,27.7, 0.0,  0, 0.0000,     0,24.7,26.5,28.3, 25,    48,    46, 0.8514, 0.8375
M5,01/07/23,17:54:47,     8,  6715,   493, 1009.1, 300,22.6,27.7, 0.0,  0, 0.0000,     0,24.7,26.5,28.3, 25,    49,    47, 0.8533, 0.8294
M5,01/07/23,17:54:48,     8,  6716,   494, 1009.1, 300,22.7,27.7, 0.0,  0, 0.0000,     0,24.7,26.5,28.3, 25,    50,    48, 0.8568, 0.8215
R5,01/07/23,17:54:48,     8,  6716,   494, 1009.1, 300,22.7,27.7, 0.0,  0, 0.0000,     0,24.7,26.5,28.3, 25,    50,    48, 0.8568, 0.8215
End
Start
M5,01/07/23,17:55:36,     8,  6764,   420, 1009.1, 300,20.9,27.7, 0.0,  0, 0.0000,     0,24.7,25.9,28.3, 20,     1,     1, 0.0000, 0.0000
M5,01/07/23,17:55:37,     8,  6765,   421, 1009.1, 300,20.9,27.7, 0.0,  0, 0.0000,     0,24.7,25.9,28.3, 20,     1,     2, 0.0000, 0.0000
M5,01/07/23,17:55:38,     8,  6766,   422, 1009.1, 300,20.9,27.7, 0.0,  0, 0.0000,     0,24.7,26.0,28.3, 20,     2,     3, 0.0000, 0.0000
M5,01/07/23,17:55:39,     8,  6767,   423, 1009.1, 300,20.9,27.7, 0.0,  0, 0.0000,     0,24.7,26.0,28.3, 20,     3,     4, 0.0000, 0.0000
M5,01/07/23,17:55:40,     8,  6768,   423, 1009.1, 300,20.9,27.7, 0.0,  0, 0.0000,     0,24.7,26.0,28.3, 20,     4,     5, 0.0000, 0.0000
M5,01/07/23,17:55:41,     8,  6769,   424, 1009.1, 300,20.9,27.7, 0.0,  0, 0.0000,     0,24.7,26.0,28.3, 20,     5,     6, 0.0000, 0.0000
M5,01/07/23,17:55:42,     8,  6770,   425, 1009.1, 300,20.9,27.7, 0.0,  0, 0.0000,     0,24.7,26.0,28.3, 20,     6,     7, 0.0000, 0.0000
M5,01/07/23,17:55:43,     8,  6771,   426, 1009.1, 300,21.0,27.7, 0.0,  0, 0.0000,     0,24.7,26.0,28.3, 20,     7,     8, 0.0000, 0.0000
M5,01/07/23,17:55:44,     8,  6772,   427, 1009.1, 300,21.0,27.7, 0.0,  0, 0.0000,     0,24.7,26.0,28.3, 20,     7,     9, 0.0000, 0.0000
M5,01/07/23,17:55:45,     8,  6773,   428, 1009.1, 300,21.1,27.7, 0.0,  0, 0.0000,     0,24.7,26.1,28.3, 25,     8,    10, 0.0000, 0.0000
M5,01/07/23,17:55:46,     8,  6774,   429, 1009.1, 300,21.1,27.7, 0.0,  0, 0.0000,     0,24.7,26.1,28.3, 25,     9,    11, 0.0000, 0.0000
M5,01/07/23,17:55:47,     8,  6775,   429, 1009.1, 300,21.1,27.7, 0.0,  0, 0.0000,     0,24.7,26.1,28.3, 25,    10,    12, 0.0000, 0.0000
M5,01/07/23,17:55:48,     8,  6776,   430, 1009.1, 300,21.2,27.7, 0.0,  0, 0.0000,     0,24.7,26.1,28.3, 25,    10,    13, 0.8673, 0.7176
M5,01/07/23,17:55:49,     8,  6777,   431, 1009.1, 300,21.2,27.7, 0.0,  0, 0.0000,     0,24.7,26.1,28.3, 25,    11,    14, 0.8639, 0.8064
M5,01/07/23,17:55:50,     8,  6778,   431, 1009.1, 300,21.3,27.7, 0.0,  0, 0.0000,     0,24.7,26.1,28.3, 25,    12,    15, 0.8633, 0.8621
M5,01/07/23,17:55:51,     8,  6779,   432, 1009.1, 300,21.3,27.7, 0.0,  0, 0.0000,     0,24.7,26.1,28.3, 25,    12,    16, 0.8306, 0.9286
M5,01/07/23,17:55:52,     8,  6780,   432, 1009.1, 300,21.3,27.7, 0.0,  0, 0.0000,     0,24.4,26.1,28.3, 25,    13,    17, 0.8158, 0.9417
M5,01/07/23,17:55:53,     8,  6781,   433, 1009.1, 300,21.3,27.7, 0.0,  0, 0.0000,     0,24.4,26.2,28.3, 25,    14,    18, 0.8041, 0.9159
M5,01/07/23,17:55:54,     8,  6782,   434, 1009.1, 300,21.3,27.7, 0.0,  0, 0.0000,     0,24.4,26.2,28.3, 25,    14,    19, 0.7872, 0.9167
M5,01/07/23,17:55:55,     8,  6783,   434, 1009.1, 300,21.4,27.7, 0.0,  0, 0.0000,     0,24.4,26.2,28.3, 25,    15,    20, 0.7828, 0.8985
M5,01/07/23,17:55:56,     8,  6784,   435, 1009.1, 300,21.4,27.7, 0.0,  0, 0.0000,     0,24.4,26.2,28.3, 25,    16,    21, 0.7937, 0.8263
M5,01/07/23,17:55:57,     8,  6785,   436, 1009.1, 300,21.5,27.7, 0.0,  0, 0.0000,     0,24.7,26.2,28.3, 25,    16,    22, 0.8118, 0.7762
M5,01/07/23,17:55:58,     8,  6786,   437, 1009.1, 300,21.5,27.7, 0.0,  0, 0.0000,     0,24.7,26.2,28.3, 25,    17,    23, 0.8255, 0.7372
M5,01/07/23,17:55:59,     8,  6787,   438, 1009.1, 300,21.7,27.7, 0.0,  0, 0.0000,     0,24.7,26.2,28.3, 25,    18,    24, 0.8387, 0.7304
M5,01/07/23,17:56:00,     8,  6788,   438, 1009.1, 300,21.7,27.7, 0.0,  0, 0.0000,     0,24.7,26.2,28.3, 25,    19,    25, 0.8479, 0.7196
M5,01/07/23,17:56:01,     8,  6789,   439, 1009.1, 300,21.7,27.7, 0.0,  0, 0.0000,     0,24.7,26.2,28.3, 25,    19,    26, 0.8557, 0.7263
M5,01/07/23,17:56:02,     8,  6790,   440, 1009.1, 300,21.7,27.7, 0.0,  0, 0.0000,     0,24.7,26.2,28.3, 25,    20,    27, 0.8587, 0.7378
M5,01/07/23,17:56:03,     8,  6791,   440, 1009.1, 300,21.7,27.7, 0.0,  0, 0.0000,     0,24.7,26.2,28.3, 25,    21,    28, 0.8599, 0.7523
M5,01/07/23,17:56:04,     8,  6792,   441, 1009.1, 300,21.8,27.7, 0.0,  0, 0.0000,     0,24.7,26.2,28.3, 25,    21,    29, 0.8627, 0.7698
M5,01/07/23,17:56:05,     8,  6793,   442, 1009.1, 300,21.8,27.7, 0.0,  0, 0.0000,     0,24.7,26.2,28.3, 25,    22,    30, 0.8620, 0.7841
M5,01/07/23,17:56:06,     8,  6794,   442, 1009.1, 300,21.9,27.7, 0.0,  0, 0.0000,     0,24.7,26.2,28.3, 25,    23,    31, 0.8636, 0.7999
M5,01/07/23,17:56:07,     8,  6795,   443, 1009.1, 300,21.9,27.7, 0.0,  0, 0.0000,     0,24.7,26.2,28.3, 25,    24,    32, 0.8642, 0.8039
M5,01/07/23,17:56:08,     8,  6796,   444, 1009.1, 300,22.0,27.7, 0.0,  0, 0.0000,     0,24.7,26.2,28.3, 25,    24,    33, 0.8675, 0.8041
M5,01/07/23,17:56:09,     8,  6797,   445, 1009.1, 300,22.0,27.7, 0.0,  0, 0.0000,     0,24.7,26.2,28.3, 25,    25,    34, 0.8684, 0.8067
M5,01/07/23,17:56:10,     8,  6798,   445, 1009.1, 300,22.0,27.7, 0.0,  0, 0.0000,     0,24.7,26.2,28.3, 25,    26,    35, 0.8704, 0.8053
M5,01/07/23,17:56:11,     8,  6799,   446, 1009.1, 300,22.1,27.7, 0.0,  0, 0.0000,     0,24.7,26.2,28.3, 25,    27,    36, 0.8763, 0.7980
M5,01/07/23,17:56:12,     8,  6800,   447, 1009.1, 300,22.1,27.7, 0.0,  0, 0.0000,     0,24.7,26.2,28.3, 25,    28,    37, 0.8790, 0.7960
M5,01/07/23,17:56:13,     8,  6801,   448, 1009.1, 300,22.1,27.7, 0.0,  0, 0.0000,     0,24.4,26.2,28.3, 25,    28,    38, 0.8838, 0.7948
M5,01/07/23,17:56:14,     8,  6802,   449, 1009.1, 300,22.1,27.7, 0.0,  0, 0.0000,     0,24.4,26.2,28.3, 25,    29,    39, 0.8871, 0.7914
M5,01/07/23,17:56:15,     8,  6803,   450, 1009.1, 300,22.2,27.7, 0.0,  0, 0.0000,     0,24.4,26.2,28.3, 25,    30,    40, 0.8920, 0.7895
M5,01/07/23,17:56:16,     8,  6804,   450, 1009.1, 300,22.2,27.7, 0.0,  0, 0.0000,     0,24.4,26.2,28.3, 25,    31,    41, 0.8955, 0.7862
M5,01/07/23,17:56:17,     8,  6805,   451, 1009.1, 300,22.2,27.7, 0.0,  0, 0.0000,     0,24.4,26.2,28.3, 25,    32,    42, 0.8990, 0.7836
M5,01/07/23,17:56:18,     8,  6806,   452, 1009.1, 300,22.3,27.7, 0.0,  0, 0.0000,     0,24.4,26.2,28.3, 25,    33,    43, 0.9040, 0.7830
M5,01/07/23,17:56:19,     8,  6807,   453, 1009.1, 300,22.3,27.7, 0.0,  0, 0.0000,     0,24.4,26.3,28.3, 25,    33,    44, 0.9065, 0.7847
M5,01/07/23,17:56:20,     8,  6808,   453, 1009.1, 300,22.4,27.7, 0.0,  0, 0.0000,     0,24.4,26.3,28.3, 25,    34,    45, 0.9079, 0.7930
M5,01/07/23,17:56:21,     8,  6809,   454, 1009.1, 300,22.4,27.7, 0.0,  0, 0.0000,     0,24.4,26.3,28.3, 25,    34,    46, 0.9081, 0.8016
M5,01/07/23,17:56:22,     8,  6810,   455, 1009.1, 300,22.4,27.7, 0.0,  0, 0.0000,     0,24.4,26.3,28.3, 25,    35,    47, 0.9100, 0.8088
M5,01/07/23,17:56:23,     8,  6811,   455, 1009.1, 300,22.4,27.7, 0.0,  0, 0.0000,     0,24.4,26.3,28.3, 25,    36,    48, 0.9094, 0.8186
M5,01/07/23,17:56:24,     8,  6812,   456, 1009.1, 300,22.5,27.7, 0.0,  0, 0.0000,     0,24.4,26.3,28.3, 25,    36,    49, 0.9089, 0.8321
M5,01/07/23,17:56:25,     8,  6813,   456, 1009.1, 300,22.5,27.7, 0.0,  0, 0.0000,     0,24.4,26.3,28.3, 25,    37,    50, 0.9072, 0.8433
M5,01/07/23,17:56:26,     8,  6814,   457, 1009.1, 300,22.5,27.7, 0.0,  0, 0.0000,     0,24.4,26.3,28.3, 25,    37,    51, 0.9040, 0.8584
M5,01/07/23,17:56:27,     8,  6815,   457, 1009.1, 300,22.6,27.7, 0.0,  0, 0.0000,     0,24.4,26.3,28.3, 25,    38,    52, 0.9014, 0.8745
M5,01/07/23,17:56:28,     8,  6816,   458, 1009.1, 300,22.6,27.7, 0.0,  0, 0.0000,     0,24.4,26.3,28.3, 25,    38,    53, 0.8974, 0.8895
M5,01/07/23,17:56:29,     8,  6817,   458, 1009.1, 300,22.7,27.7, 0.0,  0, 0.0000,     0,24.4,26.3,28.3, 25,    39,    54, 0.8943, 0.9026
M5,01/07/23,17:56:30,     8,  6818,   459, 1009.1, 300,22.7,27.7, 0.0,  0, 0.0000,     0,24.4,26.3,28.3, 25,    40,    55, 0.8914, 0.9107
M5,01/07/23,17:56:31,     8,  6819,   460, 1009.1, 300,22.7,27.7, 0.0,  0, 0.0000,     0,24.4,26.3,28.3, 25,    41,    56, 0.8900, 0.9161
M5,01/07/23,17:56:32,     8,  6820,   460, 1009.1, 300,22.7,27.7, 0.0,  0, 0.0000,     0,24.4,26.3,28.3, 25,    41,    57, 0.8868, 0.9238
M5,01/07/23,17:56:33,     8,  6821,   461, 1009.1, 300,22.7,27.7, 0.0,  0, 0.0000,     0,24.4,26.3,28.3, 25,    42,    58, 0.8838, 0.9300
M5,01/07/23,17:56:34,     8,  6822,   462, 1009.1, 300,22.8,27.7, 0.0,  0, 0.0000,     0,24.4,26.3,28.1, 25,    42,    59, 0.8817, 0.9356
M5,01/07/23,17:56:35,     8,  6823,   463, 1009.1, 300,22.8,27.7, 0.0,  0, 0.0000,     0,24.4,26.3,28.1, 25,    43,    60, 0.8796, 0.9378
R5,01/07/23,17:56:35,     8,  6823,   463, 1009.1, 300,22.8,27.7, 0.0,  0, 0.0000,     0,24.4,26.3,28.1, 25,    43,    60, 0.8796, 0.9378
End
Zero
Start
M5,01/07/23,17:59:54,     9,  7020,   430, 1009.1, 300,20.6,27.5, 0.0,  0, 0.0000,     0,24.2,25.5, 3.8, 20,     5,     1, 0.0000, 0.0000
M5,01/07/23,17:59:55,     9,  7021,   435, 1009.1, 300,20.6,27.5, 0.0,  0, 0.0000,     0,24.2,25.6, 3.8, 20,    10,     2, 0.0000, 0.0000
M5,01/07/23,17:59:56,     9,  7022,   440, 1009.1, 300,20.7,27.6, 0.0,  0, 0.0000,     0,24.2,25.6, 3.8, 20,    15,     3, 0.0000, 0.0000
M5,01/07/23,17:59:57,     9,  7023,   443, 1009.1, 300,20.7,27.6, 0.0,  0, 0.0000,     0,24.2,25.6, 3.8, 20,    18,     4, 0.0000, 0.0000
M5,01/07/23,17:59:58,     9,  7024,   446, 1009.1, 300,20.7,27.5, 0.0,  0, 0.0000,     0,24.2,25.6, 3.8, 20,    21,     5, 0.0000, 0.0000
M5,01/07/23,17:59:59,     9,  7025,   448, 1009.1, 300,20.7,27.5, 0.0,  0, 0.0000,     0,24.2,25.6, 4.2, 20,    23,     6, 0.0000, 0.0000
M5,01/07/23,18:00:00,     9,  7026,   449, 1009.1, 300,20.8,27.5, 0.0,  0, 0.0000,     0,24.2,25.6, 4.2, 20,    24,     7, 0.0000, 0.0000
M5,01/07/23,18:00:01,     9,  7027,   450, 1009.1, 300,20.8,27.5, 0.0,  0, 0.0000,     0,24.2,25.6, 4.2, 20,    25,     8, 0.0000, 0.0000
M5,01/07/23,18:00:02,     9,  7028,   451, 1009.1, 300,20.8,27.5, 0.0,  0, 0.0000,     0,24.2,25.6, 4.2, 20,    26,     9, 0.0000, 0.0000
M5,01/07/23,18:00:03,     9,  7029,   452, 1009.1, 300,20.9,27.5, 0.0,  0, 0.0000,     0,24.2,25.6, 4.2, 25,    27,    10, 0.0000, 0.0000
M5,01/07/23,18:00:04,     9,  7030,   453, 1009.1, 300,20.9,27.5, 0.0,  0, 0.0000,     0,24.2,25.6, 4.2, 25,    28,    11, 0.0000, 0.0000
M5,01/07/23,18:00:05,     9,  7031,   454, 1009.1, 300,20.9,27.6, 0.0,  0, 0.0000,     0,24.2,25.7, 4.2, 25,    29,    12, 0.0000, 0.0000
M5,01/07/23,18:00:06,     9,  7032,   455, 1009.1, 300,20.9,27.6, 0.0,  0, 0.0000,     0,24.2,25.7, 4.2, 25,    30,    13, 1.1955, 1.1941
M5,01/07/23,18:00:07,     9,  7033,   456, 1009.1, 300,21.0,27.6, 0.0,  0, 0.0000,     0,24.2,25.7, 4.2, 25,    31,    14, 1.1997, 1.2052
M5,01/07/23,18:00:08,     9,  7034,   457, 1009.1, 301,21.0,27.6, 0.0,  0, 0.0000,     0,24.2,25.7, 4.2, 25,    33,    15, 1.2526, 1.0781
M5,01/07/23,18:00:09,     9,  7035,   458, 1009.1, 300,21.0,27.6, 0.0,  0, 0.0000,     0,24.2,25.7, 4.2, 25,    34,    16, 1.2649, 1.1225
M5,01/07/23,18:00:10,     9,  7036,   459, 1009.1, 300,21.0,27.5, 0.0,  0, 0.0000,     0,24.2,25.7, 4.2, 25,    35,    17, 1.2663, 1.1842
M5,01/07/23,18:00:11,     9,  7037,   460, 1009.1, 300,21.0,27.5, 0.0,  0, 0.0000,     0,24.2,25.7, 4.2, 25,    35,    18, 1.2470, 1.2596
M5,01/07/23,18:00:12,     9,  7038,   461, 1009.1, 300,21.1,27.5, 0.0,  0, 0.0000,     0,24.2,25.7, 4.2, 25,    36,    19, 1.2262, 1.3178
M5,01/07/23,18:00:13,     9,  7039,   462, 1009.1, 300,21.1,27.5, 0.0,  0, 0.0000,     0,24.2,25.7, 4.2, 25,    37,    20, 1.2027, 1.3503
M5,01/07/23,18:00:14,     9,  7040,   463, 1009.1, 300,21.2,27.5, 0.0,  0, 0.0000,     0,24.2,25.7, 4.2, 25,    38,    21, 1.1783, 1.3854
M5,01/07/23,18:00:15,     9,  7041,   463, 1009.1, 300,21.2,27.5, 0.0,  0, 0.0000,     0,24.2,25.7, 4.4, 25,    39,    22, 1.1561, 1.3907
M5,01/07/23,18:00:16,     9,  7042,   464, 1009.1, 300,21.2,27.5, 0.0,  0, 0.0000,     0,24.2,25.7, 4.4, 25,    40,    23, 1.1453, 1.3679
M5,01/07/23,18:00:17,     9,  7043,   465, 1009.1, 300,21.2,27.5, 0.0,  0, 0.0000,     0,24.2,25.7, 4.4, 25,    40,    24, 1.1282, 1.3635
M5,01/07/23,18:00:18,     9,  7044,   465, 1009.1, 300,21.2,27.5, 0.0,  0, 0.0000,     0,24.2,25.7, 4.4, 25,    41,    25, 1.1008, 1.3935
M5,01/07/23,18:00:19,     9,  7045,   466, 1009.1, 300,21.2,27.5, 0.0,  0, 0.0000,     0,24.2,25.7, 4.4, 25,    41,    26, 1.0770, 1.4090
M5,01/07/23,18:00:20,     9,  7046,   467, 1009.1, 300,21.2,27.5, 0.0,  0, 0.0000,     0,24.2,25.7, 4.4, 25,    42,    27, 1.0616, 1.3886
M5,01/07/23,18:00:21,     9,  7047,   468, 1009.1, 300,21.3,27.5, 0.0,  0, 0.0000,     0,24.2,25.7, 4.4, 25,    43,    28, 1.0545, 1.3536
M5,01/07/23,18:00:22,     9,  7048,   469, 1009.1, 300,21.3,27.5, 0.0,  0, 0.0000,     0,24.2,25.7, 4.4, 25,    44,    29, 1.0501, 1.3102
M5,01/07/23,18:00:23,     9,  7049,   470, 1009.1, 300,21.3,27.5, 0.0,  0, 0.0000,     0,24.2,25.7, 4.4, 25,    46,    30, 1.0527, 1.2587
M5,01/07/23,18:00:24,     9,  7050,   471, 1009.1, 299,21.3,27.5, 0.0,  0, 0.0000,     0,24.2,25.7, 4.4, 25,    47,    31, 1.0529, 1.2201
M5,01/07/23,18:00:25,     9,  7051,   472, 1009.1, 300,21.3,27.5, 0.0,  0, 0.0000,     0,24.2,25.7, 4.4, 25,    48,    32, 1.0550, 1.1837
M5,01/07/23,18:00:26,     9,  7052,   473, 1009.1, 300,21.3,27.5, 0.0,  0, 0.0000,     0,24.2,25.7, 4.2, 25,    49,    33, 1.0583, 1.1512
M5,01/07/23,18:00:27,     9,  7053,   474, 1009.1, 300,21.3,27.5, 0.0,  0, 0.0000,     0,24.2,25.7, 4.2, 25,    49,    34, 1.0602, 1.1287
M5,01/07/23,18:00:28,     9,  7054,   475, 1009.1, 301,21.4,27.5, 0.0,  0, 0.0000,     0,24.2,25.7, 4.2, 25,    50,    35, 1.0641, 1.1091
R5,01/07/23,18:00:28,     9,  7054,   475, 1009.1, 301,21.4,27.5, 0.0,  0, 0.0000,     0,24.2,25.7, 4.2, 25,    50,    35, 1.0641, 1.1091
End
Start
M5,01/07/23,18:01:12,     9,  7098,   419, 1009.1, 300,20.4,27.5, 0.0,  0, 0.0000,     0,24.2,25.3, 4.1, 20,     1,     1, 0.0000, 0.0000
M5,01/07/23,18:01:13,     9,  7099,   420, 1009.1, 300,20.4,27.5, 0.0,  0, 0.0000,     0,24.2,25.3, 4.1, 20,     3,     2, 0.0000, 0.0000
M5,01/07/23,18:01:14,     9,  7100,   422, 1009.1, 300,20.4,27.5, 0.0,  0, 0.0000,     0,24.2,25.3, 4.9, 20,     4,     3, 0.0000, 0.0000
M5,01/07/23,18:01:15,     9,  7101,   423, 1009.1, 300,20.4,27.5, 0.0,  0, 0.0000,     0,24.2,25.3, 4.9, 20,     5,     4, 0.0000, 0.0000
M5,01/07/23,18:01:16,     9,  7102,   424, 1009.1, 300,20.5,27.5, 0.0,  0, 0.0000,     0,24.2,25.4, 4.9, 20,     6,     5, 0.0000, 0.0000
M5,01/07/23,18:01:17,     9,  7103,   425, 1009.0, 300,20.5,27.5, 0.0,  0, 0.0000,     0,24.2,25.4, 4.9, 20,     7,     6, 0.0000, 0.0000
M5,01/07/23,18:01:18,     9,  7104,   426, 1009.0, 300,20.5,27.5, 0.0,  0, 0.0000,     0,24.2,25.4, 4.9, 20,     8,     7, 0.0000, 0.0000
M5,01/07/23,18:01:19,     9,  7105,   427, 1009.0, 300,20.5,27.5, 0.0,  0, 0.0000,     0,24.2,25.4, 4.6, 20,    10,     8, 0.0000, 0.0000
M5,01/07/23,18:01:20,     9,  7106,   428, 1009.0, 300,20.5,27.5, 0.0,  0, 0.0000,     0,24.2,25.4, 4.6, 20,    11,     9, 0.0000, 0.0000
M5,01/07/23,18:01:21,     9,  7107,   429, 1009.0, 300,20.6,27.5, 0.0,  0, 0.0000,     0,24.2,25.4, 4.6, 25,    12,    10, 0.0000, 0.0000
M5,01/07/23,18:01:22,     9,  7108,   430, 1009.0, 300,20.6,27.5, 0.0,  0, 0.0000,     0,24.2,25.4, 4.6, 25,    13,    11, 0.0000, 0.0000
M5,01/07/23,18:01:23,     9,  7109,   431, 1009.0, 300,20.6,27.5, 0.0,  0, 0.0000,     0,24.2,25.4, 4.6, 25,    14,    12, 0.0000, 0.0000
M5,01/07/23,18:01:24,     9,  7110,   432, 1009.0, 300,20.6,27.5, 0.0,  0, 0.0000,     0,24.2,25.4, 4.4, 25,    14,    13, 1.1659, 1.4544
M5,01/07/23,18:01:25,     9,  7111,   433, 1009.1, 300,20.7,27.5, 0.0,  0, 0.0000,     0,24.2,25.4, 4.4, 25,    15,    14, 1.1153, 1.3972
M5,01/07/23,18:01:26,     9,  7112,   433, 1009.1, 300,20.7,27.5, 0.0,  0, 0.0000,     0,24.2,25.5, 4.4, 25,    16,    15, 1.0490, 1.3800
M5,01/07/23,18:01:27,     9,  7113,   434, 1009.1, 300,20.7,27.5, 0.0,  0, 0.0000,     0,24.2,25.5, 4.4, 25,    17,    16, 1.0172, 1.2936
M5,01/07/23,18:01:28,     9,  7114,   435, 1009.1, 299,20.7,27.5, 0.0,  0, 0.0000,     0,24.2,25.5, 4.4, 25,    17,    17, 0.9875, 1.2597
M5,01/07/23,18:01:29,     9,  7115,   436, 1009.1, 300,20.7,27.5, 0.0,  0, 0.0000,     0,24.2,25.5, 4.4, 25,    18,    18, 0.9840, 1.1614
M5,01/07/23,18:01:30,     9,  7116,   437, 1009.1, 300,20.8,27.5, 0.0,  0, 0.0000,     0,24.2,25.5, 4.0, 25,    19,    19, 0.9957, 1.0767
M5,01/07/23,18:01:31,     9,  7117,   438, 1009.0, 300,20.8,27.5, 0.0,  0, 0.0000,     0,24.2,25.5, 4.0, 25,    20,    20, 1.0086, 1.0097
M5,01/07/23,18:01:32,     9,  7118,   439, 1009.0, 300,20.9,27.5, 0.0,  0, 0.0000,     0,24.2,25.5, 4.0, 25,    21,    21, 1.0176, 0.9900
M5,01/07/23,18:01:33,     9,  7119,   439, 1009.0, 300,20.9,27.5, 0.0,  0, 0.0000,     0,24.2,25.5, 4.0, 25,    22,    22, 1.0070, 1.0249
M5,01/07/23,18:01:34,     9,  7120,   440, 1009.1, 300,20.9,27.5, 0.0,  0, 0.0000,     0,24.2,25.5, 4.0, 25,    22,    23, 0.9848, 1.0851
M5,01/07/23,18:01:35,     9,  7121,   440, 1009.1, 300,20.9,27.5, 0.0,  0, 0.0000,     0,24.2,25.5, 4.4, 25,    23,    24, 0.9670, 1.1205
M5,01/07/23,18:01:36,     9,  7122,   441, 1009.1, 300,20.9,27.5, 0.0,  0, 0.0000,     0,24.2,25.5, 4.4, 25,    24,    25, 0.9541, 1.1233
M5,01/07/23,18:01:37,     9,  7123,   442, 1009.1, 301,21.0,27.5, 0.0,  0, 0.0000,     0,24.2,25.5, 4.4, 25,    25,    26, 0.9515, 1.1006
M5,01/07/23,18:01:38,     9,  7124,   443, 1009.1, 300,21.0,27.5, 0.0,  0, 0.0000,     0,24.2,25.5, 4.4, 25,    26,    27, 0.9557, 1.0538
M5,01/07/23,18:01:39,     9,  7125,   444, 1009.1, 300,21.0,27.5, 0.0,  0, 0.0000,     0,24.2,25.5, 4.4, 25,    26,    28, 0.9573, 1.0325
M5,01/07/23,18:01:40,     9,  7126,   444, 1009.1, 300,21.0,27.5, 0.0,  0, 0.0000,     0,24.2,25.5, 4.4, 25,    27,    29, 0.9522, 1.0328
M5,01/07/23,18:01:41,     9,  7127,   445, 1009.1, 300,21.0,27.5, 0.0,  0, 0.0000,     0,24.2,25.5, 4.4, 25,    28,    30, 0.9489, 1.0273
M5,01/07/23,18:01:42,     9,  7128,   446, 1009.1, 300,21.1,27.5, 0.0,  0, 0.0000,     0,24.2,25.5, 4.4, 25,    29,    31, 0.9503, 1.0123
M5,01/07/23,18:01:43,     9,  7129,   447, 1009.1, 300,21.1,27.5, 0.0,  0, 0.0000,     0,24.2,25.5, 4.4, 25,    30,    32, 0.9507, 0.9988
M5,01/07/23,18:01:44,     9,  7130,   448, 1009.1, 300,21.1,27.5, 0.0,  0, 0.0000,     0,24.2,25.5, 4.4, 25,    30,    33, 0.9507, 0.9952
M5,01/07/23,18:01:45,     9,  7131,   448, 1009.1, 300,21.1,27.5, 0.0,  0, 0.0000,     0,24.2,25.5, 4.4, 25,    31,    34, 0.9499, 0.9890
M5,01/07/23,18:01:46,     9,  7132,   449, 1009.1, 299,21.2,27.5, 0.0,  0, 0.0000,     0,24.2,25.5, 4.4, 25,    32,    35, 0.9506, 0.9834
M5,01/07/23,18:01:47,     9,  7133,   450, 1009.1, 300,21.2,27.5, 0.0,  0, 0.0000,     0,24.2,25.5, 4.4, 25,    33,    36, 0.9522, 0.9713
M5,01/07/23,18:01:48,     9,  7134,   451, 1009.1, 300,21.2,27.5, 0.0,  0, 0.0000,     0,24.2,25.5, 4.4, 25,    34,    37, 0.9557, 0.9568
M5,01/07/23,18:01:49,     9,  7135,   452, 1009.1, 300,21.2,27.5, 0.0,  0, 0.0000,     0,24.2,25.5, 4.4, 25,    35,    38, 0.9583, 0.9456
M5,01/07/23,18:01:50,     9,  7136,   453, 1009.1, 300,21.2,27.5, 0.0,  0, 0.0000,     0,24.2,25.5, 4.4, 25,    36,    39, 0.9606, 0.9373
M5,01/07/23,18:01:51,     9,  7137,   454, 1009.1, 300,21.2,27.5, 0.0,  0, 0.0000,     0,24.2,25.5, 4.0, 25,    36,    40, 0.9624, 0.9362
M5,01/07/23,18:01:52,     9,  7138,   454, 1009.1, 300,21.2,27.5, 0.0,  0, 0.0000,     0,24.2,25.5, 4.0, 25,    37,    41, 0.9621, 0.9386
M5,01/07/23,18:01:53,     9,  7139,   455, 1009.1, 300,21.3,27.5, 0.0,  0, 0.0000,     0,24.2,25.5, 4.0, 25,    38,    42, 0.9618, 0.9445
M5,01/07/23,18:01:54,     9,  7140,   455, 1009.1, 300,21.3,27.5, 0.0,  0, 0.0000,     0,24.2,25.5, 4.0, 25,    38,    43, 0.9584, 0.9570
M5,01/07/23,18:01:55,     9,  7141,   456, 1009.1, 300,21.3,27.5, 0.0,  0, 0.0000,     0,24.2,25.5, 4.0, 25,    39,    44, 0.9562, 0.9662
M5,01/07/23,18:01:56,     9,  7142,   457, 1009.1, 300,21.3,27.5, 0.0,  0, 0.0000,     0,23.9,25.6, 4.4, 25,    39,    45, 0.9531, 0.9747
M5,01/07/23,18:01:57,     9,  7143,   458, 1009.1, 300,21.3,27.5, 0.0,  0, 0.0000,     0,23.9,25.6, 4.4, 25,    40,    46, 0.9515, 0.9768
M5,01/07/23,18:01:58,     9,  7144,   459, 1009.1, 300,21.3,27.5, 0.0,  0, 0.0000,     0,23.9,25.6, 4.4, 25,    41,    47, 0.9517, 0.9748
M5,01/07/23,18:01:59,     9,  7145,   460, 1009.1, 300,21.3,27.5, 0.0,  0, 0.0000,     0,23.9,25.6, 4.4, 25,    42,    48, 0.9516, 0.9716
M5,01/07/23,18:02:00,     9,  7146,   460, 1009.1, 300,21.4,27.5, 0.0,  0, 0.0000,     0,23.9,25.6, 4.4, 25,    43,    49, 0.9516, 0.9715
M5,01/07/23,18:02:01,     9,  7147,   461, 1009.1, 299,21.4,27.5, 0.0,  0, 0.0000,     0,23.9,25.6, 4.4, 25,    44,    50, 0.9505, 0.9725
M5,01/07/23,18:02:02,     9,  7148,   462, 1009.1, 300,21.4,27.5, 0.0,  0, 0.0000,     0,23.9,25.6, 4.4, 25,    45,    51, 0.9500, 0.9724
M5,01/07/23,18:02:03,     9,  7149,   463, 1009.1, 300,21.4,27.5, 0.0,  0, 0.0000,     0,23.9,25.5, 4.4, 25,    45,    52, 0.9494, 0.9712
M5,01/07/23,18:02:04,     9,  7150,   463, 1009.1, 300,21.4,27.5, 0.0,  0, 0.0000,     0,23.9,25.5, 4.4, 25,    46,    53, 0.9485, 0.9716
M5,01/07/23,18:02:05,     9,  7151,   464, 1009.1, 300,21.4,27.5, 0.0,  0, 0.0000,     0,23.9,25.6, 4.4, 25,    47,    54, 0.9482, 0.9712
M5,01/07/23,18:02:06,     9,  7152,   465, 1009.1, 300,21.4,27.5, 0.0,  0, 0.0000,     0,23.9,25.6, 4.4, 25,    48,    55, 0.9472, 0.9719
M5,01/07/23,18:02:07,     9,  7153,   466, 1009.1, 300,21.5,27.5, 0.0,  0, 0.0000,     0,23.9,25.5, 4.4, 25,    48,    56, 0.9463, 0.9742
M5,01/07/23,18:02:08,     9,  7154,   466, 1009.1, 300,21.5,27.5, 0.0,  0, 0.0000,     0,23.9,25.5, 4.4, 25,    49,    57, 0.9453, 0.9747
M5,01/07/23,18:02:09,     9,  7155,   467, 1009.1, 300,21.5,27.5, 0.0,  0, 0.0000,     0,23.9,25.5, 4.4, 25,    50,    58, 0.9450, 0.9747
M5,01/07/23,18:02:10,     9,  7156,   468, 1009.1, 300,21.5,27.5, 0.0,  0, 0.0000,     0,23.9,25.5, 4.4, 25,    51,    59, 0.9440, 0.9752
R5,01/07/23,18:02:10,     9,  7156,   468, 1009.1, 300,21.5,27.5, 0.0,  0, 0.0000,     0,23.9,25.5, 4.4, 25,    51,    59, 0.9440, 0.9752
End
Start
M5,01/07/23,18:02:55,     9,  7200,   427, 1009.1, 300,20.7,27.5, 0.0,  0, 0.0000,     0,23.9,25.3, 3.7, 20,     1,     1, 0.0000, 0.0000
M5,01/07/23,18:02:56,     9,  7201,   428, 1009.1, 300,20.7,27.5, 0.0,  0, 0.0000,     0,23.9,25.3, 4.0, 20,     3,     2, 0.0000, 0.0000
M5,01/07/23,18:02:57,     9,  7202,   429, 1009.1, 300,20.7,27.5, 0.0,  0, 0.0000,     0,23.9,25.3, 4.0, 20,     4,     3, 0.0000, 0.0000
M5,01/07/23,18:02:58,     9,  7203,   430, 1009.1, 300,20.7,27.5, 0.0,  0, 0.0000,     0,23.9,25.3, 4.0, 20,     5,     4, 0.0000, 0.0000
M5,01/07/23,18:02:59,     9,  7204,   431, 1009.1, 300,20.7,27.5, 0.0,  0, 0.0000,     0,23.9,25.3, 4.0, 20,     6,     5, 0.0000, 0.0000
M5,01/07/23,18:03:00,     9,  7205,   432, 1009.1, 300,20.7,27.5, 0.0,  0, 0.0000,     0,23.9,25.3, 4.0, 20,     7,     6, 0.0000, 0.0000
M5,01/07/23,18:03:01,     9,  7206,   433, 1009.1, 300,20.7,27.5, 0.0,  0, 0.0000,     0,23.9,25.3, 4.6, 20,     8,     7, 0.0000, 0.0000
M5,01/07/23,18:03:02,     9,  7207,   434, 1009.1, 301,20.7,27.5, 0.0,  0, 0.0000,     0,23.9,25.3, 4.6, 20,     9,     8, 0.0000, 0.0000
M5,01/07/23,18:03:03,     9,  7208,   435, 1009.1, 300,20.7,27.4, 0.0,  0, 0.0000,     0,23.9,25.3, 4.6, 20,    10,     9, 0.0000, 0.0000
M5,01/07/23,18:03:04,     9,  7209,   436, 1009.1, 300,20.7,27.4, 0.0,  0, 0.0000,     0,23.9,25.3, 4.6, 25,    11,    10, 0.0000, 0.0000
M5,01/07/23,18:03:05,     9,  7210,   437, 1009.1, 300,20.8,27.5, 0.0,  0, 0.0000,     0,23.9,25.3, 4.6, 25,    12,    11, 0.0000, 0.0000
M5,01/07/23,18:03:06,     9,  7211,   438, 1009.1, 300,20.8,27.5, 0.0,  0, 0.0000,     0,23.9,25.3, 4.6, 25,    13,    12, 0.0000, 0.0000
M5,01/07/23,18:03:07,     9,  7212,   438, 1009.1, 300,20.8,27.5, 0.0,  0, 0.0000,     0,23.9,25.3, 4.3, 25,    13,    13, 0.9785, 1.5715
M5,01/07/23,18:03:08,     9,  7213,   439, 1009.1, 300,20.8,27.4, 0.0,  0, 0.0000,     0,23.9,25.3, 4.3, 25,    14,    14, 0.9017, 1.3495
M5,01/07/23,18:03:09,     9,  7214,   440, 1009.1, 300,20.8,27.4, 0.0,  0, 0.0000,     0,23.9,25.3, 4.3, 25,    15,    15, 0.8896, 1.1318
M5,01/07/23,18:03:10,     9,  7215,   441, 1009.1, 300,20.8,27.4, 0.0,  0, 0.0000,     0,23.9,25.3, 4.3, 25,    15,    16, 0.8992, 1.0024
M5,01/07/23,18:03:11,     9,  7216,   442, 1009.1, 300,20.8,27.4, 0.0,  0, 0.0000,     0,23.9,25.3, 4.3, 25,    16,    17, 0.9247, 0.8912
M5,01/07/23,18:03:12,     9,  7217,   443, 1009.1, 300,20.9,27.5, 0.0,  0, 0.0000,     0,23.9,25.3, 4.3, 25,    18,    18, 0.9709, 0.7950
M5,01/07/23,18:03:13,     9,  7218,   444, 1009.1, 300,20.9,27.5, 0.0,  0, 0.0000,     0,23.9,25.3, 4.3, 25,    18,    19, 0.9925, 0.7916
M5,01/07/23,18:03:14,     9,  7219,   444, 1009.1, 300,20.9,27.5, 0.0,  0, 0.0000,     0,23.9,25.3, 4.3, 25,    19,    20, 0.9948, 0.8445
M5,01/07/23,18:03:15,     9,  7220,   445, 1009.1, 300,20.9,27.5, 0.0,  0, 0.0000,     0,23.9,25.3, 4.3, 25,    20,    21, 1.0020, 0.8708
M5,01/07/23,18:03:16,     9,  7221,   446, 1009.1, 300,20.9,27.5, 0.0,  0, 0.0000,     0,23.9,25.3, 4.3, 25,    21,    22, 1.0111, 0.8760
M5,01/07/23,18:03:17,     9,  7222,   447, 1009.1, 300,20.9,27.4, 0.0,  0, 0.0000,     0,23.9,25.3, 4.0, 25,    22,    23, 1.0109, 0.9100
M5,01/07/23,18:03:18,     9,  7223,   448, 1009.1, 300,20.9,27.4, 0.0,  0, 0.0000,     0,23.9,25.3, 4.0, 25,    22,    24, 1.0049, 0.9503
M5,01/07/23,18:03:19,     9,  7224,   448, 1009.1, 301,21.0,27.4, 0.0,  0, 0.0000,     0,23.9,25.3, 4.0, 25,    23,    25, 0.9977, 0.9899
M5,01/07/23,18:03:20,     9,  7225,   449, 1009.1, 300,21.0,27.4, 0.0,  0, 0.0000,     0,23.9,25.3, 4.0, 25,    24,    26, 0.9914, 1.0095
M5,01/07/23,18:03:21,     9,  7226,   450, 1009.1, 300,21.0,27.4, 0.0,  0, 0.0000,     0,23.9,25.3, 4.0, 25,    24,    27, 0.9845, 1.0307
M5,01/07/23,18:03:22,     9,  7227,   451, 1009.1, 300,21.0,27.4, 0.0,  0, 0.0000,     0,23.9,25.3, 4.0, 25,    25,    28, 0.9787, 1.0384
M5,01/07/23,18:03:23,     9,  7228,   451, 1009.1, 300,21.0,27.4, 0.0,  0, 0.0000,     0,23.9,25.3, 4.0, 25,    26,    29, 0.9747, 1.0388
M5,01/07/23,18:03:24,     9,  7229,   452, 1009.1, 300,21.1,27.4, 0.0,  0, 0.0000,     0,23.9,25.4, 4.0, 25,    27,    30, 0.9731, 1.0363
M5,01/07/23,18:03:25,     9,  7230,   453, 1009.1, 300,21.1,27.4, 0.0,  0, 0.0000,     0,23.9,25.3, 4.0, 25,    28,    31, 0.9711, 1.0304
M5,01/07/23,18:03:26,     9,  7231,   454, 1009.1, 300,21.1,27.4, 0.0,  0, 0.0000,     0,23.9,25.3, 4.0, 25,    28,    32, 0.9682, 1.0314
M5,01/07/23,18:03:27,     9,  7232,   454, 1009.1, 300,21.1,27.4, 0.0,  0, 0.0000,     0,23.9,25.4, 4.0, 25,    29,    33, 0.9639, 1.0346
M5,01/07/23,18:03:28,     9,  7233,   455, 1009.1, 300,21.1,27.4, 0.0,  0, 0.0000,     0,23.9,25.3, 4.3, 25,    30,    34, 0.9614, 1.0336
M5,01/07/23,18:03:29,     9,  7234,   456, 1009.1, 300,21.1,27.4, 0.0,  0, 0.0000,     0,23.9,25.3, 4.3, 25,    31,    35, 0.9575, 1.0352
M5,01/07/23,18:03:30,     9,  7235,   457, 1009.1, 300,21.1,27.4, 0.0,  0, 0.0000,     0,23.9,25.3, 4.3, 25,    32,    36, 0.9547, 1.0327
M5,01/07/23,18:03:31,     9,  7236,   457, 1009.1, 300,21.2,27.4, 0.0,  0, 0.0000,     0,23.9,25.3, 4.3, 25,    32,    37, 0.9526, 1.0347
M5,01/07/23,18:03:32,     9,  7237,   458, 1009.1, 300,21.2,27.4, 0.0,  0, 0.0000,     0,23.9,25.4, 4.3, 25,    33,    38, 0.9472, 1.0413
M5,01/07/23,18:03:33,     9,  7238,   459, 1009.1, 300,21.2,27.4, 0.0,  0, 0.0000,     0,23.9,25.4, 4.3, 25,    34,    39, 0.9436, 1.0428
M5,01/07/23,18:03:34,     9,  7239,   459, 1009.1, 300,21.2,27.4, 0.0,  0, 0.0000,     0,23.9,25.4, 4.3, 25,    34,    40, 0.9393, 1.0442
M5,01/07/23,18:03:35,     9,  7240,   460, 1009.1, 300,21.2,27.4, 0.0,  0, 0.0000,     0,23.9,25.4, 4.3, 25,    35,    41, 0.9349, 1.0481
M5,01/07/23,18:03:36,     9,  7241,   461, 1009.1, 300,21.2,27.4, 0.0,  0, 0.0000,     0,23.9,25.4, 4.3, 25,    35,    42, 0.9301, 1.0507
M5,01/07/23,18:03:37,     9,  7242,   461, 1009.1, 300,21.2,27.4, 0.0,  0, 0.0000,     0,23.9,25.4, 4.3, 25,    36,    43, 0.9255, 1.0526
M5,01/07/23,18:03:38,     9,  7243,   462, 1009.1, 300,21.3,27.4, 0.0,  0, 0.0000,     0,23.9,25.4, 4.3, 25,    37,    44, 0.9224, 1.0508
M5,01/07/23,18:03:39,     9,  7244,   463, 1009.1, 300,21.3,27.4, 0.0,  0, 0.0000,     0,23.9,25.4, 4.6, 25,    38,    45, 0.9206, 1.0424
M5,01/07/23,18:03:40,     9,  7245,   464, 1009.1, 300,21.3,27.4, 0.0,  0, 0.0000,     0,23.9,25.4, 4.6, 25,    39,    46, 0.9200, 1.0336
M5,01/07/23,18:03:41,     9,  7246,   465, 1009.1, 300,21.3,27.4, 0.0,  0, 0.0000,     0,23.9,25.4, 4.6, 25,    40,    47, 0.9193, 1.0236
M5,01/07/23,18:03:42,     9,  7247,   466, 1009.1, 300,21.3,27.4, 0.0,  0, 0.0000,     0,23.9,25.4, 4.6, 25,    41,    48, 0.9201, 1.0109
M5,01/07/23,18:03:43,     9,  7248,   467, 1009.1, 300,21.3,27.4, 0.0,  0, 0.0000,     0,23.9,25.4, 4.6, 25,    42,    49, 0.9208, 0.9987
M5,01/07/23,18:03:44,     9,  7249,   468, 1009.1, 300,21.3,27.4, 0.0,  0, 0.0000,     0,23.9,25.4, 4.6, 25,    43,    50, 0.9229, 0.9852
M5,01/07/23,18:03:45,     9,  7250,   469, 1009.1, 299,21.3,27.4, 0.0,  0, 0.0000,     0,23.9,25.4, 4.6, 25,    43,    51, 0.9245, 0.9727
M5,01/07/23,18:03:46,     9,  7251,   469, 1009.1, 300,21.3,27.4, 0.0,  0, 0.0000,     0,23.9,25.4, 4.6, 25,    44,    52, 0.9255, 0.9638
M5,01/07/23,18:03:47,     9,  7252,   470, 1009.1, 300,21.4,27.4, 0.0,  0, 0.0000,     0,23.9,25.4, 4.6, 25,    45,    53, 0.9256, 0.9601
M5,01/07/23,18:03:48,     9,  7253,   470, 1009.1, 300,21.4,27.4, 0.0,  0, 0.0000,     0,23.9,25.4, 4.6, 25,    45,    54, 0.9240, 0.9623
M5,01/07/23,18:03:49,     9,  7254,   471, 1009.1, 300,21.4,27.4, 0.0,  0, 0.0000,     0,23.9,25.4, 4.6, 25,    46,    55, 0.9227, 0.9651
M5,01/07/23,18:03:50,     9,  7255,   472, 1009.1, 300,21.4,27.4, 0.0,  0, 0.0000,     0,23.9,25.4, 4.6, 25,    46,    56, 0.9213, 0.9657
M5,01/07/23,18:03:51,     9,  7256,   472, 1009.1, 300,21.4,27.4, 0.0,  0, 0.0000,     0,23.9,25.4, 4.6, 25,    47,    57, 0.9195, 0.9688
M5,01/07/23,18:03:52,     9,  7257,   473, 1009.1, 300,21.4,27.4, 0.0,  0, 0.0000,     0,23.9,25.4, 4.6, 25,    48,    58, 0.9175, 0.9717
M5,01/07/23,18:03:53,     9,  7258,   473, 1009.1, 300,21.4,27.4, 0.0,  0, 0.0000,     0,23.9,25.4, 4.6, 25,    48,    59, 0.9149, 0.9762
M5,01/07/23,18:03:54,     9,  7259,   474, 1009.1, 300,21.4,27.4, 0.0,  0, 0.0000,     0,23.9,25.4, 4.6, 25,    49,    60, 0.9129, 0.9804
R5,01/07/23,18:03:54,     9,  7259,   474, 1009.1, 300,21.4,27.4, 0.0,  0, 0.0000,     0,23.9,25.4, 4.6, 25,    49,    60, 0.9129, 0.9804
End
