Tag(M3),Date,Time,Plot_No,Rec_No,CO2,Pressure,Flow,H2O,Tsen,O2,Error,Aux_V,PAR,Tsoil,Tair,Msoil
Start
M5,01/07/23,16:31:58,     1,  1775,   500, 1010.5, 300,20.7,28.4, 0.0,  0, 0.0000,     0,26.7,26.7, 8.6, 20,    -2,     1, 0.0000, 0.0000
M5,01/07/23,16:31:59,     1,  1776,   499, 1010.5, 300,20.7,28.4, 0.0,  0, 0.0000,     0,26.7,26.7, 8.6, 20,    -4,     2, 0.0000, 0.0000
M5,01/07/23,16:32:00,     1,  1777,   499, 1010.5, 300,20.7,28.4, 0.0,  0, 0.0000,     0,26.7,26.7, 8.6, 20,    -4,     3, 0.0000, 0.0000
M5,01/07/23,16:32:01,     1,  1778,   499, 1010.5, 300,20.7,28.4, 0.0,  0, 0.0000,     0,26.7,26.7, 8.6, 20,    -4,     4, 0.0000, 0.0000
M5,01/07/23,16:32:02,     1,  1779,   499, 1010.5, 300,20.7,28.4, 0.0,  0, 0.0000,     0,26.7,26.7, 8.6, 20,    -4,     5, 0.0000, 0.0000
M5,01/07/23,16:32:03,     1,  1780,   499, 1010.5, 300,20.7,28.4, 0.0,  0, 0.0000,     0,26.7,26.7, 8.6, 20,    -3,     6, 0.0000, 0.0000
M5,01/07/23,16:32:04,     1,  1781,   500, 1010.5, 300,20.7,28.4, 0.0,  0, 0.0000,     0,26.7,26.7, 8.6, 20,    -3,     7, 0.0000, 0.0000
M5,01/07/23,16:32:05,     1,  1782,   500, 1010.5, 300,20.8,28.4, 0.0,  0, 0.0000,     0,26.7,26.8, 8.6, 20,    -3,     8, 0.0000, 0.0000
M5,01/07/23,16:32:06,     1,  1783,   501, 1010.5, 300,20.8,28.4, 0.0,  0, 0.0000,     0,26.7,26.8, 8.6, 20,    -2,     9, 0.0000, 0.0000
M5,01/07/23,16:32:07,     1,  1784,   501, 1010.5, 300,20.8,28.4, 0.0,  0, 0.0000,     0,26.7,26.8, 8.6, 25,    -1,    10, 0.0000, 0.0000
M5,01/07/23,16:32:08,     1,  1785,   502, 1010.5, 300,20.8,28.4, 0.0,  0, 0.0000,     0,26.7,26.8, 8.6, 25,    -1,    11, 0.0000, 0.0000
M5,01/07/23,16:32:09,     1,  1786,   503, 1010.5, 300,20.8,28.4, 0.0,  0, 0.0000,     0,26.7,26.8, 8.6, 25,    -0,    12, 0.0000, 0.0000
M5,01/07/23,16:32:10,     1,  1787,   503, 1010.5, 300,20.8,28.4, 0.0,  0, 0.0000,     0,26.7,26.8, 8.6, 25,     0,    13, 0.6372, 0.9409
M5,01/07/23,16:32:11,     1,  1788,   503, 1010.5, 300,20.8,28.4, 0.0,  0, 0.0000,     0,26.7,26.8, 8.6, 25,     1,    14, 0.6146, 0.7858
M5,01/07/23,16:32:12,     1,  1789,   504, 1010.5, 300,20.9,28.4, 0.0,  0, 0.0000,     0,26.7,26.8, 8.6, 25,     1,    15, 0.6182, 0.7048
M5,01/07/23,16:32:13,     1,  1790,   504, 1010.5, 300,20.9,28.4, 0.0,  0, 0.0000,     0,26.7,26.8, 8.6, 25,     2,    16, 0.6178, 0.6569
M5,01/07/23,16:32:14,     1,  1791,   505, 1010.5, 300,20.9,28.4, 0.0,  0, 0.0000,     0,26.7,26.8, 8.6, 25,     2,    17, 0.6027, 0.6722
M5,01/07/23,16:32:15,     1,  1792,   505, 1010.5, 300,20.9,28.4, 0.0,  0, 0.0000,     0,26.7,26.8, 8.6, 25,     3,    18, 0.5855, 0.6932
M5,01/07/23,16:32:16,     1,  1793,   506, 1010.5, 300,20.9,28.4, 0.0,  0, 0.0000,     0,26.7,26.9, 8.6, 25,     3,    19, 0.5783, 0.6712
M5,01/07/23,16:32:17,     1,  1794,   506, 1010.5, 300,21.0,28.4, 0.0,  0, 0.0000,     0,26.7,26.9, 8.6, 25,     4,    20, 0.5807, 0.6457
M5,01/07/23,16:32:18,     1,  1795,   507, 1010.5, 300,21.0,28.4, 0.0,  0, 0.0000,     0,26.7,26.9, 8.6, 25,     4,    21, 0.5898, 0.5954
M5,01/07/23,16:32:19,     1,  1796,   508, 1010.5, 300,21.0,28.4, 0.0,  0, 0.0000,     0,26.7,26.9, 8.6, 25,     5,    22, 0.6056, 0.5501
M5,01/07/23,16:32:20,     1,  1797,   508, 1010.5, 300,21.0,28.4, 0.0,  0, 0.0000,     0,26.7,26.9, 8.6, 25,     6,    23, 0.6211, 0.5128
M5,01/07/23,16:32:21,     1,  1798,   509, 1010.5, 300,21.1,28.4, 0.0,  0, 0.0000,     0,26.7,26.9, 8.6, 25,     6,    24, 0.6396, 0.4891
M5,01/07/23,16:32:22,     1,  1799,   510, 1010.5, 300,21.1,28.4, 0.0,  0, 0.0000,     0,26.7,26.9, 8.6, 25,     7,    25, 0.6499, 0.4867
M5,01/07/23,16:32:23,     1,  1800,   510, 1010.5, 300,21.1,28.4, 0.0,  0, 0.0000,     0,26.7,26.9, 8.6, 25,     7,    26, 0.6545, 0.5035
M5,01/07/23,16:32:24,     1,  1801,   510, 1010.5, 300,21.1,28.4, 0.0,  0, 0.0000,     0,26.7,26.9, 8.6, 25,     8,    27, 0.6592, 0.5235
M5,01/07/23,16:32:25,     1,  1802,   511, 1010.5, 300,21.1,28.4, 0.0,  0, 0.0000,     0,26.7,26.9, 8.6, 25,     8,    28, 0.6575, 0.5521
M5,01/07/23,16:32:26,     1,  1803,   511, 1010.5, 300,21.2,28.4, 0.0,  0, 0.0000,     0,26.7,26.9, 8.6, 25,     8,    29, 0.6544, 0.5861
M5,01/07/23,16:32:27,     1,  1804,   512, 1010.5, 300,21.2,28.4, 0.0,  0, 0.0000,     0,26.7,26.9, 8.6, 25,     9,    30, 0.6533, 0.5988
M5,01/07/23,16:32:28,     1,  1805,   512, 1010.5, 300,21.2,28.4, 0.0,  0, 0.0000,     0,26.7,26.9, 8.6, 25,    10,    31, 0.6533, 0.6088
M5,01/07/23,16:32:29,     1,  1806,   513, 1010.5, 300,21.2,28.4, 0.0,  0, 0.0000,     0,26.7,26.9, 8.6, 25,    10,    32, 0.6547, 0.6084
M5,01/07/23,16:32:30,     1,  1807,   514, 1010.5, 300,21.2,28.4, 0.0,  0, 0.0000,     0,26.7,26.9, 8.6, 25,    11,    33, 0.6578, 0.6027
M5,01/07/23,16:32:31,     1,  1808,   514, 1010.4, 300,21.2,28.4, 0.0,  0, 0.0000,     0,26.7,26.9, 8.6, 25,    12,    34, 0.6608, 0.6013
M5,01/07/23,16:32:32,     1,  1809,   515, 1010.4, 300,21.2,28.4, 0.0,  0, 0.0000,     0,26.7,26.9, 8.6, 25,    12,    35, 0.6607, 0.6084
M5,01/07/23,16:32:33,     1,  1810,   515, 1010.4, 300,21.3,28.4, 0.0,  0, 0.0000,     0,26.7,26.9, 8.6, 25,    12,    36, 0.6579, 0.6274
M5,01/07/23,16:32:34,     1,  1811,   515, 1010.4, 300,21.3,28.4, 0.0,  0, 0.0000,     0,26.7,26.9, 8.6, 25,    13,    37, 0.6532, 0.6458
M5,01/07/23,16:32:35,     1,  1812,   516, 1010.4, 300,21.3,28.4, 0.0,  0, 0.0000,     0,26.7,26.9, 8.6, 25,    13,    38, 0.6487, 0.6645
M5,01/07/23,16:32:36,     1,  1813,   516, 1010.4, 300,21.3,28.4, 0.0,  0, 0.0000,     0,26.7,26.9, 8.6, 25,    13,    39, 0.6443, 0.6763
M5,01/07/23,16:32:37,     1,  1814,   517, 1010.4, 300,21.3,28.4, 0.0,  0, 0.0000,     0,26.7,26.9, 8.6, 25,    14,    40, 0.6407, 0.6836
M5,01/07/23,16:32:38,     1,  1815,   517, 1010.4, 300,21.4,28.4, 0.0,  0, 0.0000,     0,26.7,26.9, 8.6, 25,    14,    41, 0.6386, 0.6886
M5,01/07/23,16:32:39,     1,  1816,   517, 1010.4, 300,21.4,28.4, 0.0,  0, 0.0000,     0,26.7,26.9, 8.6, 25,    15,    42, 0.6350, 0.6943
M5,01/07/23,16:32:40,     1,  1817,   518, 1010.5, 300,21.4,28.4, 0.0,  0, 0.0000,     0,26.7,26.9, 8.6, 25,    15,    43, 0.6302, 0.7053
M5,01/07/23,16:32:41,     1,  1818,   518, 1010.5, 300,21.4,28.4, 0.0,  0, 0.0000,     0,26.7,27.0, 8.6, 25,    16,    44, 0.6259, 0.7112
M5,01/07/23,16:32:42,     1,  1819,   519, 1010.5, 300,21.4,28.4, 0.0,  0, 0.0000,     0,26.7,27.0, 8.6, 25,    16,    45, 0.6241, 0.7112
M5,01/07/23,16:32:43,     1,  1820,   519, 1010.5, 300,21.4,28.4, 0.0,  0, 0.0000,     0,26.7,27.0, 8.2, 25,    17,    46, 0.6214, 0.7104
M5,01/07/23,16:32:44,     1,  1821,   520, 1010.5, 300,21.4,28.4, 0.0,  0, 0.0000,     0,26.7,27.0, 8.2, 25,    17,    47, 0.6194, 0.7082
M5,01/07/23,16:32:45,     1,  1822,   520, 1010.5, 300,21.4,28.4, 0.0,  0, 0.0000,     0,26.7,27.0, 8.2, 25,    18,    48, 0.6176, 0.7046
M5,01/07/23,16:32:46,     1,  1823,   521, 1010.5, 300,21.4,28.4, 0.0,  0, 0.0000,     0,26.7,27.0, 8.2, 25,    18,    49, 0.6162, 0.7003
M5,01/07/23,16:32:47,     1,  1824,   521, 1010.5, 300,21.5,28.4, 0.0,  0, 0.0000,     0,26.7,27.0, 8.2, 25,    19,    50, 0.6156, 0.6960
M5,01/07/23,16:32:48,     1,  1825,   522, 1010.4, 299,21.5,28.4, 0.0,  0, 0.0000,     0,26.7,27.0, 8.6, 25,    19,    51, 0.6147, 0.6907
M5,01/07/23,16:32:49,     1,  1826,   522, 1010.4, 300,21.5,28.4, 0.0,  0, 0.0000,     0,26.7,27.0, 8.6, 25,    20,    52, 0.6141, 0.6884
M5,01/07/23,16:32:50,     1,  1827,   523, 1010.4, 300,21.5,28.4, 0.0,  0, 0.0000,     0,26.7,27.0, 8.6, 25,    20,    53, 0.6137, 0.6824
M5,01/07/23,16:32:51,     1,  1828,   524, 1010.4, 300,21.6,28.4, 0.0,  0, 0.0000,     0,26.7,27.0, 8.6, 25,    21,    54, 0.6143, 0.6746
M5,01/07/23,16:32:52,     1,  1829,   524, 1010.4, 300,21.6,28.4, 0.0,  0, 0.0000,     0,26.7,27.0, 8.6, 25,    22,    55, 0.6153, 0.6651
M5,01/07/23,16:32:53,     1,  1830,   525, 1010.4, 300,21.6,28.4, 0.0,  0, 0.0000,     0,26.7,27.0, 8.6, 25,    22,    56, 0.6167, 0.6545
M5,01/07/23,16:32:54,     1,  1831,   526, 1010.4, 300,21.6,28.4, 0.0,  0, 0.0000,     0,26.7,27.0, 8.6, 25,    23,    57, 0.6184, 0.6458
M5,01/07/23,16:32:55,     1,  1832,   526, 1010.5, 301,21.6,28.4, 0.0,  0, 0.0000,     0,26.7,27.0, 8.6, 25,    24,    58, 0.6201, 0.6362
M5,01/07/23,16:32:56,     1,  1833,   527, 1010.5, 300,21.6,28.4, 0.0,  0, 0.0000,     0,26.7,27.0, 8.6, 25,    24,    59, 0.6220, 0.6284
M5,01/07/23,16:32:57,     1,  1834,   527, 1010.5, 300,21.6,28.4, 0.0,  0, 0.0000,     0,26.7,27.0, 8.6, 25,    25,    60, 0.6235, 0.6216
R5,01/07/23,16:32:57,     1,  1834,   527, 1010.5, 300,21.6,28.4, 0.0,  0, 0.0000,     0,26.7,27.0, 8.6, 25,    25,    60, 0.6235, 0.6216
End
Start
M5,01/07/23,16:34:19,     1,  1916,   438, 1010.5, 300,20.7,28.5, 0.0,  0, 0.0000,     0,26.7,26.7, 8.1, 20,     1,     1, 0.0000, 0.0000
M5,01/07/23,16:34:20,     1,  1917,   440, 1010.5, 300,20.7,28.5, 0.0,  0, 0.0000,     0,26.7,26.7, 8.1, 20,     3,     2, 0.0000, 0.0000
M5,01/07/23,16:34:21,     1,  1918,   441, 1010.5, 300,20.7,28.5, 0.0,  0, 0.0000,     0,26.7,26.7, 8.1, 20,     4,     3, 0.0000, 0.0000
M5,01/07/23,16:34:22,     1,  1919,   441, 1010.5, 300,20.7,28.5, 0.0,  0, 0.0000,     0,26.7,26.7, 8.1, 20,     5,     4, 0.0000, 0.0000
M5,01/07/23,16:34:23,     1,  1920,   442, 1010.5, 300,20.8,28.5, 0.0,  0, 0.0000,     0,26.7,26.7, 8.1, 20,     6,     5, 0.0000, 0.0000
M5,01/07/23,16:34:24,     1,  1921,   443, 1010.5, 300,20.8,28.5, 0.0,  0, 0.0000,     0,26.7,26.7, 7.8, 20,     6,     6, 0.0000, 0.0000
M5,01/07/23,16:34:26,     1,  1922,   444, 1010.5, 300,20.8,28.5, 0.0,  0, 0.0000,     0,26.7,26.8, 7.8, 20,     7,     7, 0.0000, 0.0000
M5,01/07/23,16:34:27,     1,  1923,   445, 1010.5, 300,20.8,28.5, 0.0,  0, 0.0000,     0,26.7,26.8, 7.8, 20,     8,     8, 0.0000, 0.0000
M5,01/07/23,16:34:28,     1,  1924,   445, 1010.5, 300,20.8,28.5, 0.0,  0, 0.0000,     0,26.7,26.8, 7.8, 20,     9,     9, 0.0000, 0.0000
M5,01/07/23,16:34:29,     1,  1925,   446, 1010.5, 300,20.9,28.5, 0.0,  0, 0.0000,     0,26.7,26.8, 7.8, 25,     9,    10, 0.0000, 0.0000
M5,01/07/23,16:34:30,     1,  1926,   447, 1010.5, 300,20.9,28.5, 0.0,  0, 0.0000,     0,26.4,26.8, 7.8, 25,    10,    11, 0.0000, 0.0000
M5,01/07/23,16:34:31,     1,  1927,   447, 1010.5, 300,20.9,28.5, 0.0,  0, 0.0000,     0,26.4,26.8, 7.8, 25,    11,    12, 0.0000, 0.0000
M5,01/07/23,16:34:32,     1,  1928,   448, 1010.5, 300,20.9,28.5, 0.0,  0, 0.0000,     0,26.4,26.8, 7.8, 25,    11,    13, 0.7366, 0.7355
M5,01/07/23,16:34:33,     1,  1929,   449, 1010.5, 300,20.9,28.5, 0.0,  0, 0.0000,     0,26.4,26.9, 7.8, 25,    12,    14, 0.7935, 0.6207
M5,01/07/23,16:34:34,     1,  1930,   450, 1010.5, 300,21.0,28.5, 0.0, 21, 0.0000,     0,26.4,26.9, 7.8, 25,    13,    15, 0.8720, 0.5480
M5,01/07/23,16:34:35,     1,  1931,   451, 1010.5, 300,21.0,28.5, 0.0, 21, 0.0000,     0,26.4,26.9, 7.8, 25,    14,    16, 0.9134, 0.5964
M5,01/07/23,16:34:36,     1,  1932,   451, 1010.5, 300,21.0,28.5, 0.0,  0, 0.0000,     0,26.4,26.9, 8.1, 25,    15,    17, 0.9249, 0.7055
M5,01/07/23,16:34:37,     1,  1933,   452, 1010.5, 300,21.0,28.5, 0.0,  0, 0.0000,     0,26.4,26.9, 8.1, 25,    15,    18, 0.9344, 0.7580
M5,01/07/23,16:34:38,     1,  1934,   453, 1010.5, 300,21.1,28.5, 0.0,  0, 0.0000,     0,26.4,26.9, 8.1, 25,    16,    19, 0.9362, 0.8241
M5,01/07/23,16:34:39,     1,  1935,   454, 1010.5, 300,21.1,28.5, 0.0,  0, 0.0000,     0,26.4,26.9, 8.1, 25,    17,    20, 0.9377, 0.8505
M5,01/07/23,16:34:40,     1,  1936,   454, 1010.5, 300,21.1,28.5, 0.0,  0, 0.0000,     0,26.4,26.9, 8.1, 25,    17,    21, 0.9206, 0.9319
M5,01/07/23,16:34:41,     1,  1937,   455, 1010.5, 300,21.1,28.5, 0.0,  0, 0.0000,     0,26.4,26.9, 7.8, 25,    18,    22, 0.8984, 0.9914
M5,01/07/23,16:34:42,     1,  1938,   455, 1010.5, 300,21.1,28.5, 0.0,  0, 0.0000,     0,26.4,26.9, 7.8, 25,    18,    23, 0.8819, 1.0144
M5,01/07/23,16:34:43,     1,  1939,   456, 1010.5, 300,21.2,28.5, 0.0,  0, 0.0000,     0,26.4,26.9, 7.8, 25,    19,    24, 0.8715, 1.0202
M5,01/07/23,16:34:44,     1,  1940,   456, 1010.5, 300,21.2,28.5, 0.0,  0, 0.0000,     0,26.4,27.0, 7.8, 25,    19,    25, 0.8544, 1.0372
M5,01/07/23,16:34:45,     1,  1941,   457, 1010.5, 300,21.2,28.5, 0.0,  0, 0.0000,     0,26.4,27.0, 7.8, 25,    20,    26, 0.8388, 1.0490
M5,01/07/23,16:34:46,     1,  1942,   457, 1010.5, 299,21.2,28.5, 0.0,  0, 0.0000,     0,26.4,27.0, 7.8, 25,    21,    27, 0.8267, 1.0427
M5,01/07/23,16:34:47,     1,  1943,   458, 1010.5, 300,21.2,28.5, 0.0,  0, 0.0000,     0,26.4,27.0, 7.8, 25,    21,    28, 0.8154, 1.0388
M5,01/07/23,16:34:48,     1,  1944,   458, 1010.5, 300,21.2,28.5, 0.0,  0, 0.0000,     0,26.4,27.0, 7.8, 25,    22,    29, 0.8037, 1.0342
M5,01/07/23,16:34:49,     1,  1945,   459, 1010.5, 300,21.2,28.5, 0.0,  0, 0.0000,     0,26.4,27.0, 7.8, 25,    22,    30, 0.7925, 1.0288
M5,01/07/23,16:34:50,     1,  1946,   459, 1010.5, 300,21.3,28.5, 0.0,  0, 0.0000,     0,26.4,27.0, 7.8, 25,    23,    31, 0.7833, 1.0239
M5,01/07/23,16:34:51,     1,  1947,   460, 1010.5, 300,21.3,28.5, 0.0,  0, 0.0000,     0,26.4,27.0, 7.8, 25,    23,    32, 0.7733, 1.0166
M5,01/07/23,16:34:52,     1,  1948,   461, 1010.5, 300,21.3,28.5, 0.0,  0, 0.0000,     0,26.4,27.0, 8.1, 25,    24,    33, 0.7674, 1.0023
M5,01/07/23,16:34:53,     1,  1949,   461, 1010.5, 300,21.3,28.5, 0.0,  0, 0.0000,     0,26.4,27.0, 8.1, 25,    24,    34, 0.7623, 0.9829
M5,01/07/23,16:34:54,     1,  1950,   462, 1010.5, 300,21.3,28.5, 0.0,  0, 0.0000,     0,26.4,27.0, 8.1, 25,    25,    35, 0.7578, 0.9684
M5,01/07/23,16:34:55,     1,  1951,   463, 1010.5, 300,21.3,28.5, 0.0,  0, 0.0000,     0,26.4,27.0, 8.1, 25,    26,    36, 0.7556, 0.9448
M5,01/07/23,16:34:56,     1,  1952,   463, 1010.5, 300,21.3,28.5, 0.0,  0, 0.0000,     0,26.4,27.0, 8.1, 25,    26,    37, 0.7543, 0.9221
M5,01/07/23,16:34:57,     1,  1953,   464, 1010.5, 300,21.4,28.5, 0.0,  0, 0.0000,     0,26.4,27.0, 8.1, 25,    27,    38, 0.7528, 0.9062
M5,01/07/23,16:34:58,     1,  1954,   465, 1010.5, 300,21.4,28.5, 0.0,  0, 0.0000,     0,26.4,27.0, 8.1, 25,    28,    39, 0.7516, 0.8896
M5,01/07/23,16:34:59,     1,  1955,   465, 1010.5, 300,21.4,28.5, 0.0,  0, 0.0000,     0,26.4,27.0, 8.1, 25,    28,    40, 0.7502, 0.8783
M5,01/07/23,16:35:00,     1,  1956,   466, 1010.5, 300,21.4,28.5, 0.0,  0, 0.0000,     0,26.4,27.0, 8.1, 25,    29,    41, 0.7478, 0.8699
M5,01/07/23,16:35:01,     1,  1957,   466, 1010.5, 300,21.4,28.5, 0.0,  0, 0.0000,     0,26.4,27.0, 8.1, 25,    29,    42, 0.7472, 0.8608
M5,01/07/23,16:35:02,     1,  1958,   467, 1010.5, 300,21.4,28.5, 0.0,  0, 0.0000,     0,26.4,27.0, 8.1, 25,    30,    43, 0.7462, 0.8501
M5,01/07/23,16:35:03,     1,  1959,   468, 1010.5, 300,21.5,28.5, 0.0,  0, 0.0000,     0,26.4,27.0, 8.1, 25,    31,    44, 0.7472, 0.8360
M5,01/07/23,16:35:04,     1,  1960,   468, 1010.5, 300,21.5,28.5, 0.0,  0, 0.0000,     0,26.4,27.1, 8.1, 25,    31,    45, 0.7466, 0.8273
M5,01/07/23,16:35:05,     1,  1961,   469, 1010.5, 300,21.5,28.5, 0.0,  0, 0.0000,     0,26.4,27.1, 8.1, 25,    32,    46, 0.7464, 0.8184
M5,01/07/23,16:35:06,     1,  1962,   469, 1010.5, 300,21.5,28.5, 0.0,  0, 0.0000,     0,26.4,27.1, 8.1, 25,    32,    47, 0.7463, 0.8131
M5,01/07/23,16:35:07,     1,  1963,   470, 1010.5, 300,21.5,28.5, 0.0,  0, 0.0000,     0,26.4,27.1, 8.1, 25,    33,    48, 0.7460, 0.8065
M5,01/07/23,16:35:08,     1,  1964,   470, 1010.5, 300,21.5,28.5, 0.0,  0, 0.0000,     0,26.4,27.1, 8.1, 25,    33,    49, 0.7450, 0.8055
M5,01/07/23,16:35:09,     1,  1965,   471, 1010.5, 300,21.5,28.5, 0.0,  0, 0.0000,     0,26.4,27.1, 8.1, 25,    34,    50, 0.7433, 0.8051
M5,01/07/23,16:35:10,     1,  1966,   471, 1010.5, 300,21.6,28.5, 0.0,  0, 0.0000,     0,26.4,27.1, 8.1, 25,    35,    51, 0.7415, 0.8057
M5,01/07/23,16:35:11,     1,  1967,   472, 1010.5, 300,21.6,28.5, 0.0,  0, 0.0000,     0,26.4,27.1, 8.1, 25,    35,    52, 0.7400, 0.8043
M5,01/07/23,16:35:12,     1,  1968,   473, 1010.5, 300,21.6,28.5, 0.0,  0, 0.0000,     0,26.4,27.1, 8.1, 25,    36,    53, 0.7384, 0.8037
M5,01/07/23,16:35:13,     1,  1969,   473, 1010.5, 300,21.6,28.5, 0.0,  0, 0.0000,     0,26.4,27.1, 8.1, 25,    36,    54, 0.7374, 0.8017
M5,01/07/23,16:35:14,     1,  1970,   474, 1010.5, 300,21.6,28.5, 0.0,  0, 0.0000,     0,26.4,27.1, 8.1, 25,    37,    55, 0.7360, 0.8004
M5,01/07/23,16:35:15,     1,  1971,   474, 1010.5, 300,21.6,28.5, 0.0,  0, 0.0000,     0,26.4,27.1, 8.1, 25,    37,    56, 0.7351, 0.8005
M5,01/07/23,16:35:16,     1,  1972,   475, 1010.5, 300,21.6,28.5, 0.0,  0, 0.0000,     0,26.4,27.1, 8.1, 25,    38,    57, 0.7340, 0.7985
M5,01/07/23,16:35:17,     1,  1973,   475, 1010.5, 300,21.6,28.5, 0.0,  0, 0.0000,     0,26.4,27.1, 8.1, 25,    39,    58, 0.7330, 0.7976
M5,01/07/23,16:35:18,     1,  1974,   476, 1010.5, 300,21.6,28.5, 0.0,  0, 0.0000,     0,26.4,27.1, 8.1, 25,    39,    59, 0.7321, 0.7951
M5,01/07/23,16:35:19,     1,  1975,   477, 1010.5, 300,21.6,28.5, 0.0,  0, 0.0000,     0,26.4,27.1, 8.1, 25,    40,    60, 0.7315, 0.7918
R5,01/07/23,16:35:19,     1,  1975,   477, 1010.5, 300,21.6,28.5, 0.0,  0, 0.0000,     0,26.4,27.1, 8.1, 25,    40,    60, 0.7315, 0.7918
End
Start
M5,01/07/23,16:36:05,     1,  2021,   434, 1010.5, 300,20.8,28.5, 0.0,  0, 0.0000,     0,26.4,26.9, 8.1, 20,     1,     1, 0.0000, 0.0000
M5,01/07/23,16:36:06,     1,  2022,   435, 1010.5, 300,20.8,28.5, 0.0,  0, 0.0000,     0,26.4,26.9, 8.1, 20,     2,     2, 0.0000, 0.0000
M5,01/07/23,16:36:07,     1,  2023,   436, 1010.5, 300,20.8,28.5, 0.0,  0, 0.0000,     0,26.4,26.9, 8.1, 20,     3,     3, 0.0000, 0.0000
M5,01/07/23,16:36:08,     1,  2024,   437, 1010.5, 300,20.9,28.5, 0.0,  0, 0.0000,     0,26.4,27.0, 8.1, 20,     4,     4, 0.0000, 0.0000
M5,01/07/23,16:36:09,     1,  2025,   438, 1010.5, 300,20.9,28.5, 0.0,  0, 0.0000,     0,26.4,27.0, 8.1, 20,     5,     5, 0.0000, 0.0000
M5,01/07/23,16:36:10,     1,  2026,   439, 1010.5, 300,21.0,28.5, 0.0,  0, 0.0000,     0,26.4,27.0, 8.1, 20,     6,     6, 0.0000, 0.0000
M5,01/07/23,16:36:11,     1,  2027,   439, 1010.5, 300,21.0,28.5, 0.0,  0, 0.0000,     0,26.4,27.0, 8.1, 20,     6,     7, 0.0000, 0.0000
M5,01/07/23,16:36:12,     1,  2028,   440, 1010.5, 300,21.0,28.5, 0.0,  0, 0.0000,     0,26.4,27.0, 8.1, 20,     7,     8, 0.0000, 0.0000
M5,01/07/23,16:36:13,     1,  2029,   441, 1010.5, 300,21.0,28.5, 0.0,  0, 0.0000,     0,26.4,27.0, 8.1, 20,     8,     9, 0.0000, 0.0000
M5,01/07/23,16:36:14,     1,  2030,   442, 1010.5, 300,21.0,28.5, 0.0,  0, 0.0000,     0,26.4,27.0, 8.1, 25,     8,    10, 0.0000, 0.0000
M5,01/07/23,16:36:15,     1,  2031,   442, 1010.5, 300,21.1,28.5, 0.0,  0, 0.0000,     0,26.4,27.1, 8.1, 25,     9,    11, 0.0000, 0.0000
M5,01/07/23,16:36:16,     1,  2032,   443, 1010.5, 300,21.1,28.5, 0.0,  0, 0.0000,     0,26.4,27.1, 8.1, 25,    10,    12, 0.0000, 0.0000
M5,01/07/23,16:36:17,     1,  2033,   444, 1010.5, 300,21.1,28.5, 0.0,  0, 0.0000,     0,26.4,27.1, 8.1, 25,    11,    13, 0.9530, 1.0921
M5,01/07/23,16:36:18,     1,  2034,   445, 1010.5, 300,21.1,28.5, 0.0,  0, 0.0000,     0,26.4,27.1, 8.1, 25,    12,    14, 0.9503, 0.9983
M5,01/07/23,16:36:19,     1,  2035,   445, 1010.5, 300,21.2,28.5, 0.0,  0, 0.0000,     0,26.4,27.1, 8.1, 25,    12,    15, 0.9342, 1.0155
M5,01/07/23,16:36:20,     1,  2036,   446, 1010.5, 300,21.2,28.5, 0.0,  0, 0.0000,     0,26.4,27.1, 8.1, 25,    13,    16, 0.9123, 1.0195
M5,01/07/23,16:36:21,     1,  2037,   447, 1010.5, 300,21.2,28.5, 0.0,  0, 0.0000,     0,26.4,27.1, 8.1, 25,    14,    17, 0.9111, 0.9711
M5,01/07/23,16:36:22,     1,  2038,   448, 1010.5, 300,21.2,28.5, 0.0,  0, 0.0000,     0,26.4,27.1, 8.1, 25,    14,    18, 0.9060, 0.9658
M5,01/07/23,16:36:23,     1,  2039,   448, 1010.5, 300,21.2,28.5, 0.0,  0, 0.0000,     0,26.4,27.1, 8.1, 25,    15,    19, 0.8856, 0.9961
M5,01/07/23,16:36:24,     1,  2040,   448, 1010.5, 300,21.3,28.5, 0.0,  0, 0.0000,     0,26.4,27.1, 8.1, 25,    15,    20, 0.8584, 1.0445
M5,01/07/23,16:36:25,     1,  2041,   449, 1010.5, 300,21.3,28.5, 0.0,  0, 0.0000,     0,26.4,27.1, 8.1, 25,    16,    21, 0.8468, 1.0195
M5,01/07/23,16:36:26,     1,  2042,   450, 1010.5, 300,21.3,28.5, 0.0,  0, 0.0000,     0,26.4,27.1, 8.1, 25,    17,    22, 0.8479, 0.9765
M5,01/07/23,16:36:27,     1,  2043,   451, 1010.5, 300,21.3,28.5, 0.0,  0, 0.0000,     0,26.4,27.2, 8.1, 25,    18,    23, 0.8458, 0.9457
M5,01/07/23,16:36:28,     1,  2044,   451, 1010.5, 300,21.3,28.5, 0.0,  0, 0.0000,     0,26.4,27.2, 8.1, 25,    18,    24, 0.8436, 0.9249
M5,01/07/23,16:36:29,     1,  2045,   452, 1010.5, 300,21.4,28.5, 0.0,  0, 0.0000,     0,26.4,27.2, 8.1, 25,    19,    25, 0.8472, 0.8977
M5,01/07/23,16:36:30,     1,  2046,   453, 1010.5, 300,21.4,28.5, 0.0,  0, 0.0000,     0,26.4,27.2, 8.1, 25,    20,    26, 0.8481, 0.8806
M5,01/07/23,16:36:31,     1,  2047,   454, 1010.5, 300,21.4,28.5, 0.0,  0, 0.0000,     0,26.4,27.2, 8.1, 25,    21,    27, 0.8560, 0.8490
M5,01/07/23,16:36:32,     1,  2048,   455, 1010.5, 300,21.4,28.5, 0.0,  0, 0.0000,     0,26.4,27.2, 8.1, 25,    21,    28, 0.8603, 0.8334
M5,01/07/23,16:36:33,     1,  2049,   455, 1010.5, 300,21.4,28.5, 0.0,  0, 0.0000,     0,26.4,27.2, 8.1, 25,    22,    29, 0.8609, 0.8384
M5,01/07/23,16:36:34,     1,  2050,   456, 1010.5, 300,21.4,28.5, 0.0,  0, 0.0000,     0,26.4,27.2, 8.1, 25,    23,    30, 0.8599, 0.8433
M5,01/07/23,16:36:35,     1,  2051,   456, 1010.5, 300,21.5,28.5, 0.0,  0, 0.0000,     0,26.4,27.2, 8.1, 25,    23,    31, 0.8576, 0.8572
M5,01/07/23,16:36:36,     1,  2052,   457, 1010.5, 300,21.5,28.5, 0.0,  0, 0.0000,     0,26.4,27.2, 8.1, 25,    24,    32, 0.8521, 0.8736
M5,01/07/23,16:36:37,     1,  2053,   458, 1010.5, 300,21.5,28.5, 0.0,  0, 0.0000,     0,26.4,27.2, 8.1, 25,    24,    33, 0.8496, 0.8769
M5,01/07/23,16:36:38,     1,  2054,   458, 1010.4, 300,21.5,28.5, 0.0,  0, 0.0000,     0,26.4,27.2, 8.1, 25,    25,    34, 0.8501, 0.8729
M5,01/07/23,16:36:39,     1,  2055,   459, 1010.4, 300,21.5,28.5, 0.0,  0, 0.0000,     0,26.4,27.2, 8.1, 25,    26,    35, 0.8495, 0.8699
M5,01/07/23,16:36:40,     1,  2056,   460, 1010.4, 300,21.5,28.5, 0.0,  0, 0.0000,     0,26.4,27.2, 8.1, 25,    26,    36, 0.8479, 0.8743
M5,01/07/23,16:36:41,     1,  2057,   460, 1010.4, 300,21.5,28.5, 0.0,  0, 0.0000,     0,26.4,27.2, 8.1, 25,    27,    37, 0.8457, 0.8766
M5,01/07/23,16:36:42,     1,  2058,   461, 1010.4, 300,21.6,28.5, 0.0,  0, 0.0000,     0,26.4,27.2, 8.1, 25,    28,    38, 0.8442, 0.8783
M5,01/07/23,16:36:43,     1,  2059,   462, 1010.4, 300,21.6,28.5, 0.0,  0, 0.0000,     0,26.4,27.2, 8.1, 25,    28,    39, 0.8411, 0.8834
M5,01/07/23,16:36:44,     1,  2060,   462, 1010.4, 300,21.6,28.5, 0.0,  0, 0.0000,     0,26.4,27.2, 8.1, 25,    29,    40, 0.8378, 0.8882
M5,01/07/23,16:36:45,     1,  2061,   463, 1010.4, 300,21.6,28.5, 0.0,  0, 0.0000,     0,26.4,27.2, 8.1, 25,    30,    41, 0.8357, 0.8915
M5,01/07/23,16:36:46,     1,  2062,   463, 1010.4, 300,21.6,28.5, 0.0,  0, 0.0000,     0,26.4,27.2, 8.1, 25,    30,    42, 0.8332, 0.8924
M5,01/07/23,16:36:47,     1,  2063,   464, 1010.5, 300,21.6,28.5, 0.0,  0, 0.0000,     0,26.4,27.2, 8.1, 25,    31,    43, 0.8314, 0.8927
M5,01/07/23,16:36:48,     1,  2064,   465, 1010.5, 300,21.6,28.5, 0.0,  0, 0.0000,     0,26.4,27.2, 8.1, 25,    32,    44, 0.8295, 0.8916
M5,01/07/23,16:36:49,     1,  2065,   466, 1010.5, 300,21.7,28.5, 0.0,  0, 0.0000,     0,26.2,27.2, 8.1, 25,    33,    45, 0.8302, 0.8838
M5,01/07/23,16:36:50,     1,  2066,   467, 1010.5, 300,21.7,28.5, 0.0,  0, 0.0000,     0,26.2,27.2, 8.1, 25,    33,    46, 0.8312, 0.8736
M5,01/07/23,16:36:51,     1,  2067,   467, 1010.5, 300,21.7,28.5, 0.0,  0, 0.0000,     0,26.2,27.2, 8.1, 25,    34,    47, 0.8311, 0.8684
M5,01/07/23,16:36:52,     1,  2068,   468, 1010.5, 300,21.7,28.6, 0.0,  0, 0.0000,     0,26.2,27.2, 8.1, 25,    34,    48, 0.8307, 0.8674
M5,01/07/23,16:36:53,     1,  2069,   468, 1010.5, 300,21.7,28.6, 0.0,  0, 0.0000,     0,26.2,27.2, 8.1, 25,    35,    49, 0.8291, 0.8685
M5,01/07/23,16:36:54,     1,  2070,   469, 1010.5, 300,21.7,28.6, 0.0,  0, 0.0000,     0,26.2,27.2, 8.1, 25,    35,    50, 0.8276, 0.8719
M5,01/07/23,16:36:55,     1,  2071,   469, 1010.5, 300,21.7,28.6, 0.0,  0, 0.0000,     0,26.2,27.2, 8.1, 25,    36,    51, 0.8243, 0.8785
M5,01/07/23,16:36:56,     1,  2072,   470, 1010.5, 300,21.8,28.6, 0.0,  0, 0.0000,     0,26.2,27.2, 8.1, 25,    36,    52, 0.8210, 0.8853
M5,01/07/23,16:36:57,     1,  2073,   470, 1010.5, 300,21.8,28.6, 0.0,  0, 0.0000,     0,26.2,27.2, 8.1, 25,    37,    53, 0.8168, 0.8944
M5,01/07/23,16:36:58,     1,  2074,   470, 1010.5, 300,21.8,28.6, 0.0,  0, 0.0000,     0,26.2,27.2, 8.1, 25,    37,    54, 0.8128, 0.9030
M5,01/07/23,16:36:59,     1,  2075,   471, 1010.5, 300,21.8,28.6, 0.0,  0, 0.0000,     0,26.2,27.2, 8.1, 25,    38,    55, 0.8096, 0.9063
M5,01/07/23,16:37:00,     1,  2076,   472, 1010.5, 300,21.8,28.6, 0.0,  0, 0.0000,     0,26.2,27.2, 8.1, 25,    39,    56, 0.8068, 0.9078
M5,01/07/23,16:37:01,     1,  2077,   472, 1010.5, 300,21.8,28.6, 0.0,  0, 0.0000,     0,26.2,27.3, 8.1, 25,    39,    57, 0.8043, 0.9102
M5,01/07/23,16:37:02,     1,  2078,   473, 1010.5, 300,21.8,28.6, 0.0,  0, 0.0000,     0,26.2,27.3, 8.1, 25,    40,    58, 0.8022, 0.9086
M5,01/07/23,16:37:03,     1,  2079,   474, 1010.5, 300,21.8,28.6, 0.0,  0, 0.0000,     0,26.2,27.3, 8.1, 25,    41,    59, 0.8007, 0.9066
M5,01/07/23,16:37:04,     1,  2080,   474, 1010.5, 300,21.8,28.6, 0.0,  0, 0.0000,     0,26.2,27.3, 8.1, 25,    41,    60, 0.7984, 0.9061
R5,01/07/23,16:37:04,     1,  2080,   474, 1010.5, 300,21.8,28.6, 0.0,  0, 0.0000,     0,26.2,27.3, 8.1, 25,    41,    60, 0.7984, 0.9061
End
Zero
Start
M5,01/07/23,16:42:23,     2,  2397,   429, 1010.6, 300,21.0,28.6, 0.0,  0, 0.0000,     0,25.9,26.7,14.2, 20,     0,     1, 0.0000, 0.0000
M5,01/07/23,16:42:24,     2,  2398,   430, 1010.6, 300,21.0,28.6, 0.0,  0, 0.0000,     0,25.9,26.7,14.2, 20,     1,     2, 0.0000, 0.0000
M5,01/07/23,16:42:25,     2,  2399,   430, 1010.6, 300,21.0,28.6, 0.0,  0, 0.0000,     0,25.9,26.7,14.2, 20,     2,     3, 0.0000, 0.0000
M5,01/07/23,16:42:26,     2,  2400,   431, 1010.6, 300,21.0,28.6, 0.0,  0, 0.0000,     0,25.9,26.8,14.2, 20,     3,     4, 0.0000, 0.0000
M5,01/07/23,16:42:27,     2,  2401,   432, 1010.6, 300,21.1,28.6, 0.0,  0, 0.0000,     0,25.9,26.8,14.2, 20,     3,     5, 0.0000, 0.0000
M5,01/07/23,16:42:28,     2,  2402,   433, 1010.6, 300,21.1,28.6, 0.0,  0, 0.0000,     0,25.9,26.8,14.2, 20,     4,     6, 0.0000, 0.0000
M5,01/07/23,16:42:29,     2,  2403,   434, 1010.6, 300,21.1,28.5, 0.0,  0, 0.0000,     0,25.9,26.8,14.2, 20,     5,     7, 0.0000, 0.0000
M5,01/07/23,16:42:30,     2,  2404,   434, 1010.6, 300,21.1,28.5, 0.0,  0, 0.0000,     0,25.9,26.8,14.2, 20,     5,     8, 0.0000, 0.0000
M5,01/07/23,16:42:31,     2,  2405,   435, 1010.6, 300,21.1,28.5, 0.0,  0, 0.0000,     0,25.9,26.8,14.2, 20,     6,     9, 0.0000, 0.0000
M5,01/07/23,16:42:32,     2,  2406,   436, 1010.6, 300,21.2,28.6, 0.0,  0, 0.0000,     0,25.9,26.8,14.2, 25,     7,    10, 0.0000, 0.0000
M5,01/07/23,16:42:33,     2,  2407,   436, 1010.6, 300,21.2,28.6, 0.0,  0, 0.0000,     0,25.9,26.8,14.2, 25,     8,    11, 0.0000, 0.0000
M5,01/07/23,16:42:34,     2,  2408,   437, 1010.6, 300,21.3,28.6, 0.0,  0, 0.0000,     0,25.9,26.8,14.2, 25,     8,    12, 0.0000, 0.0000
M5,01/07/23,16:42:35,     2,  2409,   438, 1010.6, 300,21.3,28.6, 0.0,  0, 0.0000,     0,25.9,26.8,14.2, 25,     9,    13, 0.8620, 0.8614
M5,01/07/23,16:42:36,     2,  2410,   438, 1010.6, 300,21.4,28.6, 0.0,  0, 0.0000,     0,25.9,26.8,14.2, 25,    10,    14, 0.8113, 0.9728
M5,01/07/23,16:42:37,     2,  2411,   439, 1010.6, 300,21.4,28.6, 0.0,  0, 0.0000,     0,25.9,26.8,14.2, 25,    10,    15, 0.7889, 0.9216
M5,01/07/23,16:42:38,     2,  2412,   440, 1010.6, 300,21.4,28.6, 0.0,  0, 0.0000,     0,25.9,26.8,14.2, 25,    11,    16, 0.7800, 0.8711
M5,01/07/23,16:42:39,     2,  2413,   440, 1010.6, 300,21.4,28.6, 0.0,  0, 0.0000,     0,25.9,26.8,14.2, 25,    12,    17, 0.7809, 0.8399
M5,01/07/23,16:42:40,     2,  2414,   441, 1010.6, 300,21.4,28.6, 0.0,  0, 0.0000,     0,25.9,26.8,14.2, 25,    12,    18, 0.7789, 0.8155
M5,01/07/23,16:42:41,     2,  2415,   441, 1010.6, 300,21.5,28.6, 0.0,  0, 0.0000,     0,25.9,26.8,14.2, 25,    13,    19, 0.7711, 0.8345
M5,01/07/23,16:42:42,     2,  2416,   442, 1010.6, 300,21.5,28.6, 0.0,  0, 0.0000,     0,25.9,26.8,14.2, 25,    13,    20, 0.7648, 0.8260
M5,01/07/23,16:42:43,     2,  2417,   443, 1010.6, 300,21.5,28.5, 0.0,  0, 0.0000,     0,25.9,26.8,13.9, 25,    14,    21, 0.7635, 0.8131
M5,01/07/23,16:42:44,     2,  2418,   443, 1010.6, 300,21.5,28.5, 0.0,  0, 0.0000,     0,25.9,26.9,13.9, 25,    15,    22, 0.7623, 0.7981
M5,01/07/23,16:42:45,     2,  2419,   444, 1010.6, 300,21.6,28.5, 0.0,  0, 0.0000,     0,25.9,26.9,13.9, 25,    15,    23, 0.7651, 0.7879
M5,01/07/23,16:42:46,     2,  2420,   445, 1010.6, 300,21.6,28.5, 0.0,  0, 0.0000,     0,25.9,26.9,13.9, 25,    16,    24, 0.7658, 0.7753
M5,01/07/23,16:42:47,     2,  2421,   445, 1010.6, 300,21.6,28.5, 0.0,  0, 0.0000,     0,25.9,26.9,13.9, 25,    17,    25, 0.7708, 0.7533
M5,01/07/23,16:42:48,     2,  2422,   446, 1010.6, 300,21.7,28.6, 0.0,  0, 0.0000,     0,25.9,26.9,13.9, 25,    18,    26, 0.7808, 0.7317
M5,01/07/23,16:42:49,     2,  2423,   447, 1010.7, 300,21.7,28.6, 0.0,  0, 0.0000,     0,25.9,26.9,13.9, 25,    18,    27, 0.7895, 0.7096
M5,01/07/23,16:42:50,     2,  2424,   448, 1010.7, 300,21.7,28.6, 0.0,  0, 0.0000,     0,25.9,26.9,13.9, 25,    19,    28, 0.8003, 0.6937
M5,01/07/23,16:42:51,     2,  2425,   449, 1010.7, 300,21.7,28.6, 0.0,  0, 0.0000,     0,25.9,26.9,13.9, 25,    20,    29, 0.8067, 0.6889
M5,01/07/23,16:42:52,     2,  2426,   449, 1010.7, 300,21.8,28.6, 0.0,  0, 0.0000,     0,25.9,26.9,13.9, 25,    21,    30, 0.8126, 0.6938
M5,01/07/23,16:42:53,     2,  2427,   450, 1010.7, 300,21.8,28.6, 0.0,  0, 0.0000,     0,25.9,26.9,13.9, 25,    21,    31, 0.8154, 0.7010
M5,01/07/23,16:42:54,     2,  2428,   451, 1010.7, 300,21.8,28.6, 0.0,  0, 0.0000,     0,25.9,26.9,13.9, 25,    22,    32, 0.8173, 0.7102
M5,01/07/23,16:42:55,     2,  2429,   451, 1010.7, 300,21.8,28.5, 0.0,  0, 0.0000,     0,25.9,26.9,13.9, 25,    23,    33, 0.8190, 0.7208
M5,01/07/23,16:42:56,     2,  2430,   452, 1010.7, 300,21.8,28.5, 0.0,  0, 0.0000,     0,25.9,26.9,13.9, 25,    23,    34, 0.8196, 0.7308
M5,01/07/23,16:42:57,     2,  2431,   453, 1010.7, 300,21.9,28.5, 0.0,  0, 0.0000,     0,25.9,26.9,13.9, 25,    24,    35, 0.8225, 0.7358
M5,01/07/23,16:42:58,     2,  2432,   453, 1010.7, 300,21.9,28.5, 0.0,  0, 0.0000,     0,25.9,26.8,13.9, 25,    25,    36, 0.8238, 0.7413
M5,01/07/23,16:42:59,     2,  2433,   454, 1010.7, 300,21.9,28.6, 0.0,  0, 0.0000,     0,25.9,26.8,13.9, 25,    25,    37, 0.8257, 0.7489
M5,01/07/23,16:43:01,     2,  2434,   455, 1010.7, 300,21.9,28.6, 0.0,  0, 0.0000,     0,25.9,26.8,13.9, 25,    26,    38, 0.8260, 0.7556
M5,01/07/23,16:43:02,     2,  2435,   456, 1010.7, 300,21.9,28.6, 0.0,  0, 0.0000,     0,25.9,26.8,13.9, 25,    27,    39, 0.8273, 0.7578
M5,01/07/23,16:43:03,     2,  2436,   456, 1010.7, 300,22.0,28.6, 0.0,  0, 0.0000,     0,25.9,26.8,13.9, 25,    28,    40, 0.8290, 0.7622
M5,01/07/23,16:43:04,     2,  2437,   457, 1010.7, 300,22.0,28.6, 0.0,  0, 0.0000,     0,25.9,26.8,13.9, 25,    28,    41, 0.8295, 0.7666
M5,01/07/23,16:43:05,     2,  2438,   458, 1010.7, 300,22.0,28.6, 0.0,  0, 0.0000,     0,25.9,26.8,13.9, 25,    29,    42, 0.8316, 0.7681
M5,01/07/23,16:43:06,     2,  2439,   459, 1010.7, 300,22.0,28.6, 0.0,  0, 0.0000,     0,25.9,26.9,13.9, 25,    30,    43, 0.8334, 0.7667
M5,01/07/23,16:43:07,     2,  2440,   459, 1010.7, 300,22.1,28.5, 0.0,  0, 0.0000,     0,25.9,26.9,13.9, 25,    31,    44, 0.8355, 0.7666
M5,01/07/23,16:43:08,     2,  2441,   460, 1010.6, 300,22.1,28.5, 0.0,  0, 0.0000,     0,25.9,26.9,13.9, 25,    31,    45, 0.8368, 0.7675
M5,01/07/23,16:43:09,     2,  2442,   461, 1010.6, 300,22.1,28.5, 0.0,  0, 0.0000,     0,25.9,26.9,13.9, 25,    32,    46, 0.8399, 0.7643
M5,01/07/23,16:43:10,     2,  2443,   462, 1010.6, 300,22.1,28.5, 0.0,  0, 0.0000,     0,25.9,26.9,13.9, 25,    33,    47, 0.8427, 0.7602
M5,01/07/23,16:43:11,     2,  2444,   463, 1010.6, 300,22.1,28.5, 0.0,  0, 0.0000,     0,25.9,26.9,13.9, 25,    34,    48, 0.8449, 0.7588
M5,01/07/23,16:43:12,     2,  2445,   463, 1010.6, 300,22.1,28.5, 0.0,  0, 0.0000,     0,25.9,26.9,13.9, 25,    35,    49, 0.8471, 0.7599
M5,01/07/23,16:43:13,     2,  2446,   464, 1010.6, 300,22.1,28.5, 0.0,  0, 0.0000,     0,25.9,26.9,13.9, 25,    35,    50, 0.8484, 0.7619
M5,01/07/23,16:43:14,     2,  2447,   465, 1010.6, 300,22.2,28.5, 0.0,  0, 0.0000,     0,25.9,26.8,13.9, 25,    36,    51, 0.8505, 0.7631
M5,01/07/23,16:43:15,     2,  2448,   465, 1010.6, 300,22.2,28.5, 0.0,  0, 0.0000,     0,25.9,26.9,13.9, 25,    37,    52, 0.8517, 0.7652
M5,01/07/23,16:43:16,     2,  2449,   466, 1010.6, 300,22.2,28.5, 0.0,  0, 0.0000,     0,25.6,26.9,13.9, 25,    38,    53, 0.8538, 0.7667
M5,01/07/23,16:43:17,     2,  2450,   467, 1010.6, 300,22.2,28.5, 0.0,  0, 0.0000,     0,25.6,26.9,13.9, 25,    38,    54, 0.8555, 0.7666
M5,01/07/23,16:43:18,     2,  2451,   468, 1010.6, 300,22.2,28.5, 0.0,  0, 0.0000,     0,25.6,26.8,13.9, 25,    39,    55, 0.8568, 0.7679
M5,01/07/23,16:43:19,     2,  2452,   468, 1010.6, 300,22.3,28.6, 0.0,  0, 0.0000,     0,25.6,26.8,13.9, 25,    40,    56, 0.8579, 0.7729
M5,01/07/23,16:43:20,     2,  2453,   469, 1010.6, 300,22.3,28.6, 0.0,  0, 0.0000,     0,25.6,26.9,13.9, 25,    40,    57, 0.8581, 0.7775
M5,01/07/23,16:43:21,     2,  2454,   470, 1010.6, 300,22.3,28.5, 0.0,  0, 0.0000,     0,25.6,26.9,13.9, 25,    41,    58, 0.8585, 0.7827
M5,01/07/23,16:43:22,     2,  2455,   470, 1010.6, 300,22.3,28.5, 0.0,  0, 0.0000,     0,25.6,26.8,13.9, 25,    42,    59, 0.8584, 0.7877
M5,01/07/23,16:43:23,     2,  2456,   471, 1010.6, 300,22.3,28.5, 0.0,  0, 0.0000,     0,25.6,26.9,13.9, 25,    42,    60, 0.8585, 0.7930
R5,01/07/23,16:43:23,     2,  2456,   471, 1010.6, 300,22.3,28.5, 0.0,  0, 0.0000,     0,25.6,26.9,13.9, 25,    42,    60, 0.8585, 0.7930
End
Start
M5,01/07/23,16:44:07,     2,  2500,   477, 1010.6, 300,21.4,28.5, 0.0,  0, 0.0000,     0,25.6,26.4,13.9, 20,     2,     1, 0.0000, 0.0000
M5,01/07/23,16:44:08,     2,  2501,   478, 1010.6, 300,21.4,28.5, 0.0,  0, 0.0000,     0,25.6,26.5,13.9, 20,     3,     2, 0.0000, 0.0000
M5,01/07/23,16:44:09,     2,  2502,   479, 1010.6, 300,21.4,28.5, 0.0,  0, 0.0000,     0,25.6,26.5,13.9, 20,     4,     3, 0.0000, 0.0000
M5,01/07/23,16:44:10,     2,  2503,   480, 1010.6, 300,21.4,28.5, 0.0,  0, 0.0000,     0,25.6,26.5,13.9, 20,     5,     4, 0.0000, 0.0000
M5,01/07/23,16:44:11,     2,  2504,   481, 1010.6, 300,21.4,28.5, 0.0,  0, 0.0000,     0,25.6,26.5,13.9, 20,     6,     5, 0.0000, 0.0000
M5,01/07/23,16:44:12,     2,  2505,   481, 1010.6, 300,21.4,28.5, 0.0,  0, 0.0000,     0,25.6,26.5,13.9, 20,     7,     6, 0.0000, 0.0000
M5,01/07/23,16:44:13,     2,  2506,   482, 1010.6, 300,21.4,28.5, 0.0,  0, 0.0000,     0,25.6,26.5,13.9, 20,     7,     7, 0.0000, 0.0000
M5,01/07/23,16:44:14,     2,  2507,   483, 1010.6, 300,21.5,28.5, 0.0,  0, 0.0000,     0,25.6,26.5,13.9, 20,     8,     8, 0.0000, 0.0000
M5,01/07/23,16:44:15,     2,  2508,   483, 1010.6, 300,21.5,28.5, 0.0,  0, 0.0000,     0,25.6,26.5,13.9, 20,     9,     9, 0.0000, 0.0000
M5,01/07/23,16:44:16,     2,  2509,   484, 1010.6, 300,21.5,28.5, 0.0,  0, 0.0000,     0,25.6,26.5,13.9, 25,     9,    10, 0.0000, 0.0000
M5,01/07/23,16:44:17,     2,  2510,   485, 1010.6, 300,21.5,28.5, 0.0,  0, 0.0000,     0,25.6,26.5,13.9, 25,    10,    11, 0.0000, 0.0000
M5,01/07/23,16:44:18,     2,  2511,   485, 1010.6, 300,21.6,28.5, 0.0,  0, 0.0000,     0,25.6,26.5,13.9, 25,    11,    12, 0.0000, 0.0000
M5,01/07/23,16:44:19,     2,  2512,   486, 1010.6, 300,21.6,28.5, 0.0,  0, 0.0000,     0,25.6,26.5,13.9, 25,    11,    13, 0.7520, 0.9022
M5,01/07/23,16:44:20,     2,  2513,   487, 1010.6, 300,21.6,28.5, 0.0,  0, 0.0000,     0,25.6,26.5,14.1, 25,    12,    14, 0.7907, 0.7323
M5,01/07/23,16:44:21,     2,  2514,   487, 1010.6, 300,21.6,28.5, 0.0,  0, 0.0000,     0,25.6,26.5,14.1, 25,    13,    15, 0.8113, 0.7384
M5,01/07/23,16:44:22,     2,  2515,   488, 1010.6, 300,21.6,28.5, 0.0,  0, 0.0000,     0,25.6,26.5,14.1, 25,    13,    16, 0.7938, 0.8070
M5,01/07/23,16:44:23,     2,  2516,   489, 1010.6, 300,21.6,28.5, 0.0,  0, 0.0000,     0,25.6,26.5,14.1, 25,    14,    17, 0.7899, 0.8136
M5,01/07/23,16:44:24,     2,  2517,   489, 1010.6, 300,21.6,28.5, 0.0,  0, 0.0000,     0,25.6,26.6,14.1, 25,    14,    18, 0.7749, 0.8396
M5,01/07/23,16:44:25,     2,  2518,   490, 1010.6, 300,21.7,28.5, 0.0,  0, 0.0000,     0,25.6,26.6,14.1, 25,    15,    19, 0.7834, 0.8021
M5,01/07/23,16:44:26,     2,  2519,   491, 1010.6, 300,21.7,28.5, 0.0,  0, 0.0000,     0,25.6,26.6,14.1, 25,    16,    20, 0.7873, 0.7806
M5,01/07/23,16:44:27,     2,  2520,   491, 1010.6, 300,21.7,28.5, 0.0,  0, 0.0000,     0,25.6,26.6,14.1, 25,    16,    21, 0.7867, 0.7809
M5,01/07/23,16:44:28,     2,  2521,   492, 1010.6, 300,21.8,28.5, 0.0,  0, 0.0000,     0,25.6,26.6,14.1, 25,    17,    22, 0.7901, 0.7811
M5,01/07/23,16:44:29,     2,  2522,   493, 1010.6, 300,21.8,28.5, 0.0,  0, 0.0000,     0,25.6,26.6,14.1, 25,    18,    23, 0.7909, 0.7776
M5,01/07/23,16:44:30,     2,  2523,   493, 1010.6, 300,21.8,28.5, 0.0,  0, 0.0000,     0,25.6,26.6,14.1, 25,    19,    24, 0.7937, 0.7776
M5,01/07/23,16:44:31,     2,  2524,   494, 1010.6, 300,21.8,28.5, 0.0,  0, 0.0000,     0,25.6,26.6,14.1, 25,    19,    25, 0.7945, 0.7753
M5,01/07/23,16:44:32,     2,  2525,   495, 1010.6, 300,21.8,28.5, 0.0,  0, 0.0000,     0,25.6,26.6,14.1, 25,    20,    26, 0.7973, 0.7753
M5,01/07/23,16:44:33,     2,  2526,   495, 1010.6, 300,21.8,28.5, 0.0,  0, 0.0000,     0,25.6,26.6,14.1, 25,    21,    27, 0.7982, 0.7738
M5,01/07/23,16:44:34,     2,  2527,   496, 1010.6, 300,21.8,28.5, 0.0,  0, 0.0000,     0,25.6,26.6,14.1, 25,    21,    28, 0.7959, 0.7833
M5,01/07/23,16:44:35,     2,  2528,   496, 1010.6, 300,21.9,28.5, 0.0,  0, 0.0000,     0,25.6,26.6,14.1, 25,    22,    29, 0.7928, 0.7986
M5,01/07/23,16:44:36,     2,  2529,   497, 1010.6, 300,21.9,28.5, 0.0,  0, 0.0000,     0,25.6,26.6,14.1, 25,    22,    30, 0.7899, 0.8048
M5,01/07/23,16:44:37,     2,  2530,   498, 1010.6, 300,21.9,28.5, 0.0,  0, 0.0000,     0,25.6,26.6,14.1, 25,    23,    31, 0.7918, 0.7997
M5,01/07/23,16:44:38,     2,  2531,   499, 1010.6, 300,21.9,28.5, 0.0,  0, 0.0000,     0,25.6,26.6,14.1, 25,    24,    32, 0.7924, 0.7939
M5,01/07/23,16:44:39,     2,  2532,   499, 1010.6, 300,22.0,28.5, 0.0,  0, 0.0000,     0,25.6,26.6,14.1, 25,    25,    33, 0.7941, 0.7900
M5,01/07/23,16:44:40,     2,  2533,   500, 1010.6, 300,22.0,28.5, 0.0,  0, 0.0000,     0,25.6,26.6,14.1, 25,    25,    34, 0.7949, 0.7859
M5,01/07/23,16:44:41,     2,  2534,   501, 1010.6, 300,22.0,28.5, 0.0,  0, 0.0000,     0,25.6,26.6,14.1, 25,    26,    35, 0.7963, 0.7830
M5,01/07/23,16:44:42,     2,  2535,   501, 1010.6, 300,22.0,28.5, 0.0,  0, 0.0000,     0,25.6,26.6,14.1, 25,    27,    36, 0.7971, 0.7801
M5,01/07/23,16:44:43,     2,  2536,   502, 1010.6, 300,22.0,28.5, 0.0,  0, 0.0000,     0,25.6,26.6,14.1, 25,    27,    37, 0.7979, 0.7778
M5,01/07/23,16:44:44,     2,  2537,   503, 1010.6, 300,22.1,28.5, 0.0,  0, 0.0000,     0,25.6,26.6,14.1, 25,    28,    38, 0.8014, 0.7723
M5,01/07/23,16:44:45,     2,  2538,   504, 1010.6, 300,22.1,28.5, 0.0,  0, 0.0000,     0,25.6,26.6,14.1, 25,    29,    39, 0.8047, 0.7630
M5,01/07/23,16:44:46,     2,  2539,   504, 1010.6, 300,22.1,28.5, 0.0,  0, 0.0000,     0,25.6,26.6,14.1, 25,    30,    40, 0.8076, 0.7571
M5,01/07/23,16:44:47,     2,  2540,   505, 1010.6, 300,22.1,28.5, 0.0,  0, 0.0000,     0,25.6,26.6,14.1, 25,    30,    41, 0.8093, 0.7554
M5,01/07/23,16:44:48,     2,  2541,   506, 1010.6, 300,22.1,28.5, 0.0,  0, 0.0000,     0,25.6,26.6,14.1, 25,    31,    42, 0.8113, 0.7553
M5,01/07/23,16:44:49,     2,  2542,   506, 1010.6, 300,22.1,28.5, 0.0,  0, 0.0000,     0,25.6,26.6,14.1, 25,    32,    43, 0.8125, 0.7555
M5,01/07/23,16:44:50,     2,  2543,   507, 1010.6, 300,22.1,28.5, 0.0,  0, 0.0000,     0,25.6,26.6,14.1, 25,    32,    44, 0.8137, 0.7563
M5,01/07/23,16:44:51,     2,  2544,   508, 1010.6, 300,22.1,28.5, 0.0,  0, 0.0000,     0,25.6,26.6,14.1, 25,    33,    45, 0.8145, 0.7620
M5,01/07/23,16:44:52,     2,  2545,   508, 1010.6, 300,22.1,28.5, 0.0,  0, 0.0000,     0,25.6,26.6,14.1, 25,    34,    46, 0.8145, 0.7660
M5,01/07/23,16:44:53,     2,  2546,   509, 1010.6, 300,22.2,28.5, 0.0,  0, 0.0000,     0,25.6,26.6,14.1, 25,    34,    47, 0.8143, 0.7731
M5,01/07/23,16:44:54,     2,  2547,   510, 1010.6, 300,22.2,28.5, 0.0,  0, 0.0000,     0,25.6,26.6,14.1, 25,    35,    48, 0.8137, 0.7782
M5,01/07/23,16:44:55,     2,  2548,   510, 1010.6, 300,22.2,28.5, 0.0,  0, 0.0000,     0,25.6,26.6,14.1, 25,    36,    49, 0.8135, 0.7826
M5,01/07/23,16:44:56,     2,  2549,   511, 1010.6, 300,22.2,28.5, 0.0,  0, 0.0000,     0,25.6,26.6,14.1, 25,    36,    50, 0.8131, 0.7858
M5,01/07/23,16:44:57,     2,  2550,   512, 1010.6, 300,22.2,28.5, 0.0,  0, 0.0000,     0,25.6,26.6,14.0, 25,    37,    51, 0.8122, 0.7909
M5,01/07/23,16:44:58,     2,  2551,   512, 1010.6, 300,22.2,28.5, 0.0,  0, 0.0000,     0,25.6,26.6,14.0, 25,    37,    52, 0.8119, 0.7953
M5,01/07/23,16:44:59,     2,  2552,   513, 1010.6, 300,22.2,28.5, 0.0,  0, 0.0000,     0,25.6,26.6,14.0, 25,    38,    53, 0.8106, 0.8004
M5,01/07/23,16:45:00,     2,  2553,   513, 1010.6, 300,22.3,28.5, 0.0,  0, 0.0000,     0,25.6,26.6,14.0, 25,    39,    54, 0.8098, 0.8048
M5,01/07/23,16:45:01,     2,  2554,   514, 1010.6, 300,22.3,28.5, 0.0,  0, 0.0000,     0,25.6,26.6,14.0, 25,    39,    55, 0.8088, 0.8077
M5,01/07/23,16:45:02,     2,  2555,   515, 1010.6, 300,22.3,28.5, 0.0,  0, 0.0000,     0,25.6,26.6,14.0, 25,    40,    56, 0.8080, 0.8122
M5,01/07/23,16:45:03,     2,  2556,   515, 1010.6, 300,22.3,28.5, 0.0,  0, 0.0000,     0,25.6,26.6,14.0, 25,    41,    57, 0.8069, 0.8151
M5,01/07/23,16:45:04,     2,  2557,   516, 1010.6, 300,22.3,28.5, 0.0,  0, 0.0000,     0,25.6,26.6,14.0, 25,    41,    58, 0.8062, 0.8172
M5,01/07/23,16:45:05,     2,  2558,   517, 1010.6, 300,22.3,28.5, 0.0,  0, 0.0000,     0,25.6,26.6,14.0, 25,    42,    59, 0.8055, 0.8182
M5,01/07/23,16:45:06,     2,  2559,   517, 1010.6, 300,22.3,28.5, 0.0,  0, 0.0000,     0,25.6,26.6,14.0, 25,    43,    60, 0.8049, 0.8187
R5,01/07/23,16:45:06,     2,  2559,   517, 1010.6, 300,22.3,28.5, 0.0,  0, 0.0000,     0,25.6,26.6,14.0, 25,    43,    60, 0.8049, 0.8187
End
Start
M5,01/07/23,16:45:51,     2,  2603,   427, 1010.6, 300,20.6,28.4, 0.0,  0, 0.0000,     0,25.4,26.3,13.6, 20,     2,     1, 0.0000, 0.0000
M5,01/07/23,16:45:52,     2,  2604,   429, 1010.6, 300,20.6,28.4, 0.0,  0, 0.0000,     0,25.4,26.3,13.6, 20,     4,     2, 0.0000, 0.0000
M5,01/07/23,16:45:53,     2,  2605,   430, 1010.6, 300,20.6,28.4, 0.0,  0, 0.0000,     0,25.4,26.3,13.6, 20,     5,     3, 0.0000, 0.0000
M5,01/07/23,16:45:54,     2,  2606,   431, 1010.6, 300,20.6,28.4, 0.0,  0, 0.0000,     0,25.4,26.3,13.6, 20,     6,     4, 0.0000, 0.0000
M5,01/07/23,16:45:55,     2,  2607,   432, 1010.6, 300,20.6,28.4, 0.0,  0, 0.0000,     0,25.4,26.3,13.6, 20,     7,     5, 0.0000, 0.0000
M5,01/07/23,16:45:56,     2,  2608,   432, 1010.6, 300,20.7,28.4, 0.0,  0, 0.0000,     0,25.4,26.4,13.6, 20,     7,     6, 0.0000, 0.0000
M5,01/07/23,16:45:57,     2,  2609,   433, 1010.6, 300,20.7,28.4, 0.0,  0, 0.0000,     0,25.4,26.4,13.6, 20,     8,     7, 0.0000, 0.0000
M5,01/07/23,16:45:58,     2,  2610,   434, 1010.6, 300,20.7,28.4, 0.0,  0, 0.0000,     0,25.4,26.4,13.6, 20,     9,     8, 0.0000, 0.0000
M5,01/07/23,16:45:59,     2,  2611,   435, 1010.6, 300,20.7,28.4, 0.0,  0, 0.0000,     0,25.4,26.4,13.6, 20,     9,     9, 0.0000, 0.0000
M5,01/07/23,16:46:00,     2,  2612,   435, 1010.6, 300,20.7,28.4, 0.0,  0, 0.0000,     0,25.4,26.4,13.6, 25,    10,    10, 0.0000, 0.0000
M5,01/07/23,16:46:01,     2,  2613,   436, 1010.6, 300,20.8,28.4, 0.0,  0, 0.0000,     0,25.4,26.4,13.6, 25,    11,    11, 0.0000, 0.0000
M5,01/07/23,16:46:02,     2,  2614,   436, 1010.6, 300,20.8,28.4, 0.0,  0, 0.0000,     0,25.1,26.4,13.2, 25,    11,    12, 0.0000, 0.0000
M5,01/07/23,16:46:03,     2,  2615,   437, 1010.6, 300,20.8,28.4, 0.0,  0, 0.0000,     0,25.1,26.4,13.2, 25,    12,    13, 0.6609, 0.8061
M5,01/07/23,16:46:04,     2,  2616,   438, 1010.6, 300,20.8,28.4, 0.0,  0, 0.0000,     0,25.1,26.4,13.2, 25,    12,    14, 0.6776, 0.6701
M5,01/07/23,16:46:05,     2,  2617,   438, 1010.6, 300,20.9,28.4, 0.0,  0, 0.0000,     0,25.1,26.4,13.2, 25,    13,    15, 0.7022, 0.6278
M5,01/07/23,16:46:06,     2,  2618,   439, 1010.6, 300,20.9,28.4, 0.0,  0, 0.0000,     0,25.1,26.4,13.2, 25,    13,    16, 0.6964, 0.6660
M5,01/07/23,16:46:07,     2,  2619,   439, 1010.6, 300,20.9,28.4, 0.0,  0, 0.0000,     0,25.1,26.4,13.2, 25,    14,    17, 0.7011, 0.6595
M5,01/07/23,16:46:08,     2,  2620,   440, 1010.6, 300,21.0,28.4, 0.0,  0, 0.0000,     0,25.1,26.5,13.6, 25,    15,    18, 0.7078, 0.6691
M5,01/07/23,16:46:09,     2,  2621,   441, 1010.6, 300,21.0,28.4, 0.0,  0, 0.0000,     0,25.1,26.5,13.6, 25,    15,    19, 0.7125, 0.6628
M5,01/07/23,16:46:10,     2,  2622,   442, 1010.6, 300,21.0,28.4, 0.0,  0, 0.0000,     0,25.1,26.5,13.6, 25,    16,    20, 0.7380, 0.6082
M5,01/07/23,16:46:11,     2,  2623,   442, 1010.5, 300,21.0,28.4, 0.0,  0, 0.0000,     0,25.1,26.5,13.6, 25,    17,    21, 0.7536, 0.5952
M5,01/07/23,16:46:12,     2,  2624,   443, 1010.5, 300,21.1,28.4, 0.0,  0, 0.0000,     0,25.1,26.5,13.6, 25,    18,    22, 0.7678, 0.6064
M5,01/07/23,16:46:13,     2,  2625,   444, 1010.5, 300,21.1,28.4, 0.0,  0, 0.0000,     0,25.1,26.5,13.6, 25,    18,    23, 0.7746, 0.6217
M5,01/07/23,16:46:14,     2,  2626,   444, 1010.5, 300,21.1,28.4, 0.0,  0, 0.0000,     0,25.1,26.5,13.6, 25,    19,    24, 0.7816, 0.6417
M5,01/07/23,16:46:15,     2,  2627,   445, 1010.6, 300,21.1,28.4, 0.0,  0, 0.0000,     0,25.1,26.5,13.6, 25,    20,    25, 0.7888, 0.6463
M5,01/07/23,16:46:16,     2,  2628,   446, 1010.6, 300,21.1,28.4, 0.0,  0, 0.0000,     0,25.1,26.5,13.6, 25,    20,    26, 0.7936, 0.6573
M5,01/07/23,16:46:17,     2,  2629,   446, 1010.6, 300,21.2,28.4, 0.0,  0, 0.0000,     0,25.1,26.5,13.6, 25,    21,    27, 0.7950, 0.6836
M5,01/07/23,16:46:18,     2,  2630,   447, 1010.6, 300,21.2,28.4, 0.0,  0, 0.0000,     0,25.1,26.5,13.2, 25,    22,    28, 0.7946, 0.7026
M5,01/07/23,16:46:19,     2,  2631,   448, 1010.6, 300,21.2,28.4, 0.0,  0, 0.0000,     0,25.1,26.5,13.2, 25,    22,    29, 0.7988, 0.7101
M5,01/07/23,16:46:20,     2,  2632,   449, 1010.6, 300,21.2,28.4, 0.0,  0, 0.0000,     0,25.1,26.5,13.2, 25,    23,    30, 0.8030, 0.7086
M5,01/07/23,16:46:21,     2,  2633,   449, 1010.6, 300,21.3,28.4, 0.0,  0, 0.0000,     0,25.1,26.5,13.2, 25,    24,    31, 0.8050, 0.7217
M5,01/07/23,16:46:22,     2,  2634,   450, 1010.6, 300,21.3,28.4, 0.0,  0, 0.0000,     0,25.1,26.5,13.2, 25,    25,    32, 0.8072, 0.7246
M5,01/07/23,16:46:23,     2,  2635,   450, 1010.6, 300,21.3,28.4, 0.0,  0, 0.0000,     0,25.1,26.5,13.2, 25,    25,    33, 0.8068, 0.7361
M5,01/07/23,16:46:24,     2,  2636,   451, 1010.6, 300,21.4,28.4, 0.0,  0, 0.0000,     0,25.1,26.5,13.2, 25,    26,    34, 0.8077, 0.7473
M5,01/07/23,16:46:25,     2,  2637,   452, 1010.6, 300,21.4,28.4, 0.0,  0, 0.0000,     0,25.1,26.5,13.2, 25,    26,    35, 0.8071, 0.7555
M5,01/07/23,16:46:26,     2,  2638,   453, 1010.6, 300,21.4,28.4, 0.0,  0, 0.0000,     0,25.1,26.5,13.2, 25,    27,    36, 0.8088, 0.7577
M5,01/07/23,16:46:27,     2,  2639,   453, 1010.6, 300,21.4,28.4, 0.0,  0, 0.0000,     0,25.1,26.5,13.2, 25,    28,    37, 0.8095, 0.7598
M5,01/07/23,16:46:28,     2,  2640,   454, 1010.6, 300,21.5,28.4, 0.0,  0, 0.0000,     0,25.1,26.5,13.2, 25,    29,    38, 0.8102, 0.7669
M5,01/07/23,16:46:29,     2,  2641,   454, 1010.5, 300,21.5,28.4, 0.0,  0, 0.0000,     0,25.1,26.5,13.3, 25,    29,    39, 0.8084, 0.7765
M5,01/07/23,16:46:30,     2,  2642,   455, 1010.5, 300,21.5,28.4, 0.0,  0, 0.0000,     0,25.1,26.5,13.3, 25,    30,    40, 0.8081, 0.7795
M5,01/07/23,16:46:31,     2,  2643,   456, 1010.5, 300,21.5,28.4, 0.0,  0, 0.0000,     0,25.1,26.5,13.3, 25,    31,    41, 0.8097, 0.7790
M5,01/07/23,16:46:32,     2,  2644,   457, 1010.5, 300,21.5,28.4, 0.0,  0, 0.0000,     0,25.1,26.5,13.3, 25,    32,    42, 0.8113, 0.7750
M5,01/07/23,16:46:33,     2,  2645,   458, 1010.5, 300,21.5,28.4, 0.0,  0, 0.0000,     0,25.1,26.5,13.3, 25,    32,    43, 0.8139, 0.7697
M5,01/07/23,16:46:34,     2,  2646,   458, 1010.5, 300,21.5,28.4, 0.0,  0, 0.0000,     0,25.1,26.5,13.3, 25,    33,    44, 0.8147, 0.7699
M5,01/07/23,16:46:35,     2,  2647,   459, 1010.5, 300,21.6,28.4, 0.0,  0, 0.0000,     0,25.1,26.5,13.3, 25,    34,    45, 0.8161, 0.7716
M5,01/07/23,16:46:36,     2,  2648,   459, 1010.5, 300,21.6,28.4, 0.0,  0, 0.0000,     0,25.1,26.5,13.3, 25,    34,    46, 0.8164, 0.7731
M5,01/07/23,16:46:37,     2,  2649,   460, 1010.6, 300,21.6,28.4, 0.0,  0, 0.0000,     0,25.1,26.5,13.3, 25,    35,    47, 0.8172, 0.7758
M5,01/07/23,16:46:38,     2,  2650,   461, 1010.6, 300,21.6,28.4, 0.0,  0, 0.0000,     0,25.1,26.5,13.3, 25,    35,    48, 0.8165, 0.7808
M5,01/07/23,16:46:39,     2,  2651,   461, 1010.6, 300,21.6,28.4, 0.0,  0, 0.0000,     0,25.1,26.5,13.3, 25,    36,    49, 0.8158, 0.7852
M5,01/07/23,16:46:40,     2,  2652,   462, 1010.6, 300,21.7,28.4, 0.0,  0, 0.0000,     0,25.1,26.5,13.2, 25,    37,    50, 0.8160, 0.7899
M5,01/07/23,16:46:41,     2,  2653,   463, 1010.6, 300,21.7,28.4, 0.0,  0, 0.0000,     0,25.1,26.5,13.2, 25,    37,    51, 0.8154, 0.7934
M5,01/07/23,16:46:42,     2,  2654,   463, 1010.6, 300,21.7,28.4, 0.0,  0, 0.0000,     0,25.1,26.5,13.2, 25,    38,    52, 0.8155, 0.7942
M5,01/07/23,16:46:43,     2,  2655,   465, 1010.6, 300,21.7,28.4, 0.0,  0, 0.0000,     0,25.1,26.5,13.2, 25,    39,    53, 0.8172, 0.7885
M5,01/07/23,16:46:44,     2,  2656,   466, 1010.6, 300,21.8,28.4, 0.0,  0, 0.0000,     0,25.1,26.5,13.2, 25,    40,    54, 0.8206, 0.7809
M5,01/07/23,16:46:45,     2,  2657,   466, 1010.6, 300,21.8,28.4, 0.0,  0, 0.0000,     0,25.1,26.5,13.2, 25,    41,    55, 0.8228, 0.7749
M5,01/07/23,16:46:46,     2,  2658,   467, 1010.6, 299,21.8,28.4, 0.0,  0, 0.0000,     0,25.1,26.5,13.2, 25,    42,    56, 0.8241, 0.7726
M5,01/07/23,16:46:47,     2,  2659,   467, 1010.6, 300,21.8,28.4, 0.0,  0, 0.0000,     0,25.1,26.5,13.2, 25,    42,    57, 0.8251, 0.7738
M5,01/07/23,16:46:48,     2,  2660,   468, 1010.6, 300,21.8,28.4, 0.0,  0, 0.0000,     0,25.1,26.5,13.2, 25,    43,    58, 0.8253, 0.7760
M5,01/07/23,16:46:49,     2,  2661,   468, 1010.6, 300,21.8,28.4, 0.0,  0, 0.0000,     0,25.1,26.5,13.2, 25,    43,    59, 0.8254, 0.7805
M5,01/07/23,16:46:50,     2,  2662,   469, 1010.6, 300,21.8,28.4, 0.0,  0, 0.0000,     0,25.1,26.5,13.3, 25,    44,    60, 0.8254, 0.7826
R5,01/07/23,16:46:50,     2,  2662,   469, 1010.6, 300,21.8,28.4, 0.0,  0, 0.0000,     0,25.1,26.5,13.3, 25,    44,    60, 0.8254, 0.7826
End
Start
M5,01/07/23,16:50:08,     3,  2859,   418, 1010.4, 300,20.3,28.2, 0.0,  0, 0.0000,     0,24.9,25.9,16.0, 20,     1,     1, 0.0000, 0.0000
M5,01/07/23,16:50:09,     3,  2860,   419, 1010.4, 300,20.3,28.2, 0.0,  0, 0.0000,     0,24.9,26.0,15.9, 20,     2,     2, 0.0000, 0.0000
M5,01/07/23,16:50:10,     3,  2861,   420, 1010.4, 300,20.4,28.2, 0.0,  0, 0.0000,     0,24.9,26.0,15.9, 20,     3,     3, 0.0000, 0.0000
M5,01/07/23,16:50:11,     3,  2862,   421, 1010.4, 300,20.4,28.2, 0.0,  0, 0.0000,     0,24.9,26.0,15.9, 20,     4,     4, 0.0000, 0.0000
M5,01/07/23,16:50:12,     3,  2863,   421, 1010.4, 300,20.4,28.2, 0.0,  0, 0.0000,     0,24.9,26.0,15.9, 20,     5,     5, 0.0000, 0.0000
M5,01/07/23,16:50:13,     3,  2864,   422, 1010.4, 300,20.4,28.2, 0.0,  0, 0.0000,     0,24.9,26.0,15.9, 20,     5,     6, 0.0000, 0.0000
M5,01/07/23,16:50:14,     3,  2865,   423, 1010.4, 300,20.4,28.2, 0.0,  0, 0.0000,     0,24.9,26.1,15.9, 20,     6,     7, 0.0000, 0.0000
M5,01/07/23,16:50:15,     3,  2866,   423, 1010.4, 300,20.5,28.2, 0.0,  0, 0.0000,     0,24.9,26.1,15.9, 20,     6,     8, 0.0000, 0.0000
M5,01/07/23,16:50:16,     3,  2867,   424, 1010.4, 300,20.5,28.2, 0.0,  0, 0.0000,     0,24.9,26.1,15.9, 20,     7,     9, 0.0000, 0.0000
M5,01/07/23,16:50:17,     3,  2868,   424, 1010.4, 300,20.5,28.2, 0.0,  0, 0.0000,     0,24.9,26.1,15.9, 25,     7,    10, 0.0000, 0.0000
M5,01/07/23,16:50:18,     3,  2869,   425, 1010.4, 300,20.5,28.2, 0.0,  0, 0.0000,     0,24.9,26.1,15.9, 25,     8,    11, 0.0000, 0.0000
M5,01/07/23,16:50:19,     3,  2870,   425, 1010.4, 300,20.5,28.2, 0.0,  0, 0.0000,     0,24.9,26.2,15.9, 25,     8,    12, 0.0000, 0.0000
M5,01/07/23,16:50:20,     3,  2871,   426, 1010.4, 300,20.5,28.2, 0.0,  0, 0.0000,     0,24.9,26.2,15.9, 25,     9,    13, 0.6586, 0.5098
M5,01/07/23,16:50:21,     3,  2872,   427, 1010.4, 300,20.5,28.2, 0.0, 21, 0.0000,     0,24.9,26.2,15.9, 25,    10,    14, 0.7364, 0.4529
M5,01/07/23,16:50:22,     3,  2873,   428, 1010.4, 300,20.6,28.2, 0.0, 21, 0.0000,     0,24.9,26.2,15.9, 25,    11,    15, 0.8017, 0.4774
M5,01/07/23,16:50:23,     3,  2874,   428, 1010.4, 300,20.6,28.2, 0.0,  0, 0.0000,     0,24.9,26.2,15.9, 25,    11,    16, 0.8009, 0.6258
M5,01/07/23,16:50:24,     3,  2875,   429, 1010.4, 300,20.6,28.2, 0.0,  0, 0.0000,     0,24.9,26.2,15.9, 25,    12,    17, 0.8045, 0.7017
M5,01/07/23,16:50:25,     3,  2876,   429, 1010.4, 300,20.6,28.2, 0.0,  0, 0.0000,     0,24.9,26.2,15.9, 25,    13,    18, 0.8032, 0.7389
M5,01/07/23,16:50:26,     3,  2877,   430, 1010.4, 300,20.7,28.2, 0.0,  0, 0.0000,     0,24.9,26.3,15.9, 25,    13,    19, 0.7948, 0.7905
M5,01/07/23,16:50:27,     3,  2878,   430, 1010.4, 300,20.7,28.2, 0.0,  0, 0.0000,     0,24.9,26.3,15.9, 25,    14,    20, 0.7886, 0.8051
M5,01/07/23,16:50:28,     3,  2879,   431, 1010.4, 300,20.7,28.2, 0.0,  0, 0.0000,     0,24.9,26.3,15.9, 25,    14,    21, 0.7882, 0.8090
M5,01/07/23,16:50:29,     3,  2880,   431, 1010.4, 300,20.7,28.2, 0.0,  0, 0.0000,     0,24.9,26.3,15.9, 25,    15,    22, 0.7692, 0.8564
M5,01/07/23,16:50:30,     3,  2881,   432, 1010.4, 300,20.7,28.2, 0.0,  0, 0.0000,     0,24.9,26.3,15.9, 25,    15,    23, 0.7466, 0.8996
M5,01/07/23,16:50:31,     3,  2882,   432, 1010.4, 300,20.8,28.2, 0.0,  0, 0.0000,     0,24.9,26.3,15.9, 25,    16,    24, 0.7342, 0.9024
M5,01/07/23,16:50:32,     3,  2883,   433, 1010.4, 300,20.8,28.2, 0.0,  0, 0.0000,     0,24.9,26.3,15.9, 25,    16,    25, 0.7310, 0.8714
M5,01/07/23,16:50:33,     3,  2884,   434, 1010.4, 300,20.8,28.2, 0.0,  0, 0.0000,     0,24.9,26.3,15.9, 25,    17,    26, 0.7318, 0.8431
M5,01/07/23,16:50:34,     3,  2885,   434, 1010.4, 300,20.8,28.2, 0.0,  0, 0.0000,     0,24.9,26.3,15.9, 25,    18,    27, 0.7323, 0.8161
M5,01/07/23,16:50:35,     3,  2886,   435, 1010.4, 300,20.9,28.2, 0.0,  0, 0.0000,     0,24.9,26.3,16.0, 25,    18,    28, 0.7320, 0.8045
M5,01/07/23,16:50:36,     3,  2887,   435, 1010.4, 300,20.9,28.2, 0.0,  0, 0.0000,     0,24.9,26.3,16.0, 25,    19,    29, 0.7288, 0.7992
M5,01/07/23,16:50:37,     3,  2888,   436, 1010.4, 300,20.9,28.2, 0.0,  0, 0.0000,     0,24.9,26.3,16.0, 25,    19,    30, 0.7274, 0.7892
M5,01/07/23,16:50:38,     3,  2889,   437, 1010.4, 300,20.9,28.2, 0.0,  0, 0.0000,     0,24.9,26.4,16.0, 25,    20,    31, 0.7278, 0.7780
M5,01/07/23,16:50:39,     3,  2890,   437, 1010.4, 300,20.9,28.2, 0.0,  0, 0.0000,     0,24.9,26.4,16.0, 25,    21,    32, 0.7262, 0.7731
M5,01/07/23,16:50:40,     3,  2891,   438, 1010.4, 300,20.9,28.2, 0.0,  0, 0.0000,     0,24.9,26.4,16.0, 25,    21,    33, 0.7249, 0.7734
M5,01/07/23,16:50:41,     3,  2892,   438, 1010.4, 300,20.9,28.2, 0.0,  0, 0.0000,     0,24.9,26.4,15.9, 25,    22,    34, 0.7237, 0.7685
M5,01/07/23,16:50:42,     3,  2893,   439, 1010.4, 300,21.0,28.2, 0.0,  0, 0.0000,     0,24.9,26.4,15.9, 25,    22,    35, 0.7238, 0.7621
M5,01/07/23,16:50:43,     3,  2894,   439, 1010.4, 300,21.0,28.2, 0.0,  0, 0.0000,     0,24.9,26.4,15.9, 25,    23,    36, 0.7209, 0.7651
M5,01/07/23,16:50:44,     3,  2895,   440, 1010.4, 300,21.0,28.2, 0.0,  0, 0.0000,     0,24.9,26.4,15.9, 25,    23,    37, 0.7177, 0.7687
M5,01/07/23,16:50:45,     3,  2896,   440, 1010.4, 300,21.0,28.2, 0.0,  0, 0.0000,     0,24.9,26.4,15.9, 25,    24,    38, 0.7151, 0.7727
M5,01/07/23,16:50:46,     3,  2897,   441, 1010.4, 300,21.0,28.2, 0.0,  0, 0.0000,     0,24.9,26.4,16.0, 25,    24,    39, 0.7130, 0.7714
M5,01/07/23,16:50:47,     3,  2898,   442, 1010.4, 300,21.0,28.2, 0.0,  0, 0.0000,     0,24.9,26.4,16.0, 25,    25,    40, 0.7111, 0.7717
M5,01/07/23,16:50:48,     3,  2899,   442, 1010.4, 300,21.0,28.2, 0.0,  0, 0.0000,     0,24.9,26.4,16.0, 25,    25,    41, 0.7096, 0.7683
M5,01/07/23,16:50:49,     3,  2900,   443, 1010.4, 300,21.1,28.2, 0.0,  0, 0.0000,     0,24.9,26.4,16.0, 25,    26,    42, 0.7094, 0.7657
M5,01/07/23,16:50:50,     3,  2901,   443, 1010.4, 300,21.1,28.2, 0.0,  0, 0.0000,     0,24.9,26.4,16.0, 25,    27,    43, 0.7078, 0.7637
M5,01/07/23,16:50:51,     3,  2902,   444, 1010.4, 300,21.1,28.2, 0.0,  0, 0.0000,     0,24.9,26.4,16.0, 25,    27,    44, 0.7056, 0.7668
M5,01/07/23,16:50:52,     3,  2903,   444, 1010.4, 300,21.1,28.2, 0.0,  0, 0.0000,     0,24.9,26.4,16.0, 25,    27,    45, 0.7028, 0.7691
M5,01/07/23,16:50:53,     3,  2904,   445, 1010.4, 300,21.1,28.2, 0.0,  0, 0.0000,     0,24.9,26.4,16.0, 25,    28,    46, 0.7009, 0.7680
M5,01/07/23,16:50:54,     3,  2905,   446, 1010.4, 300,21.1,28.2, 0.0,  0, 0.0000,     0,24.9,26.4,16.0, 25,    29,    47, 0.7008, 0.7619
M5,01/07/23,16:50:55,     3,  2906,   446, 1010.4, 300,21.1,28.2, 0.0,  0, 0.0000,     0,24.9,26.4,16.0, 25,    30,    48, 0.7017, 0.7516
M5,01/07/23,16:50:56,     3,  2907,   447, 1010.4, 300,21.2,28.2, 0.0,  0, 0.0000,     0,24.9,26.4,16.0, 25,    30,    49, 0.7032, 0.7419
M5,01/07/23,16:50:57,     3,  2908,   448, 1010.4, 300,21.2,28.2, 0.0,  0, 0.0000,     0,24.9,26.4,15.9, 25,    31,    50, 0.7052, 0.7298
M5,01/07/23,16:50:58,     3,  2909,   448, 1010.4, 300,21.2,28.2, 0.0,  0, 0.0000,     0,24.9,26.5,15.9, 25,    32,    51, 0.7068, 0.7215
M5,01/07/23,16:50:59,     3,  2910,   449, 1010.4, 300,21.2,28.2, 0.0,  0, 0.0000,     0,24.9,26.5,15.9, 25,    32,    52, 0.7077, 0.7158
M5,01/07/23,16:51:00,     3,  2911,   449, 1010.4, 300,21.2,28.2, 0.0,  0, 0.0000,     0,24.9,26.5,15.9, 25,    33,    53, 0.7082, 0.7123
M5,01/07/23,16:51:01,     3,  2912,   450, 1010.4, 300,21.2,28.2, 0.0,  0, 0.0000,     0,24.9,26.5,15.9, 25,    33,    54, 0.7095, 0.7090
M5,01/07/23,16:51:02,     3,  2913,   451, 1010.4, 300,21.2,28.2, 0.0,  0, 0.0000,     0,24.9,26.5,15.9, 25,    34,    55, 0.7104, 0.7048
M5,01/07/23,16:51:03,     3,  2914,   451, 1010.4, 300,21.2,28.2, 0.0,  0, 0.0000,     0,24.9,26.5,15.9, 25,    35,    56, 0.7111, 0.7026
M5,01/07/23,16:51:04,     3,  2915,   451, 1010.4, 300,21.2,28.2, 0.0,  0, 0.0000,     0,24.9,26.5,15.9, 25,    35,    57, 0.7102, 0.7055
M5,01/07/23,16:51:05,     3,  2916,   452, 1010.4, 300,21.3,28.2, 0.0,  0, 0.0000,     0,24.9,26.5,15.9, 25,    35,    58, 0.7098, 0.7093
M5,01/07/23,16:51:06,     3,  2917,   453, 1010.4, 300,21.3,28.2, 0.0,  0, 0.0000,     0,24.9,26.5,15.9, 25,    36,    59, 0.7091, 0.7109
M5,01/07/23,16:51:07,     3,  2918,   453, 1010.4, 300,21.3,28.2, 0.0,  0, 0.0000,     0,24.9,26.5,16.0, 25,    36,    60, 0.7083, 0.7129
R5,01/07/23,16:51:07,     3,  2918,   453, 1010.4, 300,21.3,28.2, 0.0,  0, 0.0000,     0,24.9,26.5,16.0, 25,    36,    60, 0.7083, 0.7129
End
Start
M5,01/07/23,16:51:52,     3,  2962,   430, 1010.4, 300,20.9,28.2, 0.0,  0, 0.0000,     0,24.9,26.2,15.4, 20,     2,     1, 0.0000, 0.0000
M5,01/07/23,16:51:53,     3,  2963,   431, 1010.4, 300,20.9,28.2, 0.0,  0, 0.0000,     0,24.9,26.3,15.4, 20,     3,     2, 0.0000, 0.0000
M5,01/07/23,16:51:54,     3,  2964,   432, 1010.4, 300,20.9,28.2, 0.0,  0, 0.0000,     0,24.9,26.3,15.4, 20,     4,     3, 0.0000, 0.0000
M5,01/07/23,16:51:55,     3,  2965,   433, 1010.4, 300,21.0,28.2, 0.0,  0, 0.0000,     0,24.9,26.3,15.4, 20,     4,     4, 0.0000, 0.0000
M5,01/07/23,16:51:56,     3,  2966,   433, 1010.4, 300,21.0,28.2, 0.0,  0, 0.0000,     0,24.9,26.3,15.1, 20,     5,     5, 0.0000, 0.0000
M5,01/07/23,16:51:57,     3,  2967,   434, 1010.4, 300,21.0,28.2, 0.0,  0, 0.0000,     0,24.9,26.3,15.1, 20,     6,     6, 0.0000, 0.0000
M5,01/07/23,16:51:58,     3,  2968,   435, 1010.4, 300,21.0,28.2, 0.0,  0, 0.0000,     0,24.9,26.3,15.1, 20,     6,     7, 0.0000, 0.0000
M5,01/07/23,16:51:59,     3,  2969,   435, 1010.4, 300,21.1,28.2, 0.0,  0, 0.0000,     0,24.9,26.3,15.1, 20,     7,     8, 0.0000, 0.0000
M5,01/07/23,16:52:00,     3,  2970,   436, 1010.4, 300,21.1,28.2, 0.0,  0, 0.0000,     0,24.9,26.3,15.1, 20,     7,     9, 0.0000, 0.0000
M5,01/07/23,16:52:01,     3,  2971,   436, 1010.4, 300,21.1,28.2, 0.0,  0, 0.0000,     0,24.9,26.4,15.1, 25,     8,    10, 0.0000, 0.0000
M5,01/07/23,16:52:02,     3,  2972,   436, 1010.4, 300,21.1,28.2, 0.0,  0, 0.0000,     0,24.9,26.4,15.1, 25,     8,    11, 0.0000, 0.0000
M5,01/07/23,16:52:03,     3,  2973,   437, 1010.4, 300,21.1,28.2, 0.0,  0, 0.0000,     0,24.9,26.4,15.1, 25,     8,    12, 0.0000, 0.0000
M5,01/07/23,16:52:04,     3,  2974,   437, 1010.4, 300,21.1,28.2, 0.0,  0, 0.0000,     0,24.9,26.4,15.1, 25,     8,    13, 0.3275, 0.3274
M5,01/07/23,16:52:05,     3,  2975,   437, 1010.4, 300,21.1,28.2, 0.0, 21, 0.0000,     0,24.9,26.4,15.1, 25,     9,    14, 0.3852, 0.2143
M5,01/07/23,16:52:06,     3,  2976,   438, 1010.4, 300,21.2,28.2, 0.0, 21, 0.0000,     0,24.9,26.4,15.1, 25,     9,    15, 0.4077, 0.2651
M5,01/07/23,16:52:07,     3,  2977,   438, 1010.4, 300,21.2,28.2, 0.0,  0, 0.0000,     0,24.9,26.4,15.2, 25,    10,    16, 0.4135, 0.3132
M5,01/07/23,16:52:08,     3,  2978,   438, 1010.4, 300,21.2,28.2, 0.0,  0, 0.0000,     0,24.9,26.4,15.2, 25,    10,    17, 0.4156, 0.3522
M5,01/07/23,16:52:09,     3,  2979,   439, 1010.4, 300,21.2,28.2, 0.0,  0, 0.0000,     0,24.9,26.4,15.2, 25,    10,    18, 0.4014, 0.4098
M5,01/07/23,16:52:10,     3,  2980,   439, 1010.4, 300,21.2,28.2, 0.0,  0, 0.0000,     0,24.9,26.4,15.2, 25,    10,    19, 0.3790, 0.4655
M5,01/07/23,16:52:11,     3,  2981,   439, 1010.4, 300,21.2,28.2, 0.0,  0, 0.0000,     0,24.9,26.4,15.2, 25,    10,    20, 0.3704, 0.4701
M5,01/07/23,16:52:12,     3,  2982,   439, 1010.4, 300,21.2,28.2, 0.0,  0, 0.0000,     0,24.9,26.5,15.4, 25,    11,    21, 0.3727, 0.4312
M5,01/07/23,16:52:13,     3,  2983,   440, 1010.4, 300,21.3,28.2, 0.0,  0, 0.0000,     0,24.9,26.5,15.4, 25,    12,    22, 0.3904, 0.3683
M5,01/07/23,16:52:14,     3,  2984,   441, 1010.4, 300,21.3,28.2, 0.0, 21, 0.0000,     0,24.9,26.5,15.4, 25,    12,    23, 0.4175, 0.2881
M5,01/07/23,16:52:15,     3,  2985,   442, 1010.4, 300,21.3,28.2, 0.0, 21, 0.0000,     0,24.9,26.5,15.4, 25,    13,    24, 0.4507, 0.2170
M5,01/07/23,16:52:16,     3,  2986,   442, 1010.4, 300,21.3,28.2, 0.0, 21, 0.0000,     0,24.9,26.5,15.4, 25,    14,    25, 0.4800, 0.1746
M5,01/07/23,16:52:17,     3,  2987,   443, 1010.4, 300,21.3,28.2, 0.0, 21, 0.0000,     0,24.9,26.5,15.4, 25,    14,    26, 0.5025, 0.1655
M5,01/07/23,16:52:18,     3,  2988,   444, 1010.4, 300,21.4,28.2, 0.0, 21, 0.0000,     0,24.9,26.5,15.2, 25,    15,    27, 0.5283, 0.1531
M5,01/07/23,16:52:19,     3,  2989,   444, 1010.4, 300,21.4,28.2, 0.0, 21, 0.0000,     0,24.9,26.5,15.2, 25,    16,    28, 0.5473, 0.1613
M5,01/07/23,16:52:20,     3,  2990,   445, 1010.4, 300,21.4,28.2, 0.0, 21, 0.0000,     0,24.9,26.5,15.2, 25,    16,    29, 0.5604, 0.1930
M5,01/07/23,16:52:21,     3,  2991,   445, 1010.4, 300,21.4,28.2, 0.0, 21, 0.0000,     0,24.9,26.6,15.2, 25,    16,    30, 0.5644, 0.2423
M5,01/07/23,16:52:22,     3,  2992,   445, 1010.4, 300,21.4,28.2, 0.0, 21, 0.0000,     0,24.9,26.6,15.2, 25,    17,    31, 0.5655, 0.2911
M5,01/07/23,16:52:23,     3,  2993,   445, 1010.4, 300,21.4,28.2, 0.0, 21, 0.0000,     0,24.9,26.6,15.1, 25,    17,    32, 0.5646, 0.3370
M5,01/07/23,16:52:24,     3,  2994,   446, 1010.4, 300,21.4,28.2, 0.0, 21, 0.0000,     0,24.9,26.6,15.1, 25,    17,    33, 0.5628, 0.3794
M5,01/07/23,16:52:25,     3,  2995,   446, 1010.3, 300,21.4,28.2, 0.0,  0, 0.0000,     0,24.9,26.6,15.1, 25,    18,    34, 0.5615, 0.4099
M5,01/07/23,16:52:26,     3,  2996,   447, 1010.3, 300,21.4,28.2, 0.0,  0, 0.0000,     0,24.9,26.6,15.1, 25,    18,    35, 0.5608, 0.4327
M5,01/07/23,16:52:27,     3,  2997,   447, 1010.3, 300,21.5,28.2, 0.0,  0, 0.0000,     0,24.9,26.6,15.1, 25,    19,    36, 0.5614, 0.4506
M5,01/07/23,16:52:28,     3,  2998,   448, 1010.3, 299,21.5,28.2, 0.0,  0, 0.0000,     0,24.9,26.6,15.1, 25,    19,    37, 0.5616, 0.4636
M5,01/07/23,16:52:29,     3,  2999,   448, 1010.4, 300,21.5,28.2, 0.0,  0, 0.0000,     0,24.9,26.6,15.1, 25,    20,    38, 0.5643, 0.4700
M5,01/07/23,16:52:30,     3,  3000,   449, 1010.4, 300,21.5,28.2, 0.0,  0, 0.0000,     0,24.9,26.6,15.1, 25,    20,    39, 0.5666, 0.4723
M5,01/07/23,16:52:31,     3,  3001,   449, 1010.4, 300,21.5,28.2, 0.0,  0, 0.0000,     0,24.9,26.6,15.1, 25,    21,    40, 0.5677, 0.4795
M5,01/07/23,16:52:32,     3,  3002,   450, 1010.4, 300,21.5,28.2, 0.0,  0, 0.0000,     0,24.9,26.7,15.1, 25,    21,    41, 0.5676, 0.4893
M5,01/07/23,16:52:33,     3,  3003,   450, 1010.4, 300,21.5,28.2, 0.0,  0, 0.0000,     0,24.9,26.7,15.1, 25,    21,    42, 0.5666, 0.5008
M5,01/07/23,16:52:34,     3,  3004,   451, 1010.3, 300,21.5,28.2, 0.0,  0, 0.0000,     0,24.9,26.7,15.1, 25,    22,    43, 0.5672, 0.5056
M5,01/07/23,16:52:35,     3,  3005,   451, 1010.3, 300,21.5,28.2, 0.0,  0, 0.0000,     0,24.9,26.7,15.1, 25,    23,    44, 0.5687, 0.5059
M5,01/07/23,16:52:36,     3,  3006,   452, 1010.3, 300,21.6,28.2, 0.0,  0, 0.0000,     0,24.9,26.7,15.1, 25,    23,    45, 0.5718, 0.5038
M5,01/07/23,16:52:37,     3,  3007,   453, 1010.3, 300,21.6,28.2, 0.0,  0, 0.0000,     0,24.9,26.7,15.1, 25,    24,    46, 0.5740, 0.5022
M5,01/07/23,16:52:38,     3,  3008,   453, 1010.3, 300,21.6,28.2, 0.0,  0, 0.0000,     0,24.9,26.7,15.1, 25,    24,    47, 0.5754, 0.5047
M5,01/07/23,16:52:39,     3,  3009,   453, 1010.3, 300,21.6,28.2, 0.0,  0, 0.0000,     0,24.9,26.7,15.1, 25,    24,    48, 0.5750, 0.5124
M5,01/07/23,16:52:40,     3,  3010,   453, 1010.3, 300,21.6,28.2, 0.0,  0, 0.0000,     0,24.9,26.7,15.1, 25,    25,    49, 0.5739, 0.5212
M5,01/07/23,16:52:41,     3,  3011,   454, 1010.3, 300,21.6,28.3, 0.0,  0, 0.0000,     0,24.9,26.7,15.1, 25,    25,    50, 0.5730, 0.5312
M5,01/07/23,16:52:42,     3,  3012,   454, 1010.3, 300,21.6,28.3, 0.0,  0, 0.0000,     0,24.9,26.7,15.1, 25,    25,    51, 0.5711, 0.5408
M5,01/07/23,16:52:43,     3,  3013,   455, 1010.3, 300,21.7,28.2, 0.0,  0, 0.0000,     0,24.9,26.7,15.1, 25,    26,    52, 0.5698, 0.5482
M5,01/07/23,16:52:44,     3,  3014,   455, 1010.3, 300,21.7,28.2, 0.0,  0, 0.0000,     0,24.9,26.8,15.3, 25,    26,    53, 0.5686, 0.5535
M5,01/07/23,16:52:45,     3,  3015,   456, 1010.3, 300,21.7,28.3, 0.0,  0, 0.0000,     0,24.9,26.8,15.3, 25,    27,    54, 0.5680, 0.5576
M5,01/07/23,16:52:46,     3,  3016,   456, 1010.3, 300,21.7,28.3, 0.0,  0, 0.0000,     0,24.9,26.8,15.3, 25,    27,    55, 0.5673, 0.5602
M5,01/07/23,16:52:47,     3,  3017,   457, 1010.3, 300,21.7,28.3, 0.0,  0, 0.0000,     0,24.9,26.8,15.3, 25,    28,    56, 0.5671, 0.5621
M5,01/07/23,16:52:48,     3,  3018,   457, 1010.3, 300,21.7,28.3, 0.0,  0, 0.0000,     0,24.9,26.8,15.3, 25,    28,    57, 0.5668, 0.5629
M5,01/07/23,16:52:49,     3,  3019,   458, 1010.3, 300,21.7,28.3, 0.0,  0, 0.0000,     0,24.9,26.8,15.3, 25,    29,    58, 0.5671, 0.5613
M5,01/07/23,16:52:50,     3,  3020,   458, 1010.3, 300,21.7,28.2, 0.0,  0, 0.0000,     0,24.9,26.8,15.1, 25,    30,    59, 0.5674, 0.5603
M5,01/07/23,16:52:51,     3,  3021,   459, 1010.3, 300,21.7,28.2, 0.0,  0, 0.0000,     0,24.9,26.8,15.1, 25,    30,    60, 0.5677, 0.5591
R5,01/07/23,16:52:51,     3,  3021,   459, 1010.3, 300,21.7,28.2, 0.0,  0, 0.0000,     0,24.9,26.8,15.1, 25,    30,    60, 0.5677, 0.5591
End
Start
M5,01/07/23,16:53:35,     3,  3065,   448, 1010.3, 300,21.2,28.3, 0.0,  0, 0.0000,     0,24.7,26.6,15.2, 20,     0,     1, 0.0000, 0.0000
M5,01/07/23,16:53:36,     3,  3066,   448, 1010.3, 300,21.3,28.2, 0.0,  0, 0.0000,     0,24.7,26.6,15.2, 20,     1,     2, 0.0000, 0.0000
M5,01/07/23,16:53:37,     3,  3067,   449, 1010.3, 300,21.3,28.2, 0.0,  0, 0.0000,     0,24.7,26.7,15.2, 20,     1,     3, 0.0000, 0.0000
M5,01/07/23,16:53:38,     3,  3068,   449, 1010.3, 300,21.3,28.2, 0.0,  0, 0.0000,     0,24.7,26.7,15.0, 20,     2,     4, 0.0000, 0.0000
M5,01/07/23,16:53:39,     3,  3069,   450, 1010.3, 301,21.3,28.2, 0.0,  0, 0.0000,     0,24.7,26.7,15.0, 20,     3,     5, 0.0000, 0.0000
M5,01/07/23,16:53:40,     3,  3070,   450, 1010.3, 300,21.4,28.3, 0.0,  0, 0.0000,     0,24.7,26.7,15.0, 20,     3,     6, 0.0000, 0.0000
M5,01/07/23,16:53:41,     3,  3071,   451, 1010.3, 300,21.4,28.3, 0.0,  0, 0.0000,     0,24.7,26.7,15.0, 20,     4,     7, 0.0000, 0.0000
M5,01/07/23,16:53:42,     3,  3072,   451, 1010.3, 300,21.4,28.3, 0.0,  0, 0.0000,     0,24.7,26.7,15.0, 20,     4,     8, 0.0000, 0.0000
M5,01/07/23,16:53:43,     3,  3073,   452, 1010.3, 300,21.4,28.2, 0.0,  0, 0.0000,     0,24.7,26.7,14.8, 20,     5,     9, 0.0000, 0.0000
M5,01/07/23,16:53:44,     3,  3074,   453, 1010.3, 300,21.4,28.2, 0.0,  0, 0.0000,     0,24.7,26.7,14.8, 25,     5,    10, 0.0000, 0.0000
M5,01/07/23,16:53:45,     3,  3075,   453, 1010.3, 300,21.5,28.3, 0.0,  0, 0.0000,     0,24.7,26.7,14.8, 25,     6,    11, 0.0000, 0.0000
M5,01/07/23,16:53:46,     3,  3076,   453, 1010.3, 300,21.5,28.3, 0.0,  0, 0.0000,     0,24.7,26.7,14.8, 25,     6,    12, 0.0000, 0.0000
M5,01/07/23,16:53:47,     3,  3077,   454, 1010.3, 300,21.5,28.3, 0.0, 21, 0.0000,     0,24.7,26.8,14.8, 25,     7,    13, 0.4861, 0.3343
M5,01/07/23,16:53:48,     3,  3078,   454, 1010.3, 300,21.5,28.3, 0.0, 21, 0.0000,     0,24.9,26.8,14.8, 25,     7,    14, 0.5211, 0.3473
M5,01/07/23,16:53:49,     3,  3079,   455, 1010.3, 300,21.5,28.3, 0.0, 21, 0.0000,     0,24.9,26.8,14.8, 25,     8,    15, 0.5440, 0.3804
M5,01/07/23,16:53:50,     3,  3080,   455, 1010.3, 300,21.5,28.3, 0.0, 21, 0.0000,     0,24.9,26.8,14.8, 25,     8,    16, 0.5707, 0.3943
M5,01/07/23,16:53:51,     3,  3081,   456, 1010.3, 300,21.5,28.3, 0.0,  0, 0.0000,     0,24.9,26.8,14.8, 25,     9,    17, 0.5839, 0.4279
M5,01/07/23,16:53:52,     3,  3082,   456, 1010.3, 300,21.6,28.3, 0.0,  0, 0.0000,     0,24.9,26.8,14.8, 25,     9,    18, 0.5952, 0.4640
M5,01/07/23,16:53:53,     3,  3083,   457, 1010.3, 300,21.6,28.3, 0.0,  0, 0.0000,     0,24.9,26.8,14.8, 25,    10,    19, 0.5888, 0.5212
M5,01/07/23,16:53:54,     3,  3084,   457, 1010.3, 300,21.6,28.3, 0.0,  0, 0.0000,     0,24.7,26.8,15.2, 25,    10,    20, 0.5876, 0.5464
M5,01/07/23,16:53:55,     3,  3085,   458, 1010.3, 300,21.6,28.3, 0.0,  0, 0.0000,     0,24.7,26.8,15.2, 25,    10,    21, 0.5792, 0.5787
M5,01/07/23,16:53:56,     3,  3086,   458, 1010.3, 300,21.7,28.3, 0.0,  0, 0.0000,     0,24.7,26.8,15.2, 25,    11,    22, 0.5702, 0.6089
M5,01/07/23,16:53:57,     3,  3087,   458, 1010.3, 300,21.7,28.3, 0.0,  0, 0.0000,     0,24.7,26.9,15.2, 25,    11,    23, 0.5587, 0.6304
M5,01/07/23,16:53:58,     3,  3088,   459, 1010.3, 300,21.7,28.3, 0.0,  0, 0.0000,     0,24.7,26.9,15.2, 25,    12,    24, 0.5525, 0.6292
M5,01/07/23,16:53:59,     3,  3089,   459, 1010.3, 300,21.7,28.3, 0.0,  0, 0.0000,     0,24.7,26.9,14.8, 25,    12,    25, 0.5511, 0.6193
M5,01/07/23,16:54:00,     3,  3090,   460, 1010.3, 300,21.7,28.3, 0.0,  0, 0.0000,     0,24.7,26.9,14.8, 25,    12,    26, 0.5462, 0.6173
M5,01/07/23,16:54:01,     3,  3091,   460, 1010.3, 300,21.7,28.3, 0.0,  0, 0.0000,     0,24.7,26.9,14.8, 25,    13,    27, 0.5444, 0.6080
M5,01/07/23,16:54:02,     3,  3092,   460, 1010.3, 300,21.7,28.3, 0.0,  0, 0.0000,     0,24.7,26.9,14.8, 25,    13,    28, 0.5376, 0.6154
M5,01/07/23,16:54:03,     3,  3093,   461, 1010.3, 300,21.8,28.3, 0.0,  0, 0.0000,     0,24.7,26.9,14.8, 25,    14,    29, 0.5353, 0.6132
M5,01/07/23,16:54:04,     3,  3094,   461, 1010.3, 300,21.8,28.3, 0.0,  0, 0.0000,     0,24.7,26.9,14.8, 25,    14,    30, 0.5360, 0.5948
M5,01/07/23,16:54:05,     3,  3095,   462, 1010.3, 300,21.8,28.3, 0.0,  0, 0.0000,     0,24.7,26.9,14.8, 25,    15,    31, 0.5375, 0.5780
M5,01/07/23,16:54:06,     3,  3096,   462, 1010.3, 300,21.8,28.3, 0.0,  0, 0.0000,     0,24.7,26.9,14.8, 25,    15,    32, 0.5400, 0.5637
M5,01/07/23,16:54:07,     3,  3097,   463, 1010.3, 300,21.8,28.3, 0.0,  0, 0.0000,     0,24.7,26.9,14.8, 25,    16,    33, 0.5400, 0.5581
M5,01/07/23,16:54:08,     3,  3098,   463, 1010.3, 300,21.8,28.3, 0.0,  0, 0.0000,     0,24.7,26.9,14.8, 25,    16,    34, 0.5394, 0.5584
M5,01/07/23,16:54:09,     3,  3099,   463, 1010.3, 300,21.8,28.3, 0.0,  0, 0.0000,     0,24.7,26.9,14.8, 25,    16,    35, 0.5373, 0.5611
M5,01/07/23,16:54:10,     3,  3100,   464, 1010.3, 300,21.8,28.3, 0.0,  0, 0.0000,     0,24.7,26.9,14.8, 25,    17,    36, 0.5362, 0.5625
M5,01/07/23,16:54:11,     3,  3101,   464, 1010.3, 300,21.8,28.3, 0.0,  0, 0.0000,     0,24.7,26.9,14.8, 25,    17,    37, 0.5339, 0.5654
M5,01/07/23,16:54:12,     3,  3102,   465, 1010.3, 300,21.8,28.3, 0.0,  0, 0.0000,     0,24.7,26.9,14.8, 25,    18,    38, 0.5327, 0.5641
M5,01/07/23,16:54:13,     3,  3103,   465, 1010.3, 300,21.8,28.3, 0.0,  0, 0.0000,     0,24.7,26.9,14.8, 25,    18,    39, 0.5314, 0.5655
M5,01/07/23,16:54:14,     3,  3104,   465, 1010.3, 300,21.8,28.3, 0.0,  0, 0.0000,     0,24.7,26.9,14.8, 25,    18,    40, 0.5292, 0.5678
M5,01/07/23,16:54:15,     3,  3105,   466, 1010.3, 300,21.9,28.3, 0.0,  0, 0.0000,     0,24.7,26.9,14.8, 25,    19,    41, 0.5292, 0.5628
M5,01/07/23,16:54:16,     3,  3106,   467, 1010.3, 300,21.9,28.3, 0.0,  0, 0.0000,     0,24.7,26.9,14.8, 25,    19,    42, 0.5296, 0.5566
M5,01/07/23,16:54:17,     3,  3107,   467, 1010.3, 300,21.9,28.3, 0.0,  0, 0.0000,     0,24.7,26.9,14.8, 25,    20,    43, 0.5298, 0.5543
M5,01/07/23,16:54:18,     3,  3108,   467, 1010.3, 300,21.9,28.3, 0.0,  0, 0.0000,     0,24.7,26.9,14.8, 25,    20,    44, 0.5290, 0.5537
M5,01/07/23,16:54:19,     3,  3109,   468, 1010.3, 300,21.9,28.3, 0.0,  0, 0.0000,     0,24.7,26.9,14.8, 25,    21,    45, 0.5289, 0.5514
M5,01/07/23,16:54:21,     3,  3110,   468, 1010.3, 300,21.9,28.3, 0.0,  0, 0.0000,     0,24.7,26.9,14.8, 25,    21,    46, 0.5298, 0.5447
M5,01/07/23,16:54:22,     3,  3111,   469, 1010.3, 300,21.9,28.3, 0.0,  0, 0.0000,     0,24.7,26.9,14.8, 25,    22,    47, 0.5318, 0.5351
M5,01/07/23,16:54:23,     3,  3112,   470, 1010.3, 300,21.9,28.3, 0.0,  0, 0.0000,     0,24.7,26.9,14.8, 25,    22,    48, 0.5338, 0.5265
M5,01/07/23,16:54:24,     3,  3113,   470, 1010.3, 300,21.9,28.3, 0.0,  0, 0.0000,     0,24.7,26.9,14.8, 25,    23,    49, 0.5358, 0.5190
M5,01/07/23,16:54:25,     3,  3114,   470, 1010.3, 300,21.9,28.3, 0.0,  0, 0.0000,     0,24.7,26.9,14.8, 25,    23,    50, 0.5376, 0.5155
M5,01/07/23,16:54:26,     3,  3115,   471, 1010.3, 300,21.9,28.3, 0.0,  0, 0.0000,     0,24.7,26.9,14.8, 25,    24,    51, 0.5397, 0.5091
M5,01/07/23,16:54:27,     3,  3116,   472, 1010.3, 300,22.0,28.3, 0.0,  0, 0.0000,     0,24.7,26.9,15.2, 25,    24,    52, 0.5419, 0.5038
M5,01/07/23,16:54:28,     3,  3117,   472, 1010.3, 300,22.0,28.3, 0.0,  0, 0.0000,     0,24.7,26.9,15.2, 25,    25,    53, 0.5432, 0.5013
M5,01/07/23,16:54:29,     3,  3118,   472, 1010.3, 299,22.0,28.3, 0.0,  0, 0.0000,     0,24.7,26.9,15.2, 25,    25,    54, 0.5440, 0.5011
M5,01/07/23,16:54:30,     3,  3119,   473, 1010.3, 300,22.0,28.3, 0.0,  0, 0.0000,     0,24.7,26.9,15.2, 25,    26,    55, 0.5453, 0.5010
M5,01/07/23,16:54:31,     3,  3120,   473, 1010.3, 300,22.0,28.3, 0.0,  0, 0.0000,     0,24.7,26.9,15.2, 25,    26,    56, 0.5461, 0.5008
M5,01/07/23,16:54:32,     3,  3121,   474, 1010.3, 300,22.0,28.3, 0.0,  0, 0.0000,     0,24.7,26.9,15.2, 25,    26,    57, 0.5470, 0.5028
M5,01/07/23,16:54:33,     3,  3122,   474, 1010.3, 300,22.0,28.3, 0.0,  0, 0.0000,     0,24.7,26.9,15.2, 25,    27,    58, 0.5469, 0.5055
M5,01/07/23,16:54:34,     3,  3123,   474, 1010.3, 300,22.0,28.3, 0.0,  0, 0.0000,     0,24.7,26.9,15.2, 25,    27,    59, 0.5471, 0.5074
M5,01/07/23,16:54:35,     3,  3124,   475, 1010.3, 300,22.0,28.3, 0.0,  0, 0.0000,     0,24.7,26.9,15.2, 25,    28,    60, 0.5470, 0.5103
R5,01/07/23,16:54:35,     3,  3124,   475, 1010.3, 300,22.0,28.3, 0.0,  0, 0.0000,     0,24.7,26.9,15.2, 25,    28,    60, 0.5470, 0.5103
End
