Tag(M3),Date,Time,Plot_No,Rec_No,CO2,Pressure,Flow,H2O,Tsen,O2,Error,Aux_V,PAR,Tsoil,Tair,Msoil
Start
M5,23/07/23,15:26:20,     4,  5405,   416, 1003.0, 300,23.8,28.2, 0.0,  0, 0.0000,     0,22.8,24.4,22.5, 20,     1,     1, 0.0000, 0.0000
M5,23/07/23,15:26:21,     4,  5406,   417, 1003.0, 300,23.8,28.2, 0.0,  0, 0.0000,     0,22.8,24.4,22.5, 20,     2,     2, 0.0000, 0.0000
M5,23/07/23,15:26:22,     4,  5407,   418, 1003.0, 300,23.8,28.2, 0.0,  0, 0.0000,     0,22.8,24.4,22.5, 20,     3,     3, 0.0000, 0.0000
M5,23/07/23,15:26:23,     4,  5408,   419, 1003.0, 300,23.8,28.1, 0.0,  0, 0.0000,     0,22.8,24.4,22.5, 20,     4,     4, 0.0000, 0.0000
M5,23/07/23,15:26:24,     4,  5409,   420, 1003.0, 300,23.8,28.1, 0.0,  0, 0.0000,     0,22.8,24.4,22.5, 20,     5,     5, 0.0000, 0.0000
M5,23/07/23,15:26:25,     4,  5410,   421, 1003.0, 300,23.8,28.1, 0.0,  0, 0.0000,     0,22.8,24.4,22.5, 20,     6,     6, 0.0000, 0.0000
M5,23/07/23,15:26:26,     4,  5411,   422, 1003.0, 300,23.8,28.1, 0.0,  0, 0.0000,     0,22.8,24.4,22.5, 20,     7,     7, 0.0000, 0.0000
M5,23/07/23,15:26:27,     4,  5412,   422, 1003.0, 300,23.8,28.1, 0.0,  0, 0.0000,     0,22.8,24.4,22.5, 20,     8,     8, 0.0000, 0.0000
M5,23/07/23,15:26:28,     4,  5413,   423, 1003.0, 300,23.8,28.1, 0.0,  0, 0.0000,     0,22.8,24.4,22.5, 20,     8,     9, 0.0000, 0.0000
M5,23/07/23,15:26:29,     4,  5414,   424, 1003.0, 300,23.8,28.1, 0.0,  0, 0.0000,     0,22.8,24.4,22.5, 25,     9,    10, 0.0000, 0.0000
M5,23/07/23,15:26:30,     4,  5415,   424, 1003.0, 300,23.8,28.1, 0.0,  0, 0.0000,     0,22.8,24.4,22.5, 25,     9,    11, 0.0000, 0.0000
M5,23/07/23,15:26:31,     4,  5416,   425, 1003.0, 300,23.8,28.1, 0.0,  0, 0.0000,     0,22.8,24.4,22.5, 25,    10,    12, 0.0000, 0.0000
M5,23/07/23,15:26:32,     4,  5417,   426, 1003.0, 300,23.9,28.1, 0.0,  0, 0.0000,     0,22.8,24.4,22.5, 25,    11,    13, 0.8720, 0.8707
M5,23/07/23,15:26:33,     4,  5418,   426, 1003.0, 300,23.9,28.1, 0.0,  0, 0.0000,     0,22.8,24.4,22.5, 25,    12,    14, 0.8515, 0.9064
M5,23/07/23,15:26:34,     4,  5419,   427, 1003.0, 300,23.9,28.1, 0.0,  0, 0.0000,     0,22.8,24.4,22.5, 25,    12,    15, 0.8383, 0.9017
M5,23/07/23,15:26:35,     4,  5420,   428, 1003.0, 300,23.9,28.1, 0.0,  0, 0.0000,     0,22.8,24.4,22.5, 25,    13,    16, 0.8322, 0.8851
M5,23/07/23,15:26:36,     4,  5421,   428, 1003.0, 300,23.8,28.1, 0.0,  0, 0.0000,     0,22.8,24.5,22.5, 25,    14,    17, 0.8260, 0.8766
M5,23/07/23,15:26:37,     4,  5422,   429, 1003.0, 300,23.8,28.1, 0.0,  0, 0.0000,     0,22.8,24.5,22.5, 25,    14,    18, 0.8341, 0.8354
M5,23/07/23,15:26:38,     4,  5423,   430, 1003.0, 300,23.8,28.1, 0.0,  0, 0.0000,     0,22.8,24.5,22.5, 25,    15,    19, 0.8684, 0.7402
M5,23/07/23,15:26:39,     4,  5424,   431, 1003.0, 300,23.8,28.1, 0.0,  0, 0.0000,     0,22.8,24.5,22.5, 25,    17,    20, 0.9105, 0.6597
M5,23/07/23,15:26:40,     4,  5425,   432, 1003.0, 300,23.8,28.1, 0.0, 21, 0.0000,     0,22.8,24.5,22.5, 25,    17,    21, 0.9380, 0.6522
M5,23/07/23,15:26:41,     4,  5426,   433, 1003.0, 300,23.9,28.1, 0.0,  0, 0.0000,     0,22.8,24.5,22.5, 25,    18,    22, 0.9522, 0.6965
M5,23/07/23,15:26:42,     4,  5427,   434, 1003.0, 300,23.9,28.1, 0.0,  0, 0.0000,     0,22.8,24.5,22.5, 25,    19,    23, 0.9604, 0.7359
M5,23/07/23,15:26:43,     4,  5428,   434, 1003.0, 300,23.9,28.1, 0.0,  0, 0.0000,     0,22.8,24.5,22.5, 25,    19,    24, 0.9574, 0.8015
M5,23/07/23,15:26:44,     4,  5429,   435, 1003.0, 300,23.9,28.1, 0.0,  0, 0.0000,     0,22.8,24.5,22.5, 25,    20,    25, 0.9513, 0.8553
M5,23/07/23,15:26:45,     4,  5430,   436, 1003.0, 300,23.9,28.1, 0.0,  0, 0.0000,     0,22.6,24.5,22.5, 25,    21,    26, 0.9441, 0.8983
M5,23/07/23,15:26:46,     4,  5431,   437, 1003.0, 300,23.9,28.1, 0.0,  0, 0.0000,     0,22.6,24.5,22.5, 25,    22,    27, 0.9441, 0.9098
M5,23/07/23,15:26:47,     4,  5432,   437, 1003.0, 300,23.9,28.1, 0.0,  0, 0.0000,     0,22.6,24.5,22.5, 25,    22,    28, 0.9413, 0.9250
M5,23/07/23,15:26:48,     4,  5433,   438, 1003.0, 300,23.9,28.1, 0.0,  0, 0.0000,     0,22.6,24.5,22.5, 25,    23,    29, 0.9375, 0.9411
M5,23/07/23,15:26:49,     4,  5434,   439, 1003.0, 300,23.9,28.1, 0.0,  0, 0.0000,     0,22.6,24.5,22.5, 25,    24,    30, 0.9352, 0.9474
M5,23/07/23,15:26:50,     4,  5435,   439, 1003.0, 300,23.9,28.1, 0.0,  0, 0.0000,     0,22.6,24.5,22.5, 25,    25,    31, 0.9319, 0.9552
M5,23/07/23,15:26:51,     4,  5436,   440, 1003.0, 300,23.9,28.1, 0.0,  0, 0.0000,     0,22.6,24.5,22.5, 25,    25,    32, 0.9281, 0.9640
M5,23/07/23,15:26:52,     4,  5437,   441, 1003.0, 300,24.0,28.1, 0.0,  0, 0.0000,     0,22.6,24.5,22.5, 25,    26,    33, 0.9243, 0.9729
M5,23/07/23,15:26:53,     4,  5438,   441, 1003.0, 300,24.0,28.1, 0.0,  0, 0.0000,     0,22.6,24.5,22.5, 25,    27,    34, 0.9199, 0.9805
M5,23/07/23,15:26:54,     4,  5439,   442, 1003.0, 300,24.0,28.1, 0.0,  0, 0.0000,     0,22.6,24.5,22.5, 25,    27,    35, 0.9154, 0.9869
M5,23/07/23,15:26:55,     4,  5440,   442, 1003.0, 300,24.0,28.1, 0.0,  0, 0.0000,     0,22.6,24.5,22.5, 25,    28,    36, 0.9097, 0.9996
M5,23/07/23,15:26:56,     4,  5441,   443, 1003.0, 300,24.0,28.1, 0.0,  0, 0.0000,     0,22.6,24.5,22.4, 25,    28,    37, 0.9037, 1.0079
M5,23/07/23,15:26:57,     4,  5442,   444, 1003.0, 300,24.0,28.0, 0.0,  0, 0.0000,     0,22.6,24.5,22.4, 25,    29,    38, 0.8981, 1.0131
M5,23/07/23,15:26:58,     4,  5443,   444, 1003.0, 300,24.0,28.0, 0.0,  0, 0.0000,     0,22.6,24.5,22.4, 25,    30,    39, 0.8930, 1.0161
M5,23/07/23,15:26:59,     4,  5444,   445, 1003.0, 300,24.0,28.0, 0.0,  0, 0.0000,     0,22.6,24.5,22.4, 25,    30,    40, 0.8899, 1.0135
M5,23/07/23,15:27:00,     4,  5445,   446, 1003.0, 300,24.0,28.0, 0.0,  0, 0.0000,     0,22.6,24.5,22.4, 25,    31,    41, 0.8876, 1.0064
M5,23/07/23,15:27:01,     4,  5446,   447, 1003.0, 300,24.0,28.0, 0.0,  0, 0.0000,     0,22.6,24.5,22.3, 25,    32,    42, 0.8853, 1.0006
M5,23/07/23,15:27:02,     4,  5447,   447, 1003.0, 300,24.0,28.0, 0.0,  0, 0.0000,     0,22.6,24.5,22.3, 25,    33,    43, 0.8832, 0.9958
M5,23/07/23,15:27:03,     4,  5448,   448, 1003.0, 300,24.0,28.0, 0.0,  0, 0.0000,     0,22.6,24.5,22.3, 25,    33,    44, 0.8818, 0.9881
M5,23/07/23,15:27:04,     4,  5449,   449, 1003.0, 300,24.1,28.0, 0.0,  0, 0.0000,     0,22.6,24.5,22.3, 25,    34,    45, 0.8798, 0.9855
M5,23/07/23,15:27:05,     4,  5450,   449, 1003.0, 300,24.1,28.0, 0.0,  0, 0.0000,     0,22.6,24.5,22.3, 25,    34,    46, 0.8757, 0.9890
M5,23/07/23,15:27:06,     4,  5451,   450, 1003.0, 300,24.0,28.0, 0.0,  0, 0.0000,     0,22.6,24.4,22.3, 25,    35,    47, 0.8708, 0.9936
M5,23/07/23,15:27:07,     4,  5452,   450, 1003.0, 300,24.0,28.0, 0.0,  0, 0.0000,     0,22.6,24.4,22.3, 25,    35,    48, 0.8658, 0.9993
M5,23/07/23,15:27:08,     4,  5453,   451, 1003.0, 300,24.0,28.0, 0.0,  0, 0.0000,     0,22.6,24.4,22.3, 25,    36,    49, 0.8614, 1.0025
M5,23/07/23,15:27:09,     4,  5454,   452, 1003.0, 300,24.0,28.0, 0.0,  0, 0.0000,     0,22.6,24.4,22.3, 25,    37,    50, 0.8582, 1.0013
M5,23/07/23,15:27:10,     4,  5455,   452, 1003.0, 300,24.0,28.0, 0.0,  0, 0.0000,     0,22.6,24.4,22.3, 25,    38,    51, 0.8558, 0.9966
M5,23/07/23,15:27:11,     4,  5456,   453, 1003.0, 300,24.1,28.0, 0.0,  0, 0.0000,     0,22.6,24.4,22.3, 25,    38,    52, 0.8546, 0.9899
M5,23/07/23,15:27:12,     4,  5457,   454, 1003.0, 300,24.1,28.0, 0.0,  0, 0.0000,     0,22.6,24.4,22.4, 25,    39,    53, 0.8518, 0.9878
M5,23/07/23,15:27:13,     4,  5458,   454, 1003.0, 300,24.1,28.0, 0.0,  0, 0.0000,     0,22.6,24.4,22.4, 25,    39,    54, 0.8494, 0.9852
M5,23/07/23,15:27:14,     4,  5459,   455, 1003.0, 300,24.1,28.0, 0.0,  0, 0.0000,     0,22.6,24.4,22.4, 25,    40,    55, 0.8471, 0.9821
M5,23/07/23,15:27:15,     4,  5460,   455, 1003.0, 300,24.1,28.0, 0.0,  0, 0.0000,     0,22.6,24.4,22.4, 25,    41,    56, 0.8445, 0.9810
M5,23/07/23,15:27:16,     4,  5461,   456, 1003.0, 300,24.1,28.0, 0.0,  0, 0.0000,     0,22.6,24.4,22.4, 25,    41,    57, 0.8420, 0.9788
M5,23/07/23,15:27:17,     4,  5462,   457, 1003.0, 300,24.1,28.0, 0.0,  0, 0.0000,     0,22.6,24.4,22.3, 25,    42,    58, 0.8408, 0.9724
M5,23/07/23,15:27:18,     4,  5463,   458, 1003.0, 300,24.1,28.0, 0.0,  0, 0.0000,     0,22.6,24.4,22.3, 25,    43,    59, 0.8400, 0.9646
M5,23/07/23,15:27:19,     4,  5464,   459, 1003.0, 300,24.1,28.0, 0.0,  0, 0.0000,     0,22.6,24.4,22.3, 25,    44,    60, 0.8394, 0.9573
R5,23/07/23,15:27:19,     4,  5464,   459, 1003.0, 300,24.1,28.0, 0.0,  0, 0.0000,     0,22.6,24.4,22.3, 25,    44,    60, 0.8394, 0.9573
End
Start
M5,23/07/23,15:28:16,     4,  5520,   411, 1002.9, 300,23.4,27.8, 0.0,  0, 0.0000,     0,22.6,23.8,22.3, 20,     1,     1, 0.0000, 0.0000
M5,23/07/23,15:28:17,     4,  5521,   412, 1002.9, 300,23.4,27.8, 0.0,  0, 0.0000,     0,22.4,23.8,22.6, 20,     2,     2, 0.0000, 0.0000
M5,23/07/23,15:28:18,     4,  5522,   413, 1002.9, 300,23.4,27.8, 0.0,  0, 0.0000,     0,22.4,23.8,22.6, 20,     3,     3, 0.0000, 0.0000
M5,23/07/23,15:28:19,     4,  5523,   413, 1002.9, 300,23.4,27.8, 0.0,  0, 0.0000,     0,22.4,23.8,22.6, 20,     3,     4, 0.0000, 0.0000
M5,23/07/23,15:28:20,     4,  5524,   414, 1002.9, 300,23.4,27.8, 0.0,  0, 0.0000,     0,22.4,23.8,22.6, 20,     4,     5, 0.0000, 0.0000
M5,23/07/23,15:28:21,     4,  5525,   415, 1002.9, 300,23.4,27.8, 0.0,  0, 0.0000,     0,22.4,23.9,22.6, 20,     5,     6, 0.0000, 0.0000
M5,23/07/23,15:28:22,     4,  5526,   415, 1002.9, 300,23.4,27.8, 0.0,  0, 0.0000,     0,22.4,23.9,22.6, 20,     5,     7, 0.0000, 0.0000
M5,23/07/23,15:28:23,     4,  5527,   416, 1002.9, 300,23.5,27.8, 0.0,  0, 0.0000,     0,22.4,23.9,22.6, 20,     6,     8, 0.0000, 0.0000
M5,23/07/23,15:28:24,     4,  5528,   416, 1002.9, 300,23.5,27.8, 0.0,  0, 0.0000,     0,22.4,23.9,22.6, 20,     7,     9, 0.0000, 0.0000
M5,23/07/23,15:28:25,     4,  5529,   417, 1002.9, 300,23.5,27.8, 0.0,  0, 0.0000,     0,22.4,23.9,22.6, 25,     7,    10, 0.0000, 0.0000
M5,23/07/23,15:28:26,     4,  5530,   418, 1002.9, 300,23.5,27.8, 0.0,  0, 0.0000,     0,22.4,23.9,22.6, 25,     8,    11, 0.0000, 0.0000
M5,23/07/23,15:28:27,     4,  5531,   419, 1002.9, 300,23.5,27.8, 0.0,  0, 0.0000,     0,22.4,23.9,22.6, 25,     9,    12, 0.0000, 0.0000
M5,23/07/23,15:28:28,     4,  5532,   419, 1002.9, 300,23.5,27.8, 0.0,  0, 0.0000,     0,22.4,23.9,22.6, 25,     9,    13, 0.9293, 1.0758
M5,23/07/23,15:28:29,     4,  5533,   420, 1002.9, 300,23.5,27.8, 0.0,  0, 0.0000,     0,22.4,23.9,22.6, 25,    10,    14, 0.8889, 1.0561
M5,23/07/23,15:28:30,     4,  5534,   421, 1002.9, 300,23.6,27.8, 0.0,  0, 0.0000,     0,22.4,24.0,22.6, 25,    11,    15, 0.8915, 0.9657
M5,23/07/23,15:28:31,     4,  5535,   422, 1002.9, 300,23.6,27.8, 0.0,  0, 0.0000,     0,22.4,24.0,22.6, 25,    12,    16, 0.9016, 0.9043
M5,23/07/23,15:28:32,     4,  5536,   422, 1002.9, 300,23.6,27.8, 0.0,  0, 0.0000,     0,22.4,24.0,22.6, 25,    12,    17, 0.8991, 0.9162
M5,23/07/23,15:28:33,     4,  5537,   423, 1002.9, 300,23.6,27.8, 0.0,  0, 0.0000,     0,22.4,24.0,22.6, 25,    13,    18, 0.8893, 0.9327
M5,23/07/23,15:28:34,     4,  5538,   424, 1002.9, 300,23.6,27.8, 0.0,  0, 0.0000,     0,22.4,24.0,22.6, 25,    14,    19, 0.8789, 0.9438
M5,23/07/23,15:28:35,     4,  5539,   424, 1002.9, 300,23.6,27.8, 0.0,  0, 0.0000,     0,22.4,24.0,22.6, 25,    14,    20, 0.8619, 0.9760
M5,23/07/23,15:28:36,     4,  5540,   425, 1002.9, 300,23.6,27.8, 0.0,  0, 0.0000,     0,22.4,24.0,22.6, 25,    15,    21, 0.8530, 0.9665
M5,23/07/23,15:28:37,     4,  5541,   426, 1002.9, 300,23.7,27.8, 0.0,  0, 0.0000,     0,22.4,24.0,22.6, 25,    16,    22, 0.8596, 0.9178
M5,23/07/23,15:28:38,     4,  5542,   427, 1002.9, 300,23.7,27.8, 0.0,  0, 0.0000,     0,22.4,24.0,22.6, 25,    17,    23, 0.8668, 0.8789
M5,23/07/23,15:28:39,     4,  5543,   427, 1002.9, 300,23.7,27.7, 0.0,  0, 0.0000,     0,22.4,24.0,22.6, 25,    17,    24, 0.8754, 0.8508
M5,23/07/23,15:28:40,     4,  5544,   428, 1002.9, 300,23.7,27.7, 0.0,  0, 0.0000,     0,22.4,24.0,22.6, 25,    18,    25, 0.8788, 0.8439
M5,23/07/23,15:28:41,     4,  5545,   429, 1002.9, 300,23.7,27.7, 0.0,  0, 0.0000,     0,22.4,24.0,22.6, 25,    19,    26, 0.8833, 0.8353
M5,23/07/23,15:28:42,     4,  5546,   430, 1002.9, 300,23.7,27.7, 0.0,  0, 0.0000,     0,22.4,24.0,22.6, 25,    20,    27, 0.8890, 0.8276
M5,23/07/23,15:28:43,     4,  5547,   431, 1002.9, 300,23.7,27.7, 0.0,  0, 0.0000,     0,22.4,24.0,22.6, 25,    21,    28, 0.8945, 0.8201
M5,23/07/23,15:28:44,     4,  5548,   431, 1002.9, 300,23.7,27.7, 0.0,  0, 0.0000,     0,22.4,24.0,22.6, 25,    21,    29, 0.8945, 0.8337
M5,23/07/23,15:28:45,     4,  5549,   432, 1002.9, 300,23.7,27.7, 0.0,  0, 0.0000,     0,22.4,24.0,22.6, 25,    22,    30, 0.8955, 0.8395
M5,23/07/23,15:28:46,     4,  5550,   432, 1002.9, 300,23.7,27.7, 0.0,  0, 0.0000,     0,22.4,24.0,22.6, 25,    23,    31, 0.8961, 0.8500
M5,23/07/23,15:28:47,     4,  5551,   433, 1002.9, 300,23.7,27.7, 0.0,  0, 0.0000,     0,22.4,24.0,22.6, 25,    23,    32, 0.8969, 0.8537
M5,23/07/23,15:28:48,     4,  5552,   434, 1002.9, 300,23.7,27.7, 0.0,  0, 0.0000,     0,22.4,24.0,22.6, 25,    24,    33, 0.8967, 0.8609
M5,23/07/23,15:28:49,     4,  5553,   435, 1002.9, 300,23.7,27.7, 0.0,  0, 0.0000,     0,22.4,24.0,22.6, 25,    25,    34, 0.8955, 0.8695
M5,23/07/23,15:28:50,     4,  5554,   435, 1002.9, 300,23.7,27.7, 0.0,  0, 0.0000,     0,22.4,24.1,22.6, 25,    25,    35, 0.8920, 0.8844
M5,23/07/23,15:28:51,     4,  5555,   436, 1002.9, 300,23.8,27.7, 0.0,  0, 0.0000,     0,22.4,24.1,22.6, 25,    26,    36, 0.8892, 0.8975
M5,23/07/23,15:28:52,     4,  5556,   436, 1002.9, 300,23.8,27.7, 0.0,  0, 0.0000,     0,22.4,24.1,22.6, 25,    27,    37, 0.8856, 0.9077
M5,23/07/23,15:28:53,     4,  5557,   437, 1002.9, 300,23.8,27.7, 0.0,  0, 0.0000,     0,22.4,24.1,22.6, 25,    27,    38, 0.8824, 0.9162
M5,23/07/23,15:28:54,     4,  5558,   438, 1002.9, 300,23.8,27.7, 0.0,  0, 0.0000,     0,22.4,24.1,22.6, 25,    28,    39, 0.8804, 0.9183
M5,23/07/23,15:28:55,     4,  5559,   439, 1002.9, 300,23.8,27.7, 0.0,  0, 0.0000,     0,22.4,24.1,22.6, 25,    29,    40, 0.8782, 0.9201
M5,23/07/23,15:28:56,     4,  5560,   439, 1002.9, 300,23.8,27.7, 0.0,  0, 0.0000,     0,22.4,24.1,22.6, 25,    29,    41, 0.8758, 0.9230
M5,23/07/23,15:28:57,     4,  5561,   440, 1002.9, 300,23.8,27.7, 0.0,  0, 0.0000,     0,22.4,24.1,22.6, 25,    30,    42, 0.8734, 0.9254
M5,23/07/23,15:28:58,     4,  5562,   441, 1002.9, 300,23.8,27.7, 0.0,  0, 0.0000,     0,22.4,24.1,22.6, 25,    31,    43, 0.8727, 0.9244
M5,23/07/23,15:28:59,     4,  5563,   441, 1002.9, 300,23.8,27.7, 0.0,  0, 0.0000,     0,22.4,24.1,22.6, 25,    31,    44, 0.8703, 0.9268
M5,23/07/23,15:29:00,     4,  5564,   442, 1002.9, 300,23.8,27.7, 0.0,  0, 0.0000,     0,22.4,24.1,22.6, 25,    32,    45, 0.8675, 0.9327
M5,23/07/23,15:29:01,     4,  5565,   442, 1002.9, 300,23.8,27.7, 0.0,  0, 0.0000,     0,22.4,24.1,22.6, 25,    32,    46, 0.8644, 0.9365
M5,23/07/23,15:29:02,     4,  5566,   443, 1002.9, 300,23.8,27.7, 0.0,  0, 0.0000,     0,22.4,24.1,22.6, 25,    33,    47, 0.8629, 0.9329
M5,23/07/23,15:29:03,     4,  5567,   444, 1002.9, 300,23.8,27.7, 0.0,  0, 0.0000,     0,22.4,24.1,22.6, 25,    34,    48, 0.8624, 0.9274
M5,23/07/23,15:29:04,     4,  5568,   445, 1002.9, 300,23.8,27.7, 0.0,  0, 0.0000,     0,22.4,24.1,22.6, 25,    35,    49, 0.8618, 0.9230
M5,23/07/23,15:29:05,     4,  5569,   445, 1002.9, 300,23.8,27.7, 0.0,  0, 0.0000,     0,22.4,24.1,22.6, 25,    36,    50, 0.8611, 0.9197
M5,23/07/23,15:29:06,     4,  5570,   446, 1002.9, 300,23.8,27.7, 0.0,  0, 0.0000,     0,22.4,24.1,22.6, 25,    36,    51, 0.8609, 0.9145
M5,23/07/23,15:29:07,     4,  5571,   447, 1002.9, 300,23.9,27.7, 0.0,  0, 0.0000,     0,22.4,24.1,22.6, 25,    37,    52, 0.8617, 0.9086
M5,23/07/23,15:29:08,     4,  5572,   448, 1002.9, 300,23.9,27.7, 0.0,  0, 0.0000,     0,22.4,24.1,22.6, 25,    38,    53, 0.8624, 0.9014
M5,23/07/23,15:29:09,     4,  5573,   449, 1002.9, 300,23.9,27.6, 0.0,  0, 0.0000,     0,22.4,24.1,22.6, 25,    39,    54, 0.8634, 0.8938
M5,23/07/23,15:29:10,     4,  5574,   449, 1002.9, 300,23.9,27.6, 0.0,  0, 0.0000,     0,22.4,24.1,22.6, 25,    40,    55, 0.8641, 0.8880
M5,23/07/23,15:29:11,     4,  5575,   450, 1002.9, 300,23.9,27.6, 0.0,  0, 0.0000,     0,22.4,24.1,22.6, 25,    40,    56, 0.8649, 0.8841
M5,23/07/23,15:29:12,     4,  5576,   451, 1002.9, 300,23.9,27.6, 0.0,  0, 0.0000,     0,22.4,24.0,22.6, 25,    41,    57, 0.8652, 0.8810
M5,23/07/23,15:29:13,     4,  5577,   452, 1002.9, 300,23.9,27.6, 0.0,  0, 0.0000,     0,22.4,24.0,22.6, 25,    42,    58, 0.8663, 0.8753
M5,23/07/23,15:29:14,     4,  5578,   453, 1002.9, 300,23.9,27.6, 0.0,  0, 0.0000,     0,22.4,24.0,22.6, 25,    43,    59, 0.8679, 0.8695
M5,23/07/23,15:29:15,     4,  5579,   453, 1002.9, 300,23.9,27.6, 0.0,  0, 0.0000,     0,22.4,24.0,22.6, 25,    43,    60, 0.8690, 0.8652
R5,23/07/23,15:29:15,     4,  5579,   453, 1002.9, 300,23.9,27.6, 0.0,  0, 0.0000,     0,22.4,24.0,22.6, 25,    43,    60, 0.8690, 0.8652
End
Start
M5,23/07/23,15:30:01,     4,  5625,   414, 1002.9, 300,23.2,27.5, 0.0,  0, 0.0000,     0,22.4,23.3,22.6, 20,     1,     1, 0.0000, 0.0000
M5,23/07/23,15:30:02,     4,  5626,   415, 1002.9, 300,23.2,27.5, 0.0,  0, 0.0000,     0,22.4,23.3,22.6, 20,     1,     2, 0.0000, 0.0000
M5,23/07/23,15:30:03,     4,  5627,   416, 1002.9, 300,23.2,27.5, 0.0,  0, 0.0000,     0,22.4,23.3,22.6, 20,     2,     3, 0.0000, 0.0000
M5,23/07/23,15:30:04,     4,  5628,   416, 1002.9, 300,23.1,27.5, 0.0,  0, 0.0000,     0,22.4,23.4,22.5, 20,     3,     4, 0.0000, 0.0000
M5,23/07/23,15:30:05,     4,  5629,   417, 1002.9, 300,23.1,27.5, 0.0,  0, 0.0000,     0,22.4,23.4,22.5, 20,     4,     5, 0.0000, 0.0000
M5,23/07/23,15:30:06,     4,  5630,   418, 1002.9, 300,23.1,27.5, 0.0,  0, 0.0000,     0,22.4,23.4,22.5, 20,     4,     6, 0.0000, 0.0000
M5,23/07/23,15:30:07,     4,  5631,   418, 1002.9, 300,23.1,27.5, 0.0,  0, 0.0000,     0,22.4,23.4,22.5, 20,     5,     7, 0.0000, 0.0000
M5,23/07/23,15:30:08,     4,  5632,   419, 1002.9, 300,23.1,27.5, 0.0,  0, 0.0000,     0,22.4,23.5,22.5, 20,     5,     8, 0.0000, 0.0000
M5,23/07/23,15:30:09,     4,  5633,   420, 1002.9, 300,23.1,27.5, 0.0,  0, 0.0000,     0,22.4,23.5,22.5, 20,     6,     9, 0.0000, 0.0000
M5,23/07/23,15:30:10,     4,  5634,   420, 1002.9, 300,23.1,27.5, 0.0,  0, 0.0000,     0,22.4,23.5,22.5, 25,     6,    10, 0.0000, 0.0000
M5,23/07/23,15:30:11,     4,  5635,   420, 1002.9, 300,23.1,27.5, 0.0,  0, 0.0000,     0,22.4,23.5,22.5, 25,     7,    11, 0.0000, 0.0000
M5,23/07/23,15:30:12,     4,  5636,   421, 1002.9, 300,23.1,27.5, 0.0,  0, 0.0000,     0,22.4,23.5,22.5, 25,     7,    12, 0.0000, 0.0000
M5,23/07/23,15:30:13,     4,  5637,   421, 1002.9, 300,23.1,27.5, 0.0,  0, 0.0000,     0,22.4,23.6,22.5, 25,     8,    13, 0.5955, 0.5946
M5,23/07/23,15:30:14,     4,  5638,   422, 1002.9, 300,23.2,27.4, 0.0,  0, 0.0000,     0,22.4,23.6,22.5, 25,     9,    14, 0.6367, 0.5233
M5,23/07/23,15:30:15,     4,  5639,   423, 1002.9, 300,23.2,27.4, 0.0,  0, 0.0000,     0,22.4,23.6,22.5, 25,     9,    15, 0.6695, 0.5101
M5,23/07/23,15:30:16,     4,  5640,   423, 1002.9, 300,23.2,27.4, 0.0,  0, 0.0000,     0,22.4,23.6,22.5, 25,    10,    16, 0.7011, 0.5110
M5,23/07/23,15:30:17,     4,  5641,   424, 1002.9, 300,23.2,27.4, 0.0,  0, 0.0000,     0,22.4,23.6,22.5, 25,    10,    17, 0.7049, 0.5783
M5,23/07/23,15:30:18,     4,  5642,   425, 1002.9, 300,23.2,27.4, 0.0,  0, 0.0000,     0,22.4,23.6,22.5, 25,    11,    18, 0.7278, 0.5716
M5,23/07/23,15:30:19,     4,  5643,   425, 1002.9, 300,23.2,27.4, 0.0,  0, 0.0000,     0,22.4,23.6,22.5, 25,    12,    19, 0.7418, 0.5845
M5,23/07/23,15:30:20,     4,  5644,   426, 1002.9, 300,23.2,27.4, 0.0,  0, 0.0000,     0,22.4,23.6,22.5, 25,    13,    20, 0.7528, 0.6050
M5,23/07/23,15:30:21,     4,  5645,   427, 1002.9, 300,23.2,27.4, 0.0,  0, 0.0000,     0,22.4,23.7,22.5, 25,    13,    21, 0.7529, 0.6459
M5,23/07/23,15:30:22,     4,  5646,   427, 1002.9, 300,23.2,27.4, 0.0,  0, 0.0000,     0,22.4,23.7,22.5, 25,    14,    22, 0.7543, 0.6691
M5,23/07/23,15:30:23,     4,  5647,   428, 1002.9, 300,23.2,27.4, 0.0,  0, 0.0000,     0,22.4,23.7,22.5, 25,    14,    23, 0.7571, 0.6840
M5,23/07/23,15:30:24,     4,  5648,   429, 1002.9, 300,23.2,27.4, 0.0,  0, 0.0000,     0,22.4,23.7,22.5, 25,    15,    24, 0.7643, 0.6777
M5,23/07/23,15:30:25,     4,  5649,   430, 1002.9, 300,23.3,27.4, 0.0,  0, 0.0000,     0,22.4,23.7,22.5, 25,    16,    25, 0.7749, 0.6654
M5,23/07/23,15:30:26,     4,  5650,   430, 1002.9, 300,23.3,27.4, 0.0,  0, 0.0000,     0,22.4,23.7,22.5, 25,    17,    26, 0.7820, 0.6645
M5,23/07/23,15:30:27,     4,  5651,   431, 1002.9, 300,23.3,27.4, 0.0,  0, 0.0000,     0,22.4,23.7,22.5, 25,    17,    27, 0.7840, 0.6816
M5,23/07/23,15:30:28,     4,  5652,   431, 1002.9, 300,23.3,27.4, 0.0,  0, 0.0000,     0,22.4,23.7,22.5, 25,    18,    28, 0.7825, 0.7051
M5,23/07/23,15:30:29,     4,  5653,   432, 1002.9, 300,23.3,27.4, 0.0,  0, 0.0000,     0,22.4,23.7,22.5, 25,    18,    29, 0.7817, 0.7213
M5,23/07/23,15:30:30,     4,  5654,   433, 1002.9, 300,23.3,27.4, 0.0,  0, 0.0000,     0,22.1,23.7,22.5, 25,    19,    30, 0.7850, 0.7250
M5,23/07/23,15:30:31,     4,  5655,   434, 1002.9, 300,23.3,27.4, 0.0,  0, 0.0000,     0,22.1,23.7,22.5, 25,    20,    31, 0.7914, 0.7123
M5,23/07/23,15:30:32,     4,  5656,   434, 1002.9, 300,23.3,27.4, 0.0,  0, 0.0000,     0,22.1,23.7,22.5, 25,    21,    32, 0.7972, 0.7081
M5,23/07/23,15:30:33,     4,  5657,   435, 1002.9, 300,23.3,27.4, 0.0,  0, 0.0000,     0,22.1,23.7,22.5, 25,    21,    33, 0.8010, 0.7078
M5,23/07/23,15:30:34,     4,  5658,   435, 1002.9, 300,23.3,27.4, 0.0,  0, 0.0000,     0,22.1,23.7,22.5, 25,    22,    34, 0.8020, 0.7168
M5,23/07/23,15:30:35,     4,  5659,   436, 1002.9, 300,23.3,27.4, 0.0,  0, 0.0000,     0,22.1,23.7,22.5, 25,    23,    35, 0.8029, 0.7252
M5,23/07/23,15:30:36,     4,  5660,   437, 1002.9, 300,23.3,27.4, 0.0,  0, 0.0000,     0,22.1,23.7,22.5, 25,    23,    36, 0.8030, 0.7347
M5,23/07/23,15:30:37,     4,  5661,   437, 1002.9, 300,23.4,27.4, 0.0,  0, 0.0000,     0,22.1,23.7,22.5, 25,    24,    37, 0.8040, 0.7437
M5,23/07/23,15:30:38,     4,  5662,   438, 1002.9, 300,23.4,27.4, 0.0,  0, 0.0000,     0,22.1,23.7,22.5, 25,    24,    38, 0.8040, 0.7505
M5,23/07/23,15:30:39,     4,  5663,   439, 1002.9, 300,23.4,27.4, 0.0,  0, 0.0000,     0,22.1,23.7,22.5, 25,    25,    39, 0.8068, 0.7475
M5,23/07/23,15:30:40,     4,  5664,   439, 1002.9, 300,23.4,27.4, 0.0,  0, 0.0000,     0,22.1,23.8,22.5, 25,    26,    40, 0.8077, 0.7508
M5,23/07/23,15:30:41,     4,  5665,   440, 1002.9, 300,23.4,27.4, 0.0,  0, 0.0000,     0,22.1,23.8,22.5, 25,    27,    41, 0.8089, 0.7550
M5,23/07/23,15:30:42,     4,  5666,   441, 1002.9, 300,23.4,27.4, 0.0,  0, 0.0000,     0,22.1,23.8,22.5, 25,    27,    42, 0.8084, 0.7624
M5,23/07/23,15:30:43,     4,  5667,   441, 1002.9, 300,23.4,27.4, 0.0,  0, 0.0000,     0,22.1,23.8,22.5, 25,    28,    43, 0.8070, 0.7723
M5,23/07/23,15:30:44,     4,  5668,   442, 1002.9, 300,23.4,27.4, 0.0,  0, 0.0000,     0,22.1,23.8,22.5, 25,    28,    44, 0.8058, 0.7797
M5,23/07/23,15:30:45,     4,  5669,   442, 1002.9, 300,23.4,27.4, 0.0,  0, 0.0000,     0,22.1,23.8,22.5, 25,    29,    45, 0.8048, 0.7855
M5,23/07/23,15:30:47,     4,  5670,   443, 1002.9, 300,23.5,27.4, 0.0,  0, 0.0000,     0,22.1,23.8,22.5, 25,    30,    46, 0.8044, 0.7906
M5,23/07/23,15:30:48,     4,  5671,   444, 1002.9, 300,23.5,27.4, 0.0,  0, 0.0000,     0,22.1,23.8,22.5, 25,    30,    47, 0.8029, 0.7970
M5,23/07/23,15:30:49,     4,  5672,   444, 1002.9, 300,23.5,27.3, 0.0,  0, 0.0000,     0,22.1,23.8,22.5, 25,    31,    48, 0.8010, 0.8049
M5,23/07/23,15:30:50,     4,  5673,   445, 1002.9, 300,23.5,27.3, 0.0,  0, 0.0000,     0,22.1,23.8,22.5, 25,    31,    49, 0.7993, 0.8103
M5,23/07/23,15:30:51,     4,  5674,   445, 1002.9, 300,23.5,27.3, 0.0,  0, 0.0000,     0,22.1,23.7,22.5, 25,    32,    50, 0.7978, 0.8140
M5,23/07/23,15:30:52,     4,  5675,   446, 1002.9, 300,23.5,27.3, 0.0,  0, 0.0000,     0,22.1,23.7,22.5, 25,    33,    51, 0.7966, 0.8166
M5,23/07/23,15:30:53,     4,  5676,   447, 1002.9, 300,23.5,27.3, 0.0,  0, 0.0000,     0,22.1,23.7,22.5, 25,    33,    52, 0.7955, 0.8181
M5,23/07/23,15:30:54,     4,  5677,   448, 1002.9, 300,23.5,27.3, 0.0,  0, 0.0000,     0,22.1,23.7,22.5, 25,    34,    53, 0.7963, 0.8148
M5,23/07/23,15:30:55,     4,  5678,   448, 1002.9, 300,23.5,27.3, 0.0,  0, 0.0000,     0,22.1,23.7,22.5, 25,    35,    54, 0.7966, 0.8115
M5,23/07/23,15:30:56,     4,  5679,   449, 1002.9, 300,23.5,27.3, 0.0,  0, 0.0000,     0,22.1,23.7,22.5, 25,    36,    55, 0.7983, 0.8047
M5,23/07/23,15:30:57,     4,  5680,   450, 1002.9, 300,23.5,27.3, 0.0,  0, 0.0000,     0,22.1,23.7,22.5, 25,    37,    56, 0.7994, 0.7996
M5,23/07/23,15:30:58,     4,  5681,   451, 1002.9, 300,23.5,27.3, 0.0,  0, 0.0000,     0,22.1,23.7,22.8, 25,    37,    57, 0.8004, 0.7953
M5,23/07/23,15:30:59,     4,  5682,   451, 1002.9, 300,23.5,27.3, 0.0,  0, 0.0000,     0,22.1,23.7,22.8, 25,    38,    58, 0.8013, 0.7918
M5,23/07/23,15:31:00,     4,  5683,   452, 1002.8, 300,23.5,27.3, 0.0,  0, 0.0000,     0,22.1,23.7,22.8, 25,    39,    59, 0.8027, 0.7871
M5,23/07/23,15:31:01,     4,  5684,   453, 1002.8, 300,23.5,27.3, 0.0,  0, 0.0000,     0,22.1,23.7,22.8, 25,    39,    60, 0.8039, 0.7835
R5,23/07/23,15:31:01,     4,  5684,   453, 1002.8, 300,23.5,27.3, 0.0,  0, 0.0000,     0,22.1,23.7,22.8, 25,    39,    60, 0.8039, 0.7835
End
Zero
Start
M5,23/07/23,15:33:24,     5,  5827,   413, 1002.9, 300,23.2,26.8, 0.0,  0, 0.0000,     0,21.9,24.5,21.2, 20,     1,     1, 0.0000, 0.0000
M5,23/07/23,15:33:25,     5,  5828,   414, 1002.9, 300,23.2,26.8, 0.0,  0, 0.0000,     0,21.9,24.5,21.2, 20,     1,     2, 0.0000, 0.0000
M5,23/07/23,15:33:26,     5,  5829,   414, 1002.9, 300,23.2,26.8, 0.0,  0, 0.0000,     0,21.9,24.5,21.2, 20,     2,     3, 0.0000, 0.0000
M5,23/07/23,15:33:27,     5,  5830,   414, 1002.9, 300,23.2,26.8, 0.0,  0, 0.0000,     0,21.9,24.5,21.2, 20,     2,     4, 0.0000, 0.0000
M5,23/07/23,15:33:28,     5,  5831,   415, 1002.9, 300,23.2,26.8, 0.0,  0, 0.0000,     0,21.9,24.5,21.2, 20,     2,     5, 0.0000, 0.0000
M5,23/07/23,15:33:29,     5,  5832,   415, 1002.9, 300,23.2,26.8, 0.0,  0, 0.0000,     0,21.9,24.6,21.2, 20,     3,     6, 0.0000, 0.0000
M5,23/07/23,15:33:30,     5,  5833,   415, 1002.9, 300,23.2,26.8, 0.0,  0, 0.0000,     0,21.9,24.6,21.2, 20,     3,     7, 0.0000, 0.0000
M5,23/07/23,15:33:31,     5,  5834,   416, 1002.9, 300,23.2,26.8, 0.0,  0, 0.0000,     0,21.9,24.6,21.2, 20,     4,     8, 0.0000, 0.0000
M5,23/07/23,15:33:32,     5,  5835,   416, 1002.9, 300,23.2,26.8, 0.0,  0, 0.0000,     0,21.9,24.6,21.2, 20,     4,     9, 0.0000, 0.0000
M5,23/07/23,15:33:33,     5,  5836,   416, 1002.9, 300,23.2,26.8, 0.0,  0, 0.0000,     0,21.9,24.6,21.2, 25,     4,    10, 0.0000, 0.0000
M5,23/07/23,15:33:34,     5,  5837,   416, 1002.9, 300,23.2,26.8, 0.0,  0, 0.0000,     0,21.9,24.6,21.2, 25,     4,    11, 0.0000, 0.0000
M5,23/07/23,15:33:35,     5,  5838,   417, 1002.9, 300,23.2,26.8, 0.0,  0, 0.0000,     0,21.9,24.6,21.2, 25,     5,    12, 0.0000, 0.0000
M5,23/07/23,15:33:36,     5,  5839,   417, 1002.9, 300,23.2,26.8, 0.0, 21, 0.0000,     0,21.9,24.6,21.2, 25,     5,    13, 0.4033, 0.2605
M5,23/07/23,15:33:37,     5,  5840,   418, 1002.9, 300,23.3,26.8, 0.0,  0, 0.0000,     0,21.9,24.6,21.2, 25,     6,    14, 0.4058, 0.3485
M5,23/07/23,15:33:38,     5,  5841,   418, 1002.9, 300,23.3,26.8, 0.0,  0, 0.0000,     0,21.9,24.6,21.5, 25,     6,    15, 0.4024, 0.3834
M5,23/07/23,15:33:39,     5,  5842,   418, 1002.9, 300,23.3,26.8, 0.0,  0, 0.0000,     0,21.9,24.6,21.5, 25,     6,    16, 0.4210, 0.3520
M5,23/07/23,15:33:40,     5,  5843,   419, 1002.9, 300,23.3,26.8, 0.0,  0, 0.0000,     0,21.9,24.6,21.5, 25,     6,    17, 0.4088, 0.4087
M5,23/07/23,15:33:41,     5,  5844,   419, 1002.9, 300,23.3,26.8, 0.0,  0, 0.0000,     0,21.9,24.6,21.5, 25,     7,    18, 0.4142, 0.3928
M5,23/07/23,15:33:43,     5,  5845,   420, 1002.9, 300,23.3,26.7, 0.0,  0, 0.0000,     0,21.9,24.7,21.5, 25,     7,    19, 0.4267, 0.3683
M5,23/07/23,15:33:44,     5,  5846,   420, 1002.9, 300,23.3,26.7, 0.0,  0, 0.0000,     0,21.9,24.7,21.5, 25,     8,    20, 0.4395, 0.3486
M5,23/07/23,15:33:45,     5,  5847,   420, 1002.9, 300,23.3,26.7, 0.0,  0, 0.0000,     0,21.9,24.7,21.5, 25,     8,    21, 0.4456, 0.3594
M5,23/07/23,15:33:46,     5,  5848,   421, 1002.9, 300,23.3,26.7, 0.0,  0, 0.0000,     0,21.9,24.7,21.5, 25,     9,    22, 0.4467, 0.3782
M5,23/07/23,15:33:47,     5,  5849,   421, 1002.9, 300,23.4,26.7, 0.0,  0, 0.0000,     0,21.9,24.7,21.5, 25,     9,    23, 0.4472, 0.3996
M5,23/07/23,15:33:48,     5,  5850,   421, 1002.9, 300,23.4,26.7, 0.0,  0, 0.0000,     0,21.9,24.7,21.5, 25,     9,    24, 0.4448, 0.4170
M5,23/07/23,15:33:49,     5,  5851,   422, 1002.9, 300,23.4,26.7, 0.0,  0, 0.0000,     0,21.9,24.7,21.5, 25,    10,    25, 0.4467, 0.4185
M5,23/07/23,15:33:50,     5,  5852,   422, 1002.9, 300,23.4,26.7, 0.0,  0, 0.0000,     0,21.9,24.7,21.4, 25,    10,    26, 0.4461, 0.4252
M5,23/07/23,15:33:51,     5,  5853,   422, 1002.9, 300,23.4,26.7, 0.0,  0, 0.0000,     0,21.9,24.6,21.4, 25,    10,    27, 0.4446, 0.4332
M5,23/07/23,15:33:52,     5,  5854,   423, 1002.9, 300,23.4,26.7, 0.0,  0, 0.0000,     0,21.9,24.6,21.4, 25,    11,    28, 0.4431, 0.4415
M5,23/07/23,15:33:53,     5,  5855,   423, 1002.9, 300,23.4,26.7, 0.0,  0, 0.0000,     0,21.9,24.6,21.4, 25,    11,    29, 0.4435, 0.4395
M5,23/07/23,15:33:54,     5,  5856,   424, 1002.9, 300,23.4,26.7, 0.0,  0, 0.0000,     0,21.9,24.6,21.4, 25,    12,    30, 0.4436, 0.4413
M5,23/07/23,15:33:55,     5,  5857,   424, 1002.9, 300,23.4,26.7, 0.0,  0, 0.0000,     0,21.9,24.6,21.4, 25,    12,    31, 0.4448, 0.4367
M5,23/07/23,15:33:56,     5,  5858,   425, 1002.9, 300,23.4,26.7, 0.0,  0, 0.0000,     0,21.9,24.6,21.4, 25,    13,    32, 0.4493, 0.4221
M5,23/07/23,15:33:57,     5,  5859,   425, 1002.9, 300,23.4,26.7, 0.0,  0, 0.0000,     0,21.9,24.6,21.4, 25,    13,    33, 0.4521, 0.4160
M5,23/07/23,15:33:58,     5,  5860,   425, 1002.9, 299,23.4,26.7, 0.0,  0, 0.0000,     0,21.9,24.6,21.4, 25,    13,    34, 0.4532, 0.4168
M5,23/07/23,15:33:59,     5,  5861,   426, 1002.9, 299,23.4,26.7, 0.0,  0, 0.0000,     0,21.9,24.6,21.4, 25,    14,    35, 0.4537, 0.4204
M5,23/07/23,15:34:00,     5,  5862,   426, 1002.9, 300,23.4,26.7, 0.0,  0, 0.0000,     0,21.9,24.6,21.4, 25,    14,    36, 0.4565, 0.4148
M5,23/07/23,15:34:01,     5,  5863,   427, 1002.9, 300,23.4,26.7, 0.0,  0, 0.0000,     0,21.9,24.6,21.4, 25,    15,    37, 0.4597, 0.4091
M5,23/07/23,15:34:02,     5,  5864,   427, 1002.9, 300,23.4,26.7, 0.0,  0, 0.0000,     0,21.9,24.6,21.4, 25,    15,    38, 0.4630, 0.4035
M5,23/07/23,15:34:03,     5,  5865,   428, 1002.9, 300,23.5,26.7, 0.0,  0, 0.0000,     0,21.9,24.6,21.4, 25,    15,    39, 0.4643, 0.4074
M5,23/07/23,15:34:04,     5,  5866,   428, 1002.9, 300,23.5,26.7, 0.0,  0, 0.0000,     0,21.9,24.6,21.4, 25,    16,    40, 0.4635, 0.4169
M5,23/07/23,15:34:05,     5,  5867,   428, 1002.9, 300,23.5,26.7, 0.0,  0, 0.0000,     0,21.9,24.6,21.4, 25,    16,    41, 0.4623, 0.4260
M5,23/07/23,15:34:06,     5,  5868,   428, 1002.9, 300,23.5,26.7, 0.0,  0, 0.0000,     0,21.9,24.5,21.4, 25,    16,    42, 0.4621, 0.4310
M5,23/07/23,15:34:07,     5,  5869,   429, 1002.9, 300,23.5,26.7, 0.0,  0, 0.0000,     0,21.9,24.5,21.4, 25,    17,    43, 0.4624, 0.4329
M5,23/07/23,15:34:08,     5,  5870,   430, 1002.9, 300,23.5,26.7, 0.0,  0, 0.0000,     0,21.9,24.5,21.4, 25,    18,    44, 0.4645, 0.4298
M5,23/07/23,15:34:09,     5,  5871,   430, 1002.9, 300,23.5,26.7, 0.0,  0, 0.0000,     0,21.9,24.5,21.4, 25,    18,    45, 0.4665, 0.4259
M5,23/07/23,15:34:10,     5,  5872,   430, 1002.9, 300,23.5,26.7, 0.0,  0, 0.0000,     0,21.9,24.5,21.4, 25,    18,    46, 0.4677, 0.4248
M5,23/07/23,15:34:11,     5,  5873,   431, 1002.9, 300,23.5,26.7, 0.0,  0, 0.0000,     0,21.9,24.5,21.4, 25,    19,    47, 0.4693, 0.4230
M5,23/07/23,15:34:12,     5,  5874,   431, 1002.9, 300,23.5,26.7, 0.0,  0, 0.0000,     0,21.9,24.5,21.4, 25,    19,    48, 0.4705, 0.4235
M5,23/07/23,15:34:13,     5,  5875,   431, 1002.9, 300,23.5,26.7, 0.0,  0, 0.0000,     0,21.9,24.5,21.4, 25,    19,    49, 0.4704, 0.4281
M5,23/07/23,15:34:14,     5,  5876,   432, 1002.9, 300,23.5,26.7, 0.0,  0, 0.0000,     0,21.9,24.5,21.4, 25,    20,    50, 0.4706, 0.4307
M5,23/07/23,15:34:15,     5,  5877,   432, 1002.9, 300,23.5,26.6, 0.0,  0, 0.0000,     0,21.9,24.5,21.4, 25,    20,    51, 0.4707, 0.4342
M5,23/07/23,15:34:16,     5,  5878,   433, 1002.9, 300,23.5,26.6, 0.0,  0, 0.0000,     0,21.9,24.5,21.4, 25,    20,    52, 0.4704, 0.4383
M5,23/07/23,15:34:17,     5,  5879,   433, 1002.9, 300,23.5,26.6, 0.0,  0, 0.0000,     0,21.9,24.5,21.4, 25,    21,    53, 0.4693, 0.4447
M5,23/07/23,15:34:18,     5,  5880,   433, 1002.9, 300,23.5,26.6, 0.0,  0, 0.0000,     0,21.9,24.4,21.4, 25,    21,    54, 0.4680, 0.4511
M5,23/07/23,15:34:19,     5,  5881,   433, 1002.9, 300,23.5,26.6, 0.0,  0, 0.0000,     0,21.9,24.4,21.4, 25,    21,    55, 0.4671, 0.4576
M5,23/07/23,15:34:20,     5,  5882,   434, 1002.9, 300,23.5,26.6, 0.0,  0, 0.0000,     0,21.9,24.4,21.4, 25,    22,    56, 0.4668, 0.4593
M5,23/07/23,15:34:21,     5,  5883,   434, 1002.9, 300,23.5,26.6, 0.0,  0, 0.0000,     0,21.9,24.4,21.4, 25,    22,    57, 0.4663, 0.4615
M5,23/07/23,15:34:22,     5,  5884,   435, 1002.9, 300,23.5,26.6, 0.0,  0, 0.0000,     0,21.9,24.4,21.4, 25,    23,    58, 0.4655, 0.4638
M5,23/07/23,15:34:23,     5,  5885,   435, 1002.9, 300,23.5,26.6, 0.0,  0, 0.0000,     0,21.9,24.4,21.4, 25,    23,    59, 0.4643, 0.4681
M5,23/07/23,15:34:24,     5,  5886,   436, 1002.9, 300,23.5,26.6, 0.0,  0, 0.0000,     0,21.9,24.4,21.4, 25,    23,    60, 0.4640, 0.4690
R5,23/07/23,15:34:24,     5,  5886,   436, 1002.9, 300,23.5,26.6, 0.0,  0, 0.0000,     0,21.9,24.4,21.4, 25,    23,    60, 0.4640, 0.4690
End
Start
M5,23/07/23,15:35:15,     5,  5937,   415, 1002.9, 300,23.0,26.4, 0.0,  0, 0.0000,     0,21.7,23.5,21.2, 20,     1,     1, 0.0000, 0.0000
M5,23/07/23,15:35:16,     5,  5938,   415, 1002.9, 300,23.0,26.4, 0.0,  0, 0.0000,     0,21.7,23.6,21.2, 20,     2,     2, 0.0000, 0.0000
M5,23/07/23,15:35:17,     5,  5939,   416, 1002.9, 300,23.0,26.4, 0.0,  0, 0.0000,     0,21.7,23.6,21.2, 20,     2,     3, 0.0000, 0.0000
M5,23/07/23,15:35:18,     5,  5940,   416, 1002.9, 300,23.0,26.4, 0.0,  0, 0.0000,     0,21.7,23.6,21.2, 20,     3,     4, 0.0000, 0.0000
M5,23/07/23,15:35:19,     5,  5941,   417, 1002.9, 300,23.0,26.4, 0.0,  0, 0.0000,     0,21.7,23.6,21.2, 20,     3,     5, 0.0000, 0.0000
M5,23/07/23,15:35:20,     5,  5942,   417, 1002.9, 300,23.0,26.4, 0.0,  0, 0.0000,     0,21.7,23.7,21.2, 20,     3,     6, 0.0000, 0.0000
M5,23/07/23,15:35:21,     5,  5943,   417, 1002.9, 300,23.0,26.4, 0.0,  0, 0.0000,     0,21.7,23.7,21.2, 20,     4,     7, 0.0000, 0.0000
M5,23/07/23,15:35:22,     5,  5944,   418, 1002.9, 300,23.0,26.4, 0.0,  0, 0.0000,     0,21.7,23.7,21.2, 20,     4,     8, 0.0000, 0.0000
M5,23/07/23,15:35:23,     5,  5945,   418, 1002.9, 300,23.0,26.4, 0.0,  0, 0.0000,     0,21.7,23.7,21.2, 20,     4,     9, 0.0000, 0.0000
M5,23/07/23,15:35:24,     5,  5946,   418, 1002.9, 300,23.0,26.4, 0.0,  0, 0.0000,     0,21.7,23.7,21.2, 25,     5,    10, 0.0000, 0.0000
M5,23/07/23,15:35:25,     5,  5947,   419, 1002.9, 300,23.0,26.4, 0.0,  0, 0.0000,     0,21.7,23.8,21.2, 25,     5,    11, 0.0000, 0.0000
M5,23/07/23,15:35:26,     5,  5948,   419, 1002.9, 300,23.0,26.4, 0.0,  0, 0.0000,     0,21.7,23.8,21.2, 25,     6,    12, 0.0000, 0.0000
M5,23/07/23,15:35:27,     5,  5949,   420, 1002.9, 300,23.0,26.4, 0.0,  0, 0.0000,     0,21.7,23.8,21.2, 25,     6,    13, 0.5776, 0.5773
M5,23/07/23,15:35:28,     5,  5950,   420, 1002.9, 300,23.0,26.4, 0.0,  0, 0.0000,     0,21.7,23.8,21.2, 25,     7,    14, 0.5792, 0.5784
M5,23/07/23,15:35:29,     5,  5951,   421, 1002.9, 300,23.0,26.4, 0.0,  0, 0.0000,     0,21.7,23.8,21.2, 25,     7,    15, 0.6332, 0.4611
M5,23/07/23,15:35:30,     5,  5952,   422, 1002.9, 300,23.0,26.4, 0.0,  0, 0.0000,     0,21.7,23.8,21.2, 25,     8,    16, 0.6463, 0.5085
M5,23/07/23,15:35:31,     5,  5953,   422, 1002.9, 300,23.0,26.4, 0.0,  0, 0.0000,     0,21.7,23.8,21.2, 25,     8,    17, 0.6323, 0.6074
M5,23/07/23,15:35:32,     5,  5954,   422, 1002.9, 300,23.0,26.4, 0.0,  0, 0.0000,     0,21.7,23.8,21.2, 25,     8,    18, 0.5952, 0.7122
M5,23/07/23,15:35:33,     5,  5955,   422, 1002.9, 300,23.1,26.4, 0.0,  0, 0.0000,     0,21.7,23.8,21.2, 25,     9,    19, 0.5554, 0.7832
M5,23/07/23,15:35:34,     5,  5956,   423, 1002.9, 300,23.1,26.4, 0.0,  0, 0.0000,     0,21.7,23.8,21.2, 25,     9,    20, 0.5254, 0.7948
M5,23/07/23,15:35:35,     5,  5957,   423, 1002.9, 300,23.1,26.4, 0.0,  0, 0.0000,     0,21.7,23.8,21.2, 25,    10,    21, 0.5182, 0.7384
M5,23/07/23,15:35:36,     5,  5958,   424, 1002.9, 300,23.1,26.4, 0.0,  0, 0.0000,     0,21.7,23.8,21.2, 25,    10,    22, 0.5157, 0.6842
M5,23/07/23,15:35:37,     5,  5959,   424, 1002.9, 300,23.1,26.4, 0.0,  0, 0.0000,     0,21.7,23.8,21.2, 25,    11,    23, 0.5159, 0.6392
M5,23/07/23,15:35:38,     5,  5960,   424, 1002.9, 300,23.1,26.4, 0.0,  0, 0.0000,     0,21.7,23.8,21.2, 25,    11,    24, 0.5074, 0.6354
M5,23/07/23,15:35:39,     5,  5961,   425, 1002.9, 300,23.1,26.4, 0.0,  0, 0.0000,     0,21.7,23.8,21.2, 25,    11,    25, 0.4990, 0.6321
M5,23/07/23,15:35:40,     5,  5962,   425, 1002.9, 300,23.1,26.4, 0.0,  0, 0.0000,     0,21.7,23.8,21.2, 25,    11,    26, 0.4957, 0.6173
M5,23/07/23,15:35:41,     5,  5963,   425, 1002.9, 300,23.1,26.4, 0.0,  0, 0.0000,     0,21.7,23.8,21.2, 25,    12,    27, 0.4908, 0.6076
M5,23/07/23,15:35:42,     5,  5964,   426, 1002.9, 300,23.2,26.4, 0.0,  0, 0.0000,     0,21.7,23.8,21.2, 25,    12,    28, 0.4897, 0.5930
M5,23/07/23,15:35:43,     5,  5965,   426, 1002.9, 300,23.2,26.4, 0.0,  0, 0.0000,     0,21.7,23.8,21.2, 25,    13,    29, 0.4892, 0.5744
M5,23/07/23,15:35:44,     5,  5966,   427, 1002.9, 300,23.2,26.4, 0.0,  0, 0.0000,     0,21.7,23.8,21.2, 25,    13,    30, 0.4908, 0.5563
M5,23/07/23,15:35:45,     5,  5967,   427, 1002.9, 300,23.2,26.4, 0.0,  0, 0.0000,     0,21.7,23.8,21.2, 25,    14,    31, 0.4924, 0.5386
M5,23/07/23,15:35:46,     5,  5968,   428, 1002.9, 300,23.2,26.4, 0.0,  0, 0.0000,     0,21.7,23.8,21.2, 25,    14,    32, 0.4925, 0.5298
M5,23/07/23,15:35:47,     5,  5969,   428, 1002.9, 300,23.2,26.4, 0.0,  0, 0.0000,     0,21.7,23.8,21.2, 25,    14,    33, 0.4922, 0.5271
M5,23/07/23,15:35:48,     5,  5970,   428, 1002.9, 300,23.2,26.4, 0.0,  0, 0.0000,     0,21.7,23.8,21.2, 25,    15,    34, 0.4905, 0.5269
M5,23/07/23,15:35:49,     5,  5971,   429, 1002.9, 300,23.2,26.3, 0.0,  0, 0.0000,     0,21.7,23.8,21.2, 25,    15,    35, 0.4886, 0.5289
M5,23/07/23,15:35:50,     5,  5972,   429, 1002.9, 300,23.2,26.3, 0.0,  0, 0.0000,     0,21.7,23.8,21.2, 25,    16,    36, 0.4875, 0.5261
M5,23/07/23,15:35:51,     5,  5973,   430, 1002.9, 300,23.3,26.3, 0.0,  0, 0.0000,     0,21.7,23.8,21.2, 25,    16,    37, 0.4891, 0.5160
M5,23/07/23,15:35:52,     5,  5974,   431, 1002.9, 300,23.3,26.3, 0.0,  0, 0.0000,     0,21.7,23.8,21.2, 25,    17,    38, 0.4921, 0.5012
M5,23/07/23,15:35:53,     5,  5975,   431, 1002.9, 300,23.3,26.3, 0.0,  0, 0.0000,     0,21.7,23.8,21.2, 25,    17,    39, 0.4951, 0.4887
M5,23/07/23,15:35:54,     5,  5976,   432, 1002.9, 300,23.3,26.3, 0.0,  0, 0.0000,     0,21.7,23.8,21.2, 25,    18,    40, 0.4993, 0.4741
M5,23/07/23,15:35:55,     5,  5977,   432, 1002.9, 300,23.3,26.3, 0.0,  0, 0.0000,     0,21.7,23.8,21.2, 25,    18,    41, 0.5032, 0.4626
M5,23/07/23,15:35:56,     5,  5978,   433, 1002.9, 300,23.3,26.3, 0.0,  0, 0.0000,     0,21.7,23.8,21.2, 25,    19,    42, 0.5076, 0.4544
M5,23/07/23,15:35:57,     5,  5979,   433, 1002.9, 300,23.3,26.3, 0.0,  0, 0.0000,     0,21.7,23.8,21.2, 25,    20,    43, 0.5119, 0.4440
M5,23/07/23,15:35:58,     5,  5980,   434, 1002.9, 300,23.3,26.3, 0.0,  0, 0.0000,     0,21.7,23.8,21.2, 25,    20,    44, 0.5158, 0.4375
M5,23/07/23,15:35:59,     5,  5981,   434, 1002.9, 300,23.3,26.3, 0.0,  0, 0.0000,     0,21.7,23.8,21.2, 25,    21,    45, 0.5192, 0.4328
M5,23/07/23,15:36:00,     5,  5982,   435, 1002.9, 300,23.3,26.3, 0.0,  0, 0.0000,     0,21.7,23.8,21.2, 25,    21,    46, 0.5216, 0.4324
M5,23/07/23,15:36:01,     5,  5983,   435, 1002.9, 300,23.3,26.3, 0.0,  0, 0.0000,     0,21.7,23.8,21.2, 25,    22,    47, 0.5249, 0.4300
M5,23/07/23,15:36:02,     5,  5984,   436, 1002.9, 300,23.3,26.3, 0.0,  0, 0.0000,     0,21.7,23.8,21.2, 25,    22,    48, 0.5285, 0.4257
M5,23/07/23,15:36:03,     5,  5985,   436, 1002.9, 300,23.4,26.3, 0.0,  0, 0.0000,     0,21.7,23.8,21.4, 25,    23,    49, 0.5320, 0.4233
M5,23/07/23,15:36:04,     5,  5986,   437, 1002.9, 300,23.4,26.3, 0.0,  0, 0.0000,     0,21.7,23.8,21.4, 25,    23,    50, 0.5351, 0.4220
M5,23/07/23,15:36:05,     5,  5987,   437, 1002.9, 300,23.4,26.3, 0.0,  0, 0.0000,     0,21.7,23.8,21.4, 25,    24,    51, 0.5373, 0.4242
M5,23/07/23,15:36:06,     5,  5988,   438, 1002.9, 300,23.4,26.3, 0.0,  0, 0.0000,     0,21.7,23.8,21.4, 25,    24,    52, 0.5386, 0.4288
M5,23/07/23,15:36:07,     5,  5989,   438, 1002.9, 300,23.4,26.3, 0.0,  0, 0.0000,     0,21.7,23.8,21.4, 25,    24,    53, 0.5402, 0.4333
M5,23/07/23,15:36:08,     5,  5990,   439, 1002.9, 300,23.4,26.3, 0.0,  0, 0.0000,     0,21.7,23.8,21.4, 25,    25,    54, 0.5415, 0.4373
M5,23/07/23,15:36:09,     5,  5991,   439, 1002.9, 300,23.4,26.3, 0.0,  0, 0.0000,     0,21.7,23.8,21.4, 25,    25,    55, 0.5422, 0.4431
M5,23/07/23,15:36:10,     5,  5992,   439, 1002.9, 300,23.4,26.3, 0.0,  0, 0.0000,     0,21.7,23.8,21.4, 25,    26,    56, 0.5430, 0.4483
M5,23/07/23,15:36:11,     5,  5993,   440, 1002.9, 300,23.4,26.3, 0.0,  0, 0.0000,     0,21.7,23.8,21.4, 25,    26,    57, 0.5442, 0.4509
M5,23/07/23,15:36:12,     5,  5994,   440, 1002.9, 300,23.4,26.3, 0.0,  0, 0.0000,     0,21.7,23.8,21.4, 25,    27,    58, 0.5451, 0.4554
M5,23/07/23,15:36:13,     5,  5995,   441, 1002.9, 300,23.4,26.3, 0.0,  0, 0.0000,     0,21.7,23.8,21.4, 25,    27,    59, 0.5458, 0.4593
M5,23/07/23,15:36:14,     5,  5996,   441, 1002.9, 300,23.4,26.3, 0.0,  0, 0.0000,     0,21.7,23.7,21.4, 25,    27,    60, 0.5462, 0.4645
R5,23/07/23,15:36:14,     5,  5996,   441, 1002.9, 300,23.4,26.3, 0.0,  0, 0.0000,     0,21.7,23.7,21.4, 25,    27,    60, 0.5462, 0.4645
End
Start
M5,23/07/23,15:37:02,     5,  6043,   414, 1002.9, 300,23.2,26.1, 0.0,  0, 0.0000,     0,21.7,23.2,21.4, 20,     1,     1, 0.0000, 0.0000
M5,23/07/23,15:37:03,     5,  6044,   414, 1002.9, 300,23.2,26.1, 0.0,  0, 0.0000,     0,21.7,23.2,21.4, 20,     1,     2, 0.0000, 0.0000
M5,23/07/23,15:37:04,     5,  6045,   415, 1002.9, 300,23.2,26.1, 0.0,  0, 0.0000,     0,21.7,23.3,21.4, 20,     2,     3, 0.0000, 0.0000
M5,23/07/23,15:37:05,     5,  6046,   415, 1002.9, 300,23.2,26.1, 0.0,  0, 0.0000,     0,21.7,23.3,21.4, 20,     2,     4, 0.0000, 0.0000
M5,23/07/23,15:37:06,     5,  6047,   415, 1002.9, 300,23.2,26.1, 0.0,  0, 0.0000,     0,21.7,23.3,21.4, 20,     2,     5, 0.0000, 0.0000
M5,23/07/23,15:37:07,     5,  6048,   415, 1002.9, 300,23.2,26.1, 0.0,  0, 0.0000,     0,21.7,23.3,21.4, 20,     2,     6, 0.0000, 0.0000
M5,23/07/23,15:37:08,     5,  6049,   416, 1002.9, 300,23.2,26.1, 0.0,  0, 0.0000,     0,21.5,23.3,21.4, 20,     3,     7, 0.0000, 0.0000
M5,23/07/23,15:37:09,     5,  6050,   416, 1002.9, 300,23.2,26.1, 0.0,  0, 0.0000,     0,21.5,23.3,21.4, 20,     3,     8, 0.0000, 0.0000
M5,23/07/23,15:37:10,     5,  6051,   416, 1002.9, 300,23.2,26.1, 0.0,  0, 0.0000,     0,21.5,23.3,21.4, 20,     4,     9, 0.0000, 0.0000
M5,23/07/23,15:37:11,     5,  6052,   417, 1002.9, 300,23.2,26.1, 0.0,  0, 0.0000,     0,21.5,23.3,21.4, 25,     4,    10, 0.0000, 0.0000
M5,23/07/23,15:37:12,     5,  6053,   417, 1002.9, 300,23.2,26.1, 0.0,  0, 0.0000,     0,21.5,23.4,21.4, 25,     4,    11, 0.0000, 0.0000
M5,23/07/23,15:37:13,     5,  6054,   417, 1002.9, 300,23.2,26.1, 0.0,  0, 0.0000,     0,21.7,23.4,21.4, 25,     4,    12, 0.0000, 0.0000
M5,23/07/23,15:37:14,     5,  6055,   417, 1002.9, 300,23.2,26.1, 0.0, 21, 0.0000,     0,21.7,23.4,21.4, 25,     5,    13, 0.3328, 0.1987
M5,23/07/23,15:37:15,     5,  6056,   418, 1002.9, 300,23.2,26.1, 0.0, 21, 0.0000,     0,21.7,23.4,21.4, 25,     5,    14, 0.3890, 0.1769
M5,23/07/23,15:37:16,     5,  6057,   418, 1002.9, 300,23.2,26.1, 0.0, 21, 0.0000,     0,21.7,23.4,21.4, 25,     5,    15, 0.4041, 0.2552
M5,23/07/23,15:37:17,     5,  6058,   419, 1002.9, 300,23.3,26.1, 0.0, 21, 0.0000,     0,21.7,23.4,21.4, 25,     6,    16, 0.4304, 0.2702
M5,23/07/23,15:37:18,     5,  6059,   419, 1002.9, 300,23.3,26.1, 0.0, 21, 0.0000,     0,21.7,23.4,21.4, 25,     6,    17, 0.4682, 0.2398
M5,23/07/23,15:37:19,     5,  6060,   420, 1002.9, 300,23.3,26.1, 0.0, 21, 0.0000,     0,21.7,23.4,21.4, 25,     7,    18, 0.5059, 0.2243
M5,23/07/23,15:37:20,     5,  6061,   421, 1002.9, 300,23.3,26.1, 0.0, 21, 0.0000,     0,21.7,23.4,21.4, 25,     8,    19, 0.5286, 0.2556
M5,23/07/23,15:37:21,     5,  6062,   421, 1002.9, 300,23.3,26.1, 0.0, 21, 0.0000,     0,21.7,23.4,21.4, 25,     8,    20, 0.5434, 0.2986
M5,23/07/23,15:37:22,     5,  6063,   422, 1002.9, 300,23.3,26.1, 0.0, 21, 0.0000,     0,21.7,23.4,21.4, 25,     9,    21, 0.5546, 0.3420
M5,23/07/23,15:37:23,     5,  6064,   422, 1002.9, 300,23.3,26.1, 0.0, 21, 0.0000,     0,21.7,23.4,21.4, 25,     9,    22, 0.5612, 0.3789
M5,23/07/23,15:37:24,     5,  6065,   422, 1002.9, 300,23.3,26.1, 0.0,  0, 0.0000,     0,21.5,23.4,21.4, 25,    10,    23, 0.5655, 0.4098
M5,23/07/23,15:37:25,     5,  6066,   423, 1002.9, 300,23.3,26.1, 0.0,  0, 0.0000,     0,21.5,23.4,21.4, 25,    10,    24, 0.5689, 0.4360
M5,23/07/23,15:37:26,     5,  6067,   423, 1002.9, 300,23.3,26.1, 0.0,  0, 0.0000,     0,21.5,23.4,21.4, 25,    11,    25, 0.5713, 0.4576
M5,23/07/23,15:37:27,     5,  6068,   424, 1002.9, 300,23.3,26.1, 0.0,  0, 0.0000,     0,21.5,23.4,21.4, 25,    11,    26, 0.5737, 0.4761
M5,23/07/23,15:37:28,     5,  6069,   424, 1002.9, 300,23.3,26.1, 0.0,  0, 0.0000,     0,21.5,23.4,21.4, 25,    12,    27, 0.5750, 0.4909
M5,23/07/23,15:37:29,     5,  6070,   425, 1002.9, 300,23.3,26.1, 0.0,  0, 0.0000,     0,21.7,23.4,21.4, 25,    12,    28, 0.5766, 0.5038
M5,23/07/23,15:37:30,     5,  6071,   425, 1002.9, 300,23.3,26.1, 0.0,  0, 0.0000,     0,21.7,23.4,21.4, 25,    12,    29, 0.5746, 0.5232
M5,23/07/23,15:37:31,     5,  6072,   426, 1002.9, 300,23.4,26.1, 0.0,  0, 0.0000,     0,21.7,23.4,21.4, 25,    13,    30, 0.5740, 0.5372
M5,23/07/23,15:37:32,     5,  6073,   426, 1002.9, 300,23.4,26.1, 0.0,  0, 0.0000,     0,21.7,23.4,21.4, 25,    13,    31, 0.5751, 0.5390
M5,23/07/23,15:37:33,     5,  6074,   427, 1002.9, 300,23.4,26.1, 0.0,  0, 0.0000,     0,21.7,23.4,21.4, 25,    14,    32, 0.5781, 0.5339
M5,23/07/23,15:37:34,     5,  6075,   427, 1002.9, 300,23.4,26.1, 0.0,  0, 0.0000,     0,21.7,23.4,21.4, 25,    14,    33, 0.5785, 0.5389
M5,23/07/23,15:37:35,     5,  6076,   428, 1002.9, 300,23.4,26.1, 0.0,  0, 0.0000,     0,21.5,23.4,21.4, 25,    15,    34, 0.5770, 0.5493
M5,23/07/23,15:37:36,     5,  6077,   428, 1002.9, 300,23.4,26.1, 0.0,  0, 0.0000,     0,21.5,23.4,21.4, 25,    15,    35, 0.5764, 0.5567
M5,23/07/23,15:37:37,     5,  6078,   429, 1002.9, 300,23.4,26.1, 0.0,  0, 0.0000,     0,21.5,23.4,21.4, 25,    16,    36, 0.5772, 0.5563
M5,23/07/23,15:37:38,     5,  6079,   429, 1002.9, 300,23.4,26.0, 0.0,  0, 0.0000,     0,21.5,23.4,21.4, 25,    17,    37, 0.5795, 0.5517
M5,23/07/23,15:37:39,     5,  6080,   430, 1002.9, 300,23.4,26.0, 0.0,  0, 0.0000,     0,21.5,23.4,21.4, 25,    17,    38, 0.5823, 0.5451
M5,23/07/23,15:37:40,     5,  6081,   430, 1002.9, 300,23.4,26.0, 0.0,  0, 0.0000,     0,21.7,23.4,21.4, 25,    18,    39, 0.5835, 0.5457
M5,23/07/23,15:37:41,     5,  6082,   431, 1002.9, 300,23.4,26.0, 0.0,  0, 0.0000,     0,21.7,23.4,21.4, 25,    18,    40, 0.5832, 0.5510
M5,23/07/23,15:37:42,     5,  6083,   431, 1002.9, 300,23.4,26.0, 0.0,  0, 0.0000,     0,21.7,23.4,21.4, 25,    18,    41, 0.5829, 0.5553
M5,23/07/23,15:37:43,     5,  6084,   432, 1002.9, 300,23.4,26.0, 0.0,  0, 0.0000,     0,21.7,23.4,21.4, 25,    19,    42, 0.5837, 0.5552
M5,23/07/23,15:37:44,     5,  6085,   432, 1002.8, 300,23.4,26.0, 0.0,  0, 0.0000,     0,21.7,23.4,21.4, 25,    20,    43, 0.5845, 0.5554
M5,23/07/23,15:37:45,     5,  6086,   433, 1002.8, 300,23.4,26.0, 0.0,  0, 0.0000,     0,21.5,23.4,21.4, 25,    20,    44, 0.5861, 0.5528
M5,23/07/23,15:37:46,     5,  6087,   434, 1002.8, 300,23.4,26.0, 0.0,  0, 0.0000,     0,21.5,23.4,21.4, 25,    21,    45, 0.5883, 0.5483
M5,23/07/23,15:37:47,     5,  6088,   434, 1002.9, 300,23.5,26.0, 0.0,  0, 0.0000,     0,21.5,23.4,21.4, 25,    21,    46, 0.5904, 0.5462
M5,23/07/23,15:37:48,     5,  6089,   435, 1002.9, 300,23.5,26.0, 0.0,  0, 0.0000,     0,21.5,23.4,21.4, 25,    22,    47, 0.5919, 0.5450
M5,23/07/23,15:37:49,     5,  6090,   435, 1002.9, 300,23.5,26.0, 0.0,  0, 0.0000,     0,21.5,23.4,21.4, 25,    22,    48, 0.5931, 0.5449
M5,23/07/23,15:37:50,     5,  6091,   436, 1002.9, 300,23.4,26.0, 0.0,  0, 0.0000,     0,21.5,23.4,21.4, 25,    23,    49, 0.5930, 0.5480
M5,23/07/23,15:37:51,     5,  6092,   436, 1002.9, 300,23.4,26.0, 0.0,  0, 0.0000,     0,21.5,23.4,21.4, 25,    23,    50, 0.5931, 0.5512
M5,23/07/23,15:37:52,     5,  6093,   436, 1002.9, 300,23.5,26.0, 0.0,  0, 0.0000,     0,21.5,23.4,21.4, 25,    23,    51, 0.5929, 0.5569
M5,23/07/23,15:37:53,     5,  6094,   437, 1002.9, 300,23.5,26.0, 0.0,  0, 0.0000,     0,21.5,23.4,21.4, 25,    24,    52, 0.5930, 0.5594
M5,23/07/23,15:37:54,     5,  6095,   438, 1002.9, 300,23.4,26.0, 0.0,  0, 0.0000,     0,21.5,23.4,21.4, 25,    25,    53, 0.5941, 0.5572
M5,23/07/23,15:37:55,     5,  6096,   438, 1002.9, 300,23.4,26.0, 0.0,  0, 0.0000,     0,21.5,23.4,21.4, 25,    26,    54, 0.5958, 0.5540
M5,23/07/23,15:37:56,     5,  6097,   439, 1002.9, 300,23.4,26.0, 0.0,  0, 0.0000,     0,21.7,23.4,21.4, 25,    26,    55, 0.5972, 0.5522
M5,23/07/23,15:37:57,     5,  6098,   439, 1002.9, 300,23.5,26.0, 0.0,  0, 0.0000,     0,21.7,23.4,21.4, 25,    26,    56, 0.5977, 0.5555
M5,23/07/23,15:37:58,     5,  6099,   440, 1002.9, 300,23.5,26.0, 0.0,  0, 0.0000,     0,21.7,23.4,21.4, 25,    27,    57, 0.5978, 0.5583
M5,23/07/23,15:37:59,     5,  6100,   440, 1002.9, 300,23.5,26.0, 0.0,  0, 0.0000,     0,21.7,23.4,21.4, 25,    27,    58, 0.5981, 0.5592
M5,23/07/23,15:38:00,     5,  6101,   441, 1002.9, 300,23.5,26.0, 0.0,  0, 0.0000,     0,21.7,23.4,21.4, 25,    28,    59, 0.5990, 0.5588
M5,23/07/23,15:38:01,     5,  6102,   442, 1002.9, 300,23.4,26.0, 0.0,  0, 0.0000,     0,21.5,23.4,21.4, 25,    29,    60, 0.6000, 0.5572
R5,23/07/23,15:38:01,     5,  6102,   442, 1002.9, 300,23.4,26.0, 0.0,  0, 0.0000,     0,21.5,23.4,21.4, 25,    29,    60, 0.6000, 0.5572
End
Start
M5,23/07/23,15:40:03,     6,  6223,   415, 1002.9, 300,22.3,25.7, 0.0,  0, 0.0000,     0,21.3,23.6,26.9, 20,     1,     1, 0.0000, 0.0000
M5,23/07/23,15:40:04,     6,  6224,   416, 1003.0, 300,22.3,25.7, 0.0,  0, 0.0000,     0,21.3,23.6,26.9, 20,     2,     2, 0.0000, 0.0000
M5,23/07/23,15:40:05,     6,  6225,   416, 1003.0, 300,22.3,25.7, 0.0,  0, 0.0000,     0,21.3,23.7,26.9, 20,     3,     3, 0.0000, 0.0000
M5,23/07/23,15:40:06,     6,  6226,   417, 1003.0, 300,22.3,25.7, 0.0,  0, 0.0000,     0,21.3,23.7,26.9, 20,     3,     4, 0.0000, 0.0000
M5,23/07/23,15:40:07,     6,  6227,   418, 1003.0, 300,22.3,25.7, 0.0,  0, 0.0000,     0,21.3,23.7,26.9, 20,     4,     5, 0.0000, 0.0000
M5,23/07/23,15:40:08,     6,  6228,   419, 1003.0, 300,22.3,25.7, 0.0,  0, 0.0000,     0,21.3,23.7,26.9, 20,     5,     6, 0.0000, 0.0000
M5,23/07/23,15:40:09,     6,  6229,   419, 1003.0, 300,22.3,25.7, 0.0,  0, 0.0000,     0,21.3,23.7,26.9, 20,     5,     7, 0.0000, 0.0000
M5,23/07/23,15:40:10,     6,  6230,   420, 1003.1, 300,22.3,25.7, 0.0,  0, 0.0000,     0,21.3,23.7,26.9, 20,     6,     8, 0.0000, 0.0000
M5,23/07/23,15:40:11,     6,  6231,   420, 1003.1, 300,22.3,25.7, 0.0,  0, 0.0000,     0,21.3,23.7,26.9, 20,     6,     9, 0.0000, 0.0000
M5,23/07/23,15:40:12,     6,  6232,   421, 1003.1, 300,22.3,25.7, 0.0,  0, 0.0000,     0,21.3,23.8,26.9, 25,     7,    10, 0.0000, 0.0000
M5,23/07/23,15:40:13,     6,  6233,   422, 1003.1, 300,22.3,25.7, 0.0,  0, 0.0000,     0,21.3,23.8,26.9, 25,     8,    11, 0.0000, 0.0000
M5,23/07/23,15:40:14,     6,  6234,   423, 1003.1, 300,22.3,25.7, 0.0,  0, 0.0000,     0,21.3,23.8,26.9, 25,     9,    12, 0.0000, 0.0000
M5,23/07/23,15:40:15,     6,  6235,   424, 1003.0, 300,22.3,25.7, 0.0,  0, 0.0000,     0,21.3,23.8,26.9, 25,    10,    13, 1.0524, 0.8946
M5,23/07/23,15:40:16,     6,  6236,   424, 1003.0, 300,22.4,25.7, 0.0,  0, 0.0000,     0,21.3,23.8,26.9, 25,    10,    14, 0.9787, 1.1432
M5,23/07/23,15:40:17,     6,  6237,   425, 1003.0, 300,22.4,25.7, 0.0,  0, 0.0000,     0,21.3,23.8,26.9, 25,    11,    15, 0.9006, 1.2167
M5,23/07/23,15:40:18,     6,  6238,   425, 1003.0, 300,22.4,25.7, 0.0,  0, 0.0000,     0,21.3,23.8,26.9, 25,    11,    16, 0.8425, 1.2098
M5,23/07/23,15:40:19,     6,  6239,   426, 1003.0, 300,22.4,25.7, 0.0,  0, 0.0000,     0,21.3,23.8,26.9, 25,    12,    17, 0.8305, 1.0830
M5,23/07/23,15:40:20,     6,  6240,   427, 1003.0, 300,22.4,25.7, 0.0,  0, 0.0000,     0,21.3,23.8,26.9, 25,    13,    18, 0.8214, 1.0127
M5,23/07/23,15:40:21,     6,  6241,   427, 1003.0, 300,22.4,25.7, 0.0,  0, 0.0000,     0,21.3,23.8,26.9, 25,    13,    19, 0.8248, 0.9347
M5,23/07/23,15:40:22,     6,  6242,   428, 1003.0, 300,22.5,25.7, 0.0,  0, 0.0000,     0,21.3,23.8,26.9, 25,    14,    20, 0.8358, 0.8721
M5,23/07/23,15:40:23,     6,  6243,   429, 1003.0, 300,22.5,25.7, 0.0,  0, 0.0000,     0,21.3,23.8,26.9, 25,    15,    21, 0.8477, 0.8241
M5,23/07/23,15:40:24,     6,  6244,   430, 1003.0, 300,22.5,25.7, 0.0,  0, 0.0000,     0,21.3,23.8,26.9, 25,    16,    22, 0.8598, 0.7922
M5,23/07/23,15:40:25,     6,  6245,   431, 1003.0, 300,22.5,25.6, 0.0,  0, 0.0000,     0,21.3,23.8,26.9, 25,    17,    23, 0.8718, 0.7731
M5,23/07/23,15:40:26,     6,  6246,   431, 1003.0, 300,22.5,25.6, 0.0,  0, 0.0000,     0,21.3,23.8,26.7, 25,    17,    24, 0.8773, 0.7779
M5,23/07/23,15:40:27,     6,  6247,   432, 1003.0, 300,22.5,25.6, 0.0,  0, 0.0000,     0,21.3,23.8,26.7, 25,    18,    25, 0.8806, 0.7941
M5,23/07/23,15:40:28,     6,  6248,   433, 1003.0, 300,22.5,25.6, 0.0,  0, 0.0000,     0,21.3,23.8,26.7, 25,    19,    26, 0.8841, 0.7996
M5,23/07/23,15:40:29,     6,  6249,   433, 1003.0, 300,22.5,25.6, 0.0,  0, 0.0000,     0,21.3,23.8,26.7, 25,    19,    27, 0.8862, 0.8123
M5,23/07/23,15:40:30,     6,  6250,   434, 1003.0, 300,22.5,25.6, 0.0,  0, 0.0000,     0,21.3,23.8,26.7, 25,    20,    28, 0.8825, 0.8372
M5,23/07/23,15:40:31,     6,  6251,   434, 1003.0, 300,22.5,25.6, 0.0,  0, 0.0000,     0,21.3,23.8,26.7, 25,    20,    29, 0.8729, 0.8760
M5,23/07/23,15:40:32,     6,  6252,   435, 1003.0, 300,22.6,25.6, 0.0,  0, 0.0000,     0,21.3,23.8,26.7, 25,    21,    30, 0.8659, 0.9022
M5,23/07/23,15:40:33,     6,  6253,   436, 1003.0, 300,22.6,25.6, 0.0,  0, 0.0000,     0,21.3,23.8,26.7, 25,    22,    31, 0.8590, 0.9178
M5,23/07/23,15:40:34,     6,  6254,   436, 1003.0, 300,22.6,25.6, 0.0,  0, 0.0000,     0,21.3,23.8,26.7, 25,    22,    32, 0.8557, 0.9200
M5,23/07/23,15:40:35,     6,  6255,   437, 1003.0, 300,22.6,25.6, 0.0,  0, 0.0000,     0,21.3,23.8,26.7, 25,    23,    33, 0.8543, 0.9137
M5,23/07/23,15:40:36,     6,  6256,   438, 1003.0, 300,22.6,25.6, 0.0,  0, 0.0000,     0,21.3,23.8,26.7, 25,    24,    34, 0.8531, 0.9095
M5,23/07/23,15:40:37,     6,  6257,   439, 1003.0, 300,22.6,25.6, 0.0,  0, 0.0000,     0,21.3,23.8,26.9, 25,    25,    35, 0.8548, 0.8943
M5,23/07/23,15:40:38,     6,  6258,   440, 1003.0, 300,22.6,25.6, 0.0,  0, 0.0000,     0,21.3,23.8,26.9, 25,    26,    36, 0.8575, 0.8787
M5,23/07/23,15:40:39,     6,  6259,   440, 1003.0, 300,22.7,25.6, 0.0,  0, 0.0000,     0,21.3,23.8,26.9, 25,    27,    37, 0.8617, 0.8648
M5,23/07/23,15:40:40,     6,  6260,   441, 1003.0, 300,22.7,25.6, 0.0,  0, 0.0000,     0,21.3,23.8,26.9, 25,    27,    38, 0.8648, 0.8527
M5,23/07/23,15:40:41,     6,  6261,   442, 1003.0, 300,22.7,25.6, 0.0,  0, 0.0000,     0,21.3,23.8,26.9, 25,    28,    39, 0.8672, 0.8462
M5,23/07/23,15:40:42,     6,  6262,   443, 1003.0, 300,22.7,25.6, 0.0,  0, 0.0000,     0,21.3,23.8,26.7, 25,    29,    40, 0.8685, 0.8432
M5,23/07/23,15:40:43,     6,  6263,   443, 1003.0, 300,22.7,25.6, 0.0,  0, 0.0000,     0,21.3,23.8,26.7, 25,    29,    41, 0.8706, 0.8389
M5,23/07/23,15:40:44,     6,  6264,   444, 1003.0, 300,22.7,25.6, 0.0,  0, 0.0000,     0,21.3,23.8,26.7, 25,    30,    42, 0.8740, 0.8298
M5,23/07/23,15:40:45,     6,  6265,   445, 1003.0, 300,22.7,25.6, 0.0,  0, 0.0000,     0,21.3,23.8,26.7, 25,    31,    43, 0.8777, 0.8219
M5,23/07/23,15:40:46,     6,  6266,   446, 1003.0, 300,22.7,25.6, 0.0,  0, 0.0000,     0,21.3,23.8,26.7, 25,    32,    44, 0.8822, 0.8111
M5,23/07/23,15:40:47,     6,  6267,   447, 1003.0, 300,22.7,25.6, 0.0,  0, 0.0000,     0,21.3,23.8,26.7, 25,    33,    45, 0.8875, 0.7990
M5,23/07/23,15:40:48,     6,  6268,   448, 1003.0, 300,22.8,25.6, 0.0,  0, 0.0000,     0,21.3,23.8,26.9, 25,    34,    46, 0.8931, 0.7902
M5,23/07/23,15:40:49,     6,  6269,   449, 1003.0, 300,22.8,25.6, 0.0,  0, 0.0000,     0,21.3,23.8,26.9, 25,    35,    47, 0.8969, 0.7858
M5,23/07/23,15:40:50,     6,  6270,   450, 1003.0, 300,22.8,25.6, 0.0,  0, 0.0000,     0,21.3,23.8,26.9, 25,    36,    48, 0.9010, 0.7828
M5,23/07/23,15:40:51,     6,  6271,   450, 1003.0, 300,22.8,25.6, 0.0,  0, 0.0000,     0,21.3,23.8,26.9, 25,    36,    49, 0.9046, 0.7803
M5,23/07/23,15:40:52,     6,  6272,   451, 1003.0, 300,22.8,25.6, 0.0,  0, 0.0000,     0,21.3,23.8,26.9, 25,    37,    50, 0.9072, 0.7811
M5,23/07/23,15:40:53,     6,  6273,   452, 1003.0, 300,22.8,25.6, 0.0,  0, 0.0000,     0,21.3,23.8,26.9, 25,    38,    51, 0.9086, 0.7869
M5,23/07/23,15:40:54,     6,  6274,   452, 1003.0, 300,22.8,25.6, 0.0,  0, 0.0000,     0,21.3,23.8,26.9, 25,    38,    52, 0.9095, 0.7939
M5,23/07/23,15:40:55,     6,  6275,   453, 1003.0, 300,22.8,25.6, 0.0,  0, 0.0000,     0,21.3,23.8,26.9, 25,    39,    53, 0.9108, 0.7998
M5,23/07/23,15:40:56,     6,  6276,   454, 1003.0, 300,22.8,25.6, 0.0,  0, 0.0000,     0,21.3,23.8,26.9, 25,    40,    54, 0.9121, 0.8042
M5,23/07/23,15:40:57,     6,  6277,   455, 1003.0, 300,22.8,25.6, 0.0,  0, 0.0000,     0,21.3,23.7,26.9, 25,    41,    55, 0.9131, 0.8101
M5,23/07/23,15:40:58,     6,  6278,   455, 1003.0, 300,22.8,25.6, 0.0,  0, 0.0000,     0,21.3,23.7,26.9, 25,    41,    56, 0.9130, 0.8184
M5,23/07/23,15:40:59,     6,  6279,   456, 1003.0, 300,22.8,25.6, 0.0,  0, 0.0000,     0,21.3,23.7,26.9, 25,    42,    57, 0.9131, 0.8271
M5,23/07/23,15:41:00,     6,  6280,   457, 1003.0, 300,22.8,25.6, 0.0,  0, 0.0000,     0,21.3,23.7,26.9, 25,    43,    58, 0.9134, 0.8321
M5,23/07/23,15:41:01,     6,  6281,   458, 1003.0, 300,22.8,25.6, 0.0,  0, 0.0000,     0,21.3,23.7,26.9, 25,    44,    59, 0.9144, 0.8342
M5,23/07/23,15:41:02,     6,  6282,   458, 1003.0, 300,22.8,25.6, 0.0,  0, 0.0000,     0,21.3,23.7,26.9, 25,    45,    60, 0.9156, 0.8358
R5,23/07/23,15:41:02,     6,  6282,   458, 1003.0, 300,22.8,25.6, 0.0,  0, 0.0000,     0,21.3,23.7,26.9, 25,    45,    60, 0.9156, 0.8358
End
Start
M5,23/07/23,15:41:58,     6,  6338,   418, 1003.0, 300,22.3,25.5, 0.0,  0, 0.0000,     0,21.1,23.2,26.7, 20,     1,     1, 0.0000, 0.0000
M5,23/07/23,15:41:59,     6,  6339,   419, 1003.0, 300,22.3,25.5, 0.0,  0, 0.0000,     0,21.1,23.2,26.7, 20,     2,     2, 0.0000, 0.0000
M5,23/07/23,15:42:00,     6,  6340,   420, 1003.0, 300,22.3,25.5, 0.0,  0, 0.0000,     0,21.1,23.2,26.7, 20,     3,     3, 0.0000, 0.0000
M5,23/07/23,15:42:01,     6,  6341,   421, 1003.0, 300,22.2,25.5, 0.0,  0, 0.0000,     0,21.1,23.3,26.7, 20,     4,     4, 0.0000, 0.0000
M5,23/07/23,15:42:02,     6,  6342,   422, 1003.0, 300,22.2,25.5, 0.0,  0, 0.0000,     0,21.1,23.3,26.7, 20,     4,     5, 0.0000, 0.0000
M5,23/07/23,15:42:03,     6,  6343,   422, 1003.0, 300,22.2,25.5, 0.0,  0, 0.0000,     0,21.1,23.3,26.7, 20,     5,     6, 0.0000, 0.0000
M5,23/07/23,15:42:04,     6,  6344,   423, 1003.0, 300,22.2,25.5, 0.0,  0, 0.0000,     0,21.1,23.3,26.7, 20,     6,     7, 0.0000, 0.0000
M5,23/07/23,15:42:05,     6,  6345,   424, 1003.0, 300,22.2,25.5, 0.0,  0, 0.0000,     0,21.1,23.3,26.7, 20,     6,     8, 0.0000, 0.0000
M5,23/07/23,15:42:06,     6,  6346,   425, 1003.0, 300,22.2,25.5, 0.0,  0, 0.0000,     0,21.1,23.4,26.7, 20,     7,     9, 0.0000, 0.0000
M5,23/07/23,15:42:07,     6,  6347,   425, 1003.0, 300,22.2,25.5, 0.0,  0, 0.0000,     0,21.1,23.4,26.7, 25,     8,    10, 0.0000, 0.0000
M5,23/07/23,15:42:08,     6,  6348,   426, 1003.0, 300,22.2,25.5, 0.0,  0, 0.0000,     0,21.1,23.4,26.7, 25,     9,    11, 0.0000, 0.0000
M5,23/07/23,15:42:09,     6,  6349,   427, 1003.0, 300,22.2,25.5, 0.0,  0, 0.0000,     0,21.1,23.4,26.7, 25,    10,    12, 0.0000, 0.0000
M5,23/07/23,15:42:10,     6,  6350,   428, 1003.0, 300,22.2,25.5, 0.0,  0, 0.0000,     0,21.1,23.4,26.7, 25,    11,    13, 1.1121, 1.1113
M5,23/07/23,15:42:11,     6,  6351,   429, 1003.0, 300,22.2,25.5, 0.0,  0, 0.0000,     0,21.1,23.5,26.7, 25,    12,    14, 1.1687, 1.0041
M5,23/07/23,15:42:12,     6,  6352,   430, 1003.0, 300,22.2,25.5, 0.0,  0, 0.0000,     0,21.1,23.5,26.7, 25,    13,    15, 1.2168, 0.9885
M5,23/07/23,15:42:13,     6,  6353,   431, 1003.0, 300,22.2,25.5, 0.0,  0, 0.0000,     0,21.1,23.5,26.7, 25,    14,    16, 1.2119, 1.1117
M5,23/07/23,15:42:14,     6,  6354,   432, 1003.0, 300,22.2,25.5, 0.0,  0, 0.0000,     0,21.1,23.5,26.7, 25,    15,    17, 1.2242, 1.1215
M5,23/07/23,15:42:15,     6,  6355,   433, 1003.0, 300,22.3,25.5, 0.0,  0, 0.0000,     0,21.1,23.5,26.7, 25,    16,    18, 1.2308, 1.1488
M5,23/07/23,15:42:16,     6,  6356,   434, 1003.0, 300,22.3,25.5, 0.0,  0, 0.0000,     0,21.1,23.5,26.7, 25,    17,    19, 1.2203, 1.2041
M5,23/07/23,15:42:17,     6,  6357,   435, 1003.0, 300,22.3,25.4, 0.0,  0, 0.0000,     0,21.1,23.5,26.7, 25,    18,    20, 1.2139, 1.2273
M5,23/07/23,15:42:18,     6,  6358,   436, 1003.0, 300,22.3,25.4, 0.0,  0, 0.0000,     0,21.1,23.5,26.7, 25,    19,    21, 1.2171, 1.2127
M5,23/07/23,15:42:19,     6,  6359,   437, 1003.0, 300,22.3,25.4, 0.0,  0, 0.0000,     0,21.1,23.5,26.7, 25,    20,    22, 1.2184, 1.2088
M5,23/07/23,15:42:20,     6,  6360,   438, 1003.0, 300,22.3,25.4, 0.0,  0, 0.0000,     0,21.1,23.6,26.7, 25,    21,    23, 1.2191, 1.2110
M5,23/07/23,15:42:21,     6,  6361,   439, 1003.0, 300,22.3,25.4, 0.0,  0, 0.0000,     0,21.1,23.6,26.7, 25,    22,    24, 1.2136, 1.2291
M5,23/07/23,15:42:22,     6,  6362,   440, 1003.0, 300,22.3,25.4, 0.0,  0, 0.0000,     0,21.1,23.6,26.7, 25,    23,    25, 1.2108, 1.2382
M5,23/07/23,15:42:23,     6,  6363,   441, 1003.0, 300,22.3,25.4, 0.0,  0, 0.0000,     0,21.1,23.6,26.7, 25,    24,    26, 1.2079, 1.2405
M5,23/07/23,15:42:25,     6,  6364,   442, 1003.0, 300,22.4,25.4, 0.0,  0, 0.0000,     0,21.1,23.6,26.7, 25,    25,    27, 1.2068, 1.2407
M5,23/07/23,15:42:26,     6,  6365,   443, 1003.0, 300,22.4,25.4, 0.0,  0, 0.0000,     0,21.1,23.6,26.7, 25,    26,    28, 1.2052, 1.2381
M5,23/07/23,15:42:27,     6,  6366,   444, 1003.0, 300,22.4,25.4, 0.0,  0, 0.0000,     0,21.1,23.6,26.7, 25,    27,    29, 1.2041, 1.2348
M5,23/07/23,15:42:28,     6,  6367,   445, 1003.0, 300,22.4,25.4, 0.0,  0, 0.0000,     0,21.1,23.6,26.7, 25,    28,    30, 1.2041, 1.2319
M5,23/07/23,15:42:29,     6,  6368,   446, 1003.0, 300,22.4,25.4, 0.0,  0, 0.0000,     0,21.1,23.6,26.7, 25,    29,    31, 1.2036, 1.2282
M5,23/07/23,15:42:30,     6,  6369,   447, 1003.0, 300,22.4,25.4, 0.0,  0, 0.0000,     0,21.1,23.6,26.7, 25,    30,    32, 1.2017, 1.2320
M5,23/07/23,15:42:31,     6,  6370,   448, 1003.0, 300,22.4,25.4, 0.0,  0, 0.0000,     0,21.1,23.6,26.7, 25,    30,    33, 1.1979, 1.2394
M5,23/07/23,15:42:32,     6,  6371,   449, 1003.0, 300,22.4,25.4, 0.0,  0, 0.0000,     0,21.1,23.6,26.7, 25,    31,    34, 1.1938, 1.2491
M5,23/07/23,15:42:33,     6,  6372,   449, 1003.0, 300,22.4,25.4, 0.0,  0, 0.0000,     0,21.1,23.6,26.7, 25,    32,    35, 1.1885, 1.2585
M5,23/07/23,15:42:34,     6,  6373,   450, 1003.0, 300,22.4,25.4, 0.0,  0, 0.0000,     0,21.1,23.6,26.7, 25,    33,    36, 1.1845, 1.2619
M5,23/07/23,15:42:35,     6,  6374,   451, 1003.0, 300,22.5,25.4, 0.0,  0, 0.0000,     0,21.1,23.6,26.7, 25,    34,    37, 1.1805, 1.2668
M5,23/07/23,15:42:36,     6,  6375,   452, 1003.0, 300,22.5,25.4, 0.0,  0, 0.0000,     0,21.1,23.6,26.7, 25,    35,    38, 1.1757, 1.2716
M5,23/07/23,15:42:37,     6,  6376,   453, 1003.0, 300,22.5,25.4, 0.0,  0, 0.0000,     0,21.1,23.6,26.7, 25,    36,    39, 1.1722, 1.2718
M5,23/07/23,15:42:38,     6,  6377,   454, 1003.0, 300,22.5,25.4, 0.0,  0, 0.0000,     0,21.1,23.6,26.7, 25,    37,    40, 1.1695, 1.2686
M5,23/07/23,15:42:39,     6,  6378,   455, 1003.0, 300,22.5,25.4, 0.0,  0, 0.0000,     0,21.1,23.6,26.7, 25,    38,    41, 1.1672, 1.2680
M5,23/07/23,15:42:40,     6,  6379,   456, 1003.0, 300,22.5,25.4, 0.0,  0, 0.0000,     0,21.1,23.5,26.7, 25,    39,    42, 1.1649, 1.2640
M5,23/07/23,15:42:41,     6,  6380,   457, 1003.0, 300,22.5,25.4, 0.0,  0, 0.0000,     0,21.1,23.6,26.7, 25,    39,    43, 1.1622, 1.2632
M5,23/07/23,15:42:42,     6,  6381,   457, 1003.0, 300,22.5,25.4, 0.0,  0, 0.0000,     0,21.1,23.6,26.7, 25,    40,    44, 1.1580, 1.2666
M5,23/07/23,15:42:43,     6,  6382,   458, 1003.0, 300,22.5,25.4, 0.0,  0, 0.0000,     0,21.1,23.5,26.7, 25,    41,    45, 1.1539, 1.2694
M5,23/07/23,15:42:44,     6,  6383,   459, 1003.0, 300,22.5,25.4, 0.0,  0, 0.0000,     0,21.1,23.5,26.7, 25,    42,    46, 1.1502, 1.2720
M5,23/07/23,15:42:45,     6,  6384,   460, 1003.0, 300,22.5,25.4, 0.0,  0, 0.0000,     0,21.1,23.5,26.7, 25,    43,    47, 1.1470, 1.2708
M5,23/07/23,15:42:46,     6,  6385,   461, 1003.0, 300,22.5,25.4, 0.0,  0, 0.0000,     0,21.1,23.5,26.7, 25,    44,    48, 1.1443, 1.2666
M5,23/07/23,15:42:47,     6,  6386,   462, 1003.0, 300,22.5,25.4, 0.0,  0, 0.0000,     0,21.1,23.5,26.7, 25,    45,    49, 1.1418, 1.2637
M5,23/07/23,15:42:48,     6,  6387,   463, 1003.0, 300,22.5,25.4, 0.0,  0, 0.0000,     0,21.1,23.5,26.7, 25,    46,    50, 1.1411, 1.2567
M5,23/07/23,15:42:49,     6,  6388,   464, 1003.0, 300,22.5,25.4, 0.0,  0, 0.0000,     0,21.1,23.5,26.7, 25,    47,    51, 1.1403, 1.2485
M5,23/07/23,15:42:50,     6,  6389,   465, 1003.0, 300,22.5,25.4, 0.0,  0, 0.0000,     0,21.1,23.5,26.7, 25,    47,    52, 1.1386, 1.2446
M5,23/07/23,15:42:51,     6,  6390,   466, 1003.0, 300,22.6,25.4, 0.0,  0, 0.0000,     0,21.1,23.5,26.7, 25,    48,    53, 1.1372, 1.2420
M5,23/07/23,15:42:52,     6,  6391,   467, 1003.0, 300,22.6,25.4, 0.0,  0, 0.0000,     0,21.1,23.5,26.7, 25,    49,    54, 1.1359, 1.2375
M5,23/07/23,15:42:53,     6,  6392,   468, 1003.0, 300,22.6,25.4, 0.0,  0, 0.0000,     0,21.1,23.5,26.7, 25,    50,    55, 1.1352, 1.2321
R5,23/07/23,15:42:53,     6,  6392,   468, 1003.0, 300,22.6,25.4, 0.0,  0, 0.0000,     0,21.1,23.5,26.7, 25,    50,    55, 1.1352, 1.2321
End
Start
M5,23/07/23,15:43:39,     6,  6438,   420, 1003.0, 300,22.5,25.3, 0.0,  0, 0.0000,     0,21.1,23.1,26.7, 20,     1,     1, 0.0000, 0.0000
M5,23/07/23,15:43:40,     6,  6439,   420, 1003.0, 300,22.5,25.3, 0.0,  0, 0.0000,     0,21.1,23.1,26.7, 20,     2,     2, 0.0000, 0.0000
M5,23/07/23,15:43:41,     6,  6440,   421, 1003.0, 300,22.5,25.3, 0.0,  0, 0.0000,     0,21.1,23.1,26.7, 20,     3,     3, 0.0000, 0.0000
M5,23/07/23,15:43:42,     6,  6441,   422, 1003.0, 300,22.5,25.3, 0.0,  0, 0.0000,     0,21.1,23.1,26.7, 20,     3,     4, 0.0000, 0.0000
M5,23/07/23,15:43:43,     6,  6442,   423, 1003.0, 300,22.5,25.3, 0.0,  0, 0.0000,     0,21.1,23.2,26.7, 20,     4,     5, 0.0000, 0.0000
M5,23/07/23,15:43:44,     6,  6443,   424, 1003.0, 300,22.4,25.3, 0.0,  0, 0.0000,     0,21.1,23.2,26.7, 20,     5,     6, 0.0000, 0.0000
M5,23/07/23,15:43:45,     6,  6444,   425, 1003.0, 300,22.4,25.3, 0.0,  0, 0.0000,     0,21.1,23.2,26.7, 20,     6,     7, 0.0000, 0.0000
M5,23/07/23,15:43:46,     6,  6445,   425, 1003.0, 300,22.5,25.3, 0.0,  0, 0.0000,     0,21.1,23.2,26.7, 20,     7,     8, 0.0000, 0.0000
M5,23/07/23,15:43:47,     6,  6446,   426, 1003.0, 300,22.5,25.3, 0.0,  0, 0.0000,     0,21.1,23.3,26.7, 20,     8,     9, 0.0000, 0.0000
M5,23/07/23,15:43:48,     6,  6447,   427, 1003.0, 300,22.5,25.3, 0.0,  0, 0.0000,     0,21.1,23.3,26.7, 25,     9,    10, 0.0000, 0.0000
M5,23/07/23,15:43:49,     6,  6448,   428, 1003.0, 300,22.5,25.3, 0.0,  0, 0.0000,     0,21.1,23.3,26.7, 25,     9,    11, 0.0000, 0.0000
M5,23/07/23,15:43:50,     6,  6449,   429, 1003.0, 300,22.5,25.3, 0.0,  0, 0.0000,     0,21.1,23.3,26.7, 25,    10,    12, 0.0000, 0.0000
M5,23/07/23,15:43:51,     6,  6450,   430, 1003.0, 300,22.5,25.3, 0.0,  0, 0.0000,     0,21.1,23.3,26.7, 25,    11,    13, 1.1323, 0.9818
M5,23/07/23,15:43:52,     6,  6451,   431, 1003.0, 300,22.5,25.3, 0.0,  0, 0.0000,     0,21.1,23.3,26.7, 25,    12,    14, 1.1524, 1.0373
M5,23/07/23,15:43:53,     6,  6452,   431, 1003.0, 300,22.5,25.3, 0.0,  0, 0.0000,     0,21.1,23.3,26.7, 25,    13,    15, 1.1073, 1.1943
M5,23/07/23,15:43:54,     6,  6453,   432, 1003.1, 300,22.5,25.3, 0.0,  0, 0.0000,     0,21.1,23.3,26.7, 25,    14,    16, 1.0992, 1.1726
M5,23/07/23,15:43:55,     6,  6454,   433, 1003.1, 300,22.5,25.3, 0.0,  0, 0.0000,     0,21.1,23.4,26.7, 25,    15,    17, 1.1043, 1.1306
M5,23/07/23,15:43:56,     6,  6455,   434, 1003.1, 300,22.5,25.3, 0.0,  0, 0.0000,     0,21.1,23.4,26.7, 25,    16,    18, 1.1259, 1.0634
M5,23/07/23,15:43:57,     6,  6456,   435, 1003.1, 300,22.5,25.3, 0.0,  0, 0.0000,     0,21.1,23.4,26.7, 25,    17,    19, 1.1406, 1.0434
M5,23/07/23,15:43:58,     6,  6457,   436, 1003.1, 300,22.5,25.3, 0.0,  0, 0.0000,     0,21.1,23.4,26.7, 25,    18,    20, 1.1424, 1.0691
M5,23/07/23,15:43:59,     6,  6458,   437, 1003.1, 300,22.5,25.3, 0.0,  0, 0.0000,     0,21.1,23.4,26.7, 25,    19,    21, 1.1455, 1.0812
M5,23/07/23,15:44:00,     6,  6459,   438, 1003.1, 300,22.5,25.3, 0.0,  0, 0.0000,     0,21.1,23.4,26.7, 25,    20,    22, 1.1490, 1.0872
M5,23/07/23,15:44:01,     6,  6460,   439, 1003.1, 300,22.5,25.3, 0.0,  0, 0.0000,     0,21.1,23.4,26.7, 25,    21,    23, 1.1532, 1.0901
M5,23/07/23,15:44:02,     6,  6461,   440, 1003.1, 300,22.5,25.3, 0.0,  0, 0.0000,     0,21.1,23.4,26.7, 25,    22,    24, 1.1529, 1.1093
M5,23/07/23,15:44:03,     6,  6462,   441, 1003.1, 300,22.5,25.3, 0.0,  0, 0.0000,     0,21.1,23.4,26.7, 25,    23,    25, 1.1577, 1.1037
M5,23/07/23,15:44:04,     6,  6463,   442, 1003.0, 300,22.5,25.3, 0.0,  0, 0.0000,     0,21.1,23.4,26.7, 25,    24,    26, 1.1624, 1.1022
M5,23/07/23,15:44:05,     6,  6464,   443, 1003.0, 300,22.5,25.3, 0.0,  0, 0.0000,     0,21.1,23.4,26.7, 25,    25,    27, 1.1628, 1.1129
M5,23/07/23,15:44:06,     6,  6465,   444, 1003.0, 300,22.5,25.3, 0.0,  0, 0.0000,     0,21.1,23.4,26.7, 25,    25,    28, 1.1606, 1.1296
M5,23/07/23,15:44:07,     6,  6466,   445, 1003.0, 300,22.5,25.3, 0.0,  0, 0.0000,     0,21.1,23.4,26.7, 25,    26,    29, 1.1570, 1.1479
M5,23/07/23,15:44:08,     6,  6467,   446, 1003.0, 300,22.5,25.3, 0.0,  0, 0.0000,     0,21.1,23.4,26.7, 25,    27,    30, 1.1522, 1.1653
M5,23/07/23,15:44:09,     6,  6468,   446, 1003.0, 300,22.5,25.3, 0.0,  0, 0.0000,     0,21.1,23.4,26.7, 25,    28,    31, 1.1475, 1.1814
M5,23/07/23,15:44:10,     6,  6469,   448, 1003.0, 300,22.5,25.3, 0.0,  0, 0.0000,     0,21.1,23.4,26.7, 25,    29,    32, 1.1463, 1.1797
M5,23/07/23,15:44:11,     6,  6470,   449, 1003.0, 300,22.5,25.3, 0.0,  0, 0.0000,     0,21.1,23.4,26.7, 25,    30,    33, 1.1482, 1.1679
M5,23/07/23,15:44:12,     6,  6471,   450, 1003.0, 300,22.5,25.3, 0.0,  0, 0.0000,     0,21.1,23.4,26.7, 25,    31,    34, 1.1521, 1.1512
M5,23/07/23,15:44:13,     6,  6472,   451, 1003.0, 300,22.5,25.3, 0.0,  0, 0.0000,     0,21.1,23.4,26.7, 25,    32,    35, 1.1557, 1.1385
M5,23/07/23,15:44:14,     6,  6473,   452, 1003.0, 300,22.5,25.3, 0.0,  0, 0.0000,     0,21.1,23.4,26.7, 25,    33,    36, 1.1590, 1.1291
M5,23/07/23,15:44:15,     6,  6474,   453, 1003.0, 300,22.5,25.3, 0.0,  0, 0.0000,     0,21.1,23.4,26.7, 25,    34,    37, 1.1621, 1.1222
M5,23/07/23,15:44:16,     6,  6475,   454, 1003.0, 300,22.5,25.3, 0.0,  0, 0.0000,     0,21.1,23.4,26.7, 25,    35,    38, 1.1653, 1.1176
M5,23/07/23,15:44:17,     6,  6476,   455, 1003.0, 300,22.5,25.3, 0.0,  0, 0.0000,     0,21.1,23.4,26.7, 25,    36,    39, 1.1679, 1.1141
M5,23/07/23,15:44:18,     6,  6477,   456, 1003.0, 300,22.6,25.3, 0.0,  0, 0.0000,     0,21.1,23.4,26.7, 25,    38,    40, 1.1720, 1.1077
M5,23/07/23,15:44:19,     6,  6478,   457, 1003.0, 300,22.6,25.3, 0.0,  0, 0.0000,     0,21.1,23.4,26.7, 25,    39,    41, 1.1765, 1.0992
M5,23/07/23,15:44:20,     6,  6479,   458, 1003.0, 300,22.6,25.3, 0.0,  0, 0.0000,     0,21.1,23.4,26.7, 25,    40,    42, 1.1815, 1.0900
M5,23/07/23,15:44:21,     6,  6480,   459, 1003.0, 300,22.6,25.3, 0.0,  0, 0.0000,     0,21.1,23.4,26.7, 25,    41,    43, 1.1857, 1.0849
M5,23/07/23,15:44:22,     6,  6481,   460, 1003.0, 300,22.6,25.3, 0.0,  0, 0.0000,     0,21.1,23.4,26.7, 25,    42,    44, 1.1894, 1.0824
M5,23/07/23,15:44:23,     6,  6482,   461, 1003.0, 300,22.6,25.3, 0.0,  0, 0.0000,     0,21.1,23.4,26.7, 25,    43,    45, 1.1928, 1.0818
M5,23/07/23,15:44:24,     6,  6483,   462, 1003.0, 300,22.6,25.3, 0.0,  0, 0.0000,     0,21.1,23.4,26.7, 25,    44,    46, 1.1949, 1.0857
M5,23/07/23,15:44:25,     6,  6484,   463, 1003.0, 300,22.6,25.3, 0.0,  0, 0.0000,     0,21.1,23.4,26.7, 25,    45,    47, 1.1958, 1.0927
M5,23/07/23,15:44:26,     6,  6485,   464, 1003.0, 300,22.6,25.3, 0.0,  0, 0.0000,     0,21.1,23.4,26.7, 25,    46,    48, 1.1969, 1.0989
M5,23/07/23,15:44:27,     6,  6486,   465, 1003.0, 300,22.6,25.3, 0.0,  0, 0.0000,     0,21.1,23.4,26.7, 25,    47,    49, 1.1986, 1.1018
M5,23/07/23,15:44:28,     6,  6487,   466, 1003.0, 300,22.6,25.3, 0.0,  0, 0.0000,     0,21.1,23.4,26.7, 25,    48,    50, 1.2010, 1.1022
M5,23/07/23,15:44:29,     6,  6488,   467, 1003.0, 300,22.6,25.3, 0.0,  0, 0.0000,     0,21.1,23.4,26.7, 25,    49,    51, 1.2031, 1.1034
M5,23/07/23,15:44:30,     6,  6489,   468, 1003.0, 300,22.6,25.3, 0.0,  0, 0.0000,     0,21.1,23.4,26.7, 25,    50,    52, 1.2052, 1.1053
R5,23/07/23,15:44:30,     6,  6489,   468, 1003.0, 300,22.6,25.3, 0.0,  0, 0.0000,     0,21.1,23.4,26.7, 25,    50,    52, 1.2052, 1.1053
End
