Tag(M3),Date,Time,Plot_No,Rec_No,CO2,Pressure,Flow,H2O,Tsen,O2,Error,Aux_V,PAR,Tsoil,Tair,Msoil
Zero
Start
M5,05/07/23,14:04:25,     1,   922,   454,  987.5, 300,18.4,19.8, 0.0,  0, 0.0000,     0,18.4,18.5,16.4, 20,     4,     1, 0.0000, 0.0000
M5,05/07/23,14:04:26,     1,   923,   456,  987.5, 300,18.4,19.8, 0.0,  0, 0.0000,     0,18.4,18.6,16.4, 20,     7,     2, 0.0000, 0.0000
M5,05/07/23,14:04:27,     1,   924,   458,  987.5, 300,18.5,19.8, 0.0,  0, 0.0000,     0,18.4,18.6,16.4, 20,     9,     3, 0.0000, 0.0000
M5,05/07/23,14:04:28,     1,   925,   460,  987.5, 300,18.5,19.8, 0.0,  0, 0.0000,     0,18.4,18.6,16.4, 20,    10,     4, 0.0000, 0.0000
M5,05/07/23,14:04:29,     1,   926,   461,  987.5, 300,18.5,19.8, 0.0,  0, 0.0000,     0,18.4,18.6,16.4, 20,    11,     5, 0.0000, 0.0000
M5,05/07/23,14:04:30,     1,   927,   462,  987.6, 300,18.5,19.8, 0.0,  0, 0.0000,     0,18.4,18.6,16.4, 20,    12,     6, 0.0000, 0.0000
M5,05/07/23,14:04:31,     1,   928,   462,  987.6, 300,18.5,19.8, 0.0,  0, 0.0000,     0,18.4,18.6,16.4, 20,    13,     7, 0.0000, 0.0000
M5,05/07/23,14:04:32,     1,   929,   463,  987.6, 300,18.5,19.8, 0.0,  0, 0.0000,     0,18.4,18.7,16.4, 20,    13,     8, 0.0000, 0.0000
M5,05/07/23,14:04:33,     1,   930,   463,  987.6, 300,18.5,19.8, 0.0,  0, 0.0000,     0,18.4,18.7,16.4, 20,    13,     9, 0.0000, 0.0000
M5,05/07/23,14:04:34,     1,   931,   464,  987.6, 300,18.5,19.8, 0.0,  0, 0.0000,     0,18.4,18.7,16.4, 25,    14,    10, 0.0000, 0.0000
M5,05/07/23,14:04:35,     1,   932,   465,  987.6, 300,18.5,19.8, 0.0,  0, 0.0000,     0,18.4,18.7,16.4, 25,    15,    11, 0.0000, 0.0000
M5,05/07/23,14:04:36,     1,   933,   466,  987.6, 300,18.5,19.8, 0.0,  0, 0.0000,     0,18.4,18.7,16.4, 25,    16,    12, 0.0000, 0.0000
M5,05/07/23,14:04:37,     1,   934,   466,  987.6, 300,18.5,19.8, 0.0,  0, 0.0000,     0,18.4,18.7,16.4, 25,    16,    13, 0.9166, 0.9146
M5,05/07/23,14:04:38,     1,   935,   467,  987.6, 300,18.5,19.8, 0.0,  0, 0.0000,     0,18.4,18.7,16.4, 25,    17,    14, 0.9800, 0.7993
M5,05/07/23,14:04:39,     1,   936,   468,  987.6, 300,18.5,19.8, 0.0,  0, 0.0000,     0,18.4,18.7,16.4, 25,    18,    15, 1.0082, 0.8452
M5,05/07/23,14:04:40,     1,   937,   469,  987.6, 300,18.5,19.8, 0.0,  0, 0.0000,     0,18.4,18.7,16.4, 25,    19,    16, 0.9763, 0.9948
M5,05/07/23,14:04:41,     1,   938,   469,  987.6, 300,18.6,19.8, 0.0,  0, 0.0000,     0,18.4,18.8,16.4, 25,    19,    17, 0.9360, 1.0942
M5,05/07/23,14:04:42,     1,   939,   470,  987.6, 300,18.6,19.8, 0.0,  0, 0.0000,     0,18.4,18.8,16.4, 25,    20,    18, 0.8957, 1.1394
M5,05/07/23,14:04:43,     1,   940,   470,  987.6, 300,18.6,19.8, 0.0,  0, 0.0000,     0,18.4,18.8,16.4, 25,    21,    19, 0.8812, 1.0942
M5,05/07/23,14:04:44,     1,   941,   471,  987.6, 300,18.6,19.8, 0.0,  0, 0.0000,     0,18.4,18.8,16.4, 25,    21,    20, 0.8727, 1.0528
M5,05/07/23,14:04:45,     1,   942,   472,  987.6, 300,18.6,19.8, 0.0,  0, 0.0000,     0,18.4,18.8,16.4, 25,    22,    21, 0.8580, 1.0420
M5,05/07/23,14:04:46,     1,   943,   472,  987.6, 300,18.6,19.8, 0.0,  0, 0.0000,     0,18.4,18.8,16.4, 25,    22,    22, 0.8433, 1.0418
M5,05/07/23,14:04:47,     1,   944,   473,  987.6, 300,18.6,19.8, 0.0,  0, 0.0000,     0,18.4,18.8,16.4, 25,    23,    23, 0.8268, 1.0402
M5,05/07/23,14:04:48,     1,   945,   473,  987.6, 300,18.6,19.8, 0.0,  0, 0.0000,     0,18.4,18.8,16.4, 25,    24,    24, 0.8168, 1.0203
M5,05/07/23,14:04:49,     1,   946,   474,  987.6, 300,18.6,19.8, 0.0,  0, 0.0000,     0,18.4,18.8,16.4, 25,    24,    25, 0.8150, 0.9788
M5,05/07/23,14:04:50,     1,   947,   475,  987.6, 300,18.6,19.8, 0.0,  0, 0.0000,     0,18.4,18.8,16.4, 25,    25,    26, 0.8145, 0.9463
M5,05/07/23,14:04:51,     1,   948,   476,  987.6, 300,18.6,19.8, 0.0,  0, 0.0000,     0,18.4,18.8,16.4, 25,    26,    27, 0.8145, 0.9184
M5,05/07/23,14:04:52,     1,   949,   476,  987.6, 300,18.6,19.8, 0.0,  0, 0.0000,     0,18.4,18.8,16.4, 25,    26,    28, 0.8116, 0.9068
M5,05/07/23,14:04:53,     1,   950,   477,  987.5, 300,18.7,19.8, 0.0,  0, 0.0000,     0,18.4,18.9,16.4, 25,    27,    29, 0.8074, 0.9042
M5,05/07/23,14:04:54,     1,   951,   477,  987.5, 300,18.7,19.8, 0.0,  0, 0.0000,     0,18.4,18.9,16.4, 25,    28,    30, 0.8045, 0.8957
M5,05/07/23,14:04:55,     1,   952,   478,  987.5, 300,18.7,19.8, 0.0,  0, 0.0000,     0,18.4,18.9,16.4, 25,    28,    31, 0.8009, 0.8941
M5,05/07/23,14:04:56,     1,   953,   478,  987.5, 300,18.7,19.8, 0.0,  0, 0.0000,     0,18.4,18.9,16.4, 25,    28,    32, 0.7936, 0.9030
M5,05/07/23,14:04:57,     1,   954,   479,  987.6, 300,18.7,19.8, 0.0,  0, 0.0000,     0,18.4,18.9,16.4, 25,    29,    33, 0.7887, 0.9036
M5,05/07/23,14:04:58,     1,   955,   480,  987.6, 300,18.7,19.8, 0.0,  0, 0.0000,     0,18.4,18.9,16.4, 25,    30,    34, 0.7870, 0.8913
M5,05/07/23,14:04:59,     1,   956,   481,  987.6, 300,18.7,19.8, 0.0,  0, 0.0000,     0,18.2,18.9,16.3, 25,    31,    35, 0.7862, 0.8783
M5,05/07/23,14:05:00,     1,   957,   481,  987.6, 300,18.7,19.8, 0.0,  0, 0.0000,     0,18.2,18.9,16.3, 25,    31,    36, 0.7841, 0.8709
M5,05/07/23,14:05:01,     1,   958,   482,  987.6, 300,18.7,19.8, 0.0,  0, 0.0000,     0,18.2,18.9,16.3, 25,    32,    37, 0.7831, 0.8622
M5,05/07/23,14:05:02,     1,   959,   482,  987.5, 300,18.7,19.8, 0.0,  0, 0.0000,     0,18.2,18.9,16.3, 25,    32,    38, 0.7805, 0.8631
M5,05/07/23,14:05:03,     1,   960,   483,  987.5, 300,18.7,19.8, 0.0,  0, 0.0000,     0,18.2,18.9,16.3, 25,    33,    39, 0.7767, 0.8657
M5,05/07/23,14:05:04,     1,   961,   483,  987.5, 300,18.7,19.8, 0.0,  0, 0.0000,     0,18.2,18.9,16.3, 25,    33,    40, 0.7729, 0.8685
M5,05/07/23,14:05:05,     1,   962,   484,  987.5, 300,18.7,19.8, 0.0,  0, 0.0000,     0,18.2,18.9,16.3, 25,    34,    41, 0.7700, 0.8668
M5,05/07/23,14:05:06,     1,   963,   484,  987.5, 300,18.7,19.8, 0.0,  0, 0.0000,     0,18.2,18.9,16.3, 25,    35,    42, 0.7669, 0.8661
M5,05/07/23,14:05:07,     1,   964,   485,  987.5, 300,18.7,19.8, 0.0,  0, 0.0000,     0,18.2,18.9,16.3, 25,    35,    43, 0.7638, 0.8662
M5,05/07/23,14:05:08,     1,   965,   485,  987.5, 300,18.7,19.8, 0.0,  0, 0.0000,     0,18.2,18.9,16.3, 25,    36,    44, 0.7605, 0.8665
M5,05/07/23,14:05:09,     1,   966,   486,  987.6, 300,18.7,19.8, 0.0,  0, 0.0000,     0,18.2,18.9,16.3, 25,    36,    45, 0.7583, 0.8641
M5,05/07/23,14:05:10,     1,   967,   487,  987.6, 300,18.7,19.8, 0.0,  0, 0.0000,     0,18.2,18.9,16.3, 25,    37,    46, 0.7566, 0.8589
M5,05/07/23,14:05:11,     1,   968,   487,  987.6, 300,18.7,19.8, 0.0,  0, 0.0000,     0,18.2,18.9,16.3, 25,    37,    47, 0.7548, 0.8553
M5,05/07/23,14:05:12,     1,   969,   488,  987.6, 300,18.7,19.8, 0.0,  0, 0.0000,     0,18.2,18.9,16.3, 25,    38,    48, 0.7535, 0.8497
M5,05/07/23,14:05:13,     1,   970,   489,  987.6, 300,18.8,19.9, 0.0,  0, 0.0000,     0,18.2,18.9,16.3, 25,    39,    49, 0.7530, 0.8431
M5,05/07/23,14:05:14,     1,   971,   489,  987.6, 300,18.8,19.9, 0.0,  0, 0.0000,     0,18.2,19.0,16.3, 25,    40,    50, 0.7527, 0.8354
M5,05/07/23,14:05:15,     1,   972,   490,  987.6, 300,18.8,19.9, 0.0,  0, 0.0000,     0,18.2,19.0,16.3, 25,    40,    51, 0.7527, 0.8272
M5,05/07/23,14:05:16,     1,   973,   491,  987.6, 300,18.7,19.8, 0.0,  0, 0.0000,     0,18.2,19.0,16.3, 25,    41,    52, 0.7520, 0.8210
M5,05/07/23,14:05:17,     1,   974,   491,  987.6, 300,18.7,19.8, 0.0,  0, 0.0000,     0,18.2,19.0,16.3, 25,    41,    53, 0.7521, 0.8145
M5,05/07/23,14:05:18,     1,   975,   492,  987.6, 300,18.7,19.8, 0.0,  0, 0.0000,     0,18.2,19.0,16.3, 25,    42,    54, 0.7531, 0.8055
M5,05/07/23,14:05:19,     1,   976,   493,  987.6, 300,18.7,19.8, 0.0,  0, 0.0000,     0,18.2,19.0,16.3, 25,    43,    55, 0.7542, 0.7967
M5,05/07/23,14:05:20,     1,   977,   494,  987.6, 300,18.8,19.9, 0.0,  0, 0.0000,     0,18.2,19.0,16.3, 25,    44,    56, 0.7564, 0.7868
M5,05/07/23,14:05:21,     1,   978,   494,  987.6, 300,18.8,19.9, 0.0,  0, 0.0000,     0,18.2,19.0,16.3, 25,    45,    57, 0.7582, 0.7774
M5,05/07/23,14:05:22,     1,   979,   495,  987.6, 300,18.8,19.9, 0.0,  0, 0.0000,     0,18.2,19.0,16.3, 25,    45,    58, 0.7600, 0.7689
M5,05/07/23,14:05:23,     1,   980,   496,  987.6, 300,18.8,19.9, 0.0,  0, 0.0000,     0,18.2,19.0,16.3, 25,    46,    59, 0.7618, 0.7615
M5,05/07/23,14:05:24,     1,   981,   496,  987.6, 300,18.8,19.9, 0.0,  0, 0.0000,     0,18.2,19.0,16.3, 25,    47,    60, 0.7631, 0.7564
R5,05/07/23,14:05:24,     1,   981,   496,  987.6, 300,18.8,19.9, 0.0,  0, 0.0000,     0,18.2,19.0,16.3, 25,    47,    60, 0.7631, 0.7564
End
Start
M5,05/07/23,14:06:22,     1,  1038,   449,  987.6, 300,18.8,19.9, 0.0,  0, 0.0000,     0,18.2,18.6,16.4, 20,     3,     1, 0.0000, 0.0000
M5,05/07/23,14:06:23,     1,  1039,   451,  987.6, 300,18.8,19.9, 0.0,  0, 0.0000,     0,18.2,18.6,16.4, 20,     5,     2, 0.0000, 0.0000
M5,05/07/23,14:06:24,     1,  1040,   452,  987.6, 300,18.8,19.9, 0.0,  0, 0.0000,     0,18.2,18.7,16.4, 20,     6,     3, 0.0000, 0.0000
M5,05/07/23,14:06:25,     1,  1041,   453,  987.6, 300,18.8,19.9, 0.0,  0, 0.0000,     0,18.2,18.7,16.4, 20,     7,     4, 0.0000, 0.0000
M5,05/07/23,14:06:26,     1,  1042,   454,  987.6, 300,18.8,19.9, 0.0,  0, 0.0000,     0,18.2,18.7,16.4, 20,     8,     5, 0.0000, 0.0000
M5,05/07/23,14:06:27,     1,  1043,   455,  987.6, 300,18.8,19.9, 0.0,  0, 0.0000,     0,18.2,18.7,16.4, 20,     9,     6, 0.0000, 0.0000
M5,05/07/23,14:06:28,     1,  1044,   455,  987.6, 300,18.8,20.0, 0.0,  0, 0.0000,     0,18.2,18.7,16.4, 20,     9,     7, 0.0000, 0.0000
M5,05/07/23,14:06:29,     1,  1045,   456,  987.6, 300,18.8,20.0, 0.0,  0, 0.0000,     0,18.2,18.7,16.4, 20,    10,     8, 0.0000, 0.0000
M5,05/07/23,14:06:30,     1,  1046,   457,  987.6, 300,18.8,20.0, 0.0,  0, 0.0000,     0,18.2,18.8,16.4, 20,    11,     9, 0.0000, 0.0000
M5,05/07/23,14:06:31,     1,  1047,   457,  987.6, 300,18.8,20.0, 0.0,  0, 0.0000,     0,18.2,18.8,16.4, 25,    11,    10, 0.0000, 0.0000
M5,05/07/23,14:06:32,     1,  1048,   458,  987.6, 300,18.8,20.0, 0.0,  0, 0.0000,     0,18.2,18.8,16.4, 25,    12,    11, 0.0000, 0.0000
M5,05/07/23,14:06:33,     1,  1049,   459,  987.6, 300,18.8,20.0, 0.0,  0, 0.0000,     0,18.2,18.8,16.4, 25,    12,    12, 0.0000, 0.0000
M5,05/07/23,14:06:34,     1,  1050,   459,  987.6, 300,18.8,20.0, 0.0,  0, 0.0000,     0,18.2,18.8,16.4, 25,    13,    13, 0.7010, 0.7120
M5,05/07/23,14:06:35,     1,  1051,   460,  987.6, 300,18.8,20.0, 0.0,  0, 0.0000,     0,18.2,18.8,16.4, 25,    13,    14, 0.6805, 0.7432
M5,05/07/23,14:06:36,     1,  1052,   460,  987.6, 300,18.8,20.0, 0.0,  0, 0.0000,     0,18.2,18.8,16.4, 25,    14,    15, 0.6665, 0.7394
M5,05/07/23,14:06:37,     1,  1053,   461,  987.6, 300,18.8,20.0, 0.0,  0, 0.0000,     0,18.2,18.8,16.4, 25,    14,    16, 0.6568, 0.7279
M5,05/07/23,14:06:38,     1,  1054,   461,  987.6, 300,18.8,20.0, 0.0,  0, 0.0000,     0,18.2,18.9,16.4, 25,    15,    17, 0.6673, 0.6719
M5,05/07/23,14:06:39,     1,  1055,   462,  987.6, 300,18.8,20.0, 0.0,  0, 0.0000,     0,18.2,18.9,16.4, 25,    16,    18, 0.6832, 0.6282
M5,05/07/23,14:06:40,     1,  1056,   463,  987.6, 300,18.8,20.0, 0.0,  0, 0.0000,     0,18.2,18.9,16.4, 25,    17,    19, 0.6994, 0.6026
M5,05/07/23,14:06:41,     1,  1057,   463,  987.6, 300,18.8,20.0, 0.0,  0, 0.0000,     0,18.0,18.9,16.3, 25,    17,    20, 0.7143, 0.5907
M5,05/07/23,14:06:42,     1,  1058,   464,  987.6, 300,18.8,20.0, 0.0,  0, 0.0000,     0,18.0,18.9,16.3, 25,    18,    21, 0.7292, 0.5880
M5,05/07/23,14:06:43,     1,  1059,   465,  987.6, 300,18.8,20.0, 0.0,  0, 0.0000,     0,18.0,18.9,16.3, 25,    18,    22, 0.7340, 0.6116
M5,05/07/23,14:06:44,     1,  1060,   465,  987.6, 300,18.8,20.0, 0.0,  0, 0.0000,     0,18.0,18.9,16.3, 25,    19,    23, 0.7334, 0.6423
M5,05/07/23,14:06:45,     1,  1061,   466,  987.6, 300,18.8,20.0, 0.0,  0, 0.0000,     0,18.0,18.9,16.3, 25,    19,    24, 0.7306, 0.6726
M5,05/07/23,14:06:46,     1,  1062,   466,  987.6, 300,18.8,20.0, 0.0,  0, 0.0000,     0,18.2,18.9,16.3, 25,    20,    25, 0.7322, 0.6853
M5,05/07/23,14:06:47,     1,  1063,   467,  987.6, 300,18.8,20.0, 0.0,  0, 0.0000,     0,18.2,18.9,16.3, 25,    21,    26, 0.7304, 0.7008
M5,05/07/23,14:06:48,     1,  1064,   467,  987.6, 300,18.8,20.0, 0.0,  0, 0.0000,     0,18.2,18.9,16.3, 25,    21,    27, 0.7272, 0.7165
M5,05/07/23,14:06:49,     1,  1065,   468,  987.6, 300,18.8,20.0, 0.0,  0, 0.0000,     0,18.2,18.9,16.3, 25,    22,    28, 0.7230, 0.7303
M5,05/07/23,14:06:50,     1,  1066,   468,  987.6, 300,18.8,20.0, 0.0,  0, 0.0000,     0,18.2,18.9,16.3, 25,    22,    29, 0.7189, 0.7424
M5,05/07/23,14:06:51,     1,  1067,   469,  987.6, 300,18.8,20.0, 0.0,  0, 0.0000,     0,18.2,18.9,16.3, 25,    23,    30, 0.7170, 0.7427
M5,05/07/23,14:06:52,     1,  1068,   470,  987.6, 300,18.8,20.0, 0.0,  0, 0.0000,     0,18.0,19.0,16.3, 25,    23,    31, 0.7147, 0.7462
M5,05/07/23,14:06:53,     1,  1069,   470,  987.6, 300,18.8,20.0, 0.0,  0, 0.0000,     0,18.0,19.0,16.3, 25,    24,    32, 0.7151, 0.7433
M5,05/07/23,14:06:54,     1,  1070,   471,  987.6, 300,18.8,20.0, 0.0,  0, 0.0000,     0,18.0,19.0,16.3, 25,    25,    33, 0.7160, 0.7353
M5,05/07/23,14:06:55,     1,  1071,   471,  987.6, 300,18.8,20.0, 0.0,  0, 0.0000,     0,18.0,19.0,16.3, 25,    25,    34, 0.7160, 0.7323
M5,05/07/23,14:06:56,     1,  1072,   472,  987.6, 300,18.8,20.0, 0.0,  0, 0.0000,     0,18.0,19.0,16.3, 25,    26,    35, 0.7154, 0.7326
M5,05/07/23,14:06:57,     1,  1073,   472,  987.6, 300,18.8,20.0, 0.0,  0, 0.0000,     0,18.0,19.0,16.3, 25,    26,    36, 0.7124, 0.7403
M5,05/07/23,14:06:58,     1,  1074,   473,  987.6, 300,18.8,20.0, 0.0,  0, 0.0000,     0,18.0,19.0,16.3, 25,    27,    37, 0.7091, 0.7465
M5,05/07/23,14:06:59,     1,  1075,   473,  987.6, 300,18.8,20.0, 0.0,  0, 0.0000,     0,18.0,19.0,16.3, 25,    27,    38, 0.7047, 0.7570
M5,05/07/23,14:07:00,     1,  1076,   474,  987.6, 300,18.9,20.0, 0.0,  0, 0.0000,     0,18.0,19.0,16.3, 25,    28,    39, 0.7013, 0.7652
M5,05/07/23,14:07:01,     1,  1077,   474,  987.6, 300,18.9,20.0, 0.0,  0, 0.0000,     0,18.0,19.0,16.3, 25,    28,    40, 0.6987, 0.7663
M5,05/07/23,14:07:02,     1,  1078,   475,  987.6, 300,18.9,20.0, 0.0,  0, 0.0000,     0,18.0,19.0,16.3, 25,    29,    41, 0.6962, 0.7671
M5,05/07/23,14:07:03,     1,  1079,   476,  987.6, 300,18.9,20.0, 0.0,  0, 0.0000,     0,18.0,19.0,16.3, 25,    29,    42, 0.6948, 0.7634
M5,05/07/23,14:07:04,     1,  1080,   476,  987.6, 300,18.9,20.0, 0.0,  0, 0.0000,     0,18.0,19.0,16.3, 25,    30,    43, 0.6933, 0.7609
M5,05/07/23,14:07:05,     1,  1081,   477,  987.6, 300,18.9,20.0, 0.0,  0, 0.0000,     0,18.0,19.0,16.3, 25,    30,    44, 0.6921, 0.7593
M5,05/07/23,14:07:06,     1,  1082,   477,  987.6, 300,18.9,20.0, 0.0,  0, 0.0000,     0,18.0,19.0,16.3, 25,    31,    45, 0.6905, 0.7577
M5,05/07/23,14:07:07,     1,  1083,   478,  987.6, 300,18.9,20.0, 0.0,  0, 0.0000,     0,18.0,19.0,16.3, 25,    32,    46, 0.6896, 0.7530
M5,05/07/23,14:07:08,     1,  1084,   478,  987.6, 300,18.9,20.0, 0.0,  0, 0.0000,     0,18.0,19.0,16.3, 25,    32,    47, 0.6887, 0.7494
M5,05/07/23,14:07:09,     1,  1085,   479,  987.6, 300,18.9,20.0, 0.0,  0, 0.0000,     0,18.0,19.0,16.3, 25,    33,    48, 0.6878, 0.7464
M5,05/07/23,14:07:10,     1,  1086,   479,  987.6, 300,18.9,20.0, 0.0,  0, 0.0000,     0,18.0,19.0,16.3, 25,    33,    49, 0.6861, 0.7469
M5,05/07/23,14:07:11,     1,  1087,   480,  987.6, 300,18.9,20.0, 0.0,  0, 0.0000,     0,18.0,19.0,16.3, 25,    34,    50, 0.6844, 0.7472
M5,05/07/23,14:07:12,     1,  1088,   480,  987.6, 300,18.9,20.0, 0.0,  0, 0.0000,     0,18.0,19.0,16.3, 25,    34,    51, 0.6830, 0.7475
M5,05/07/23,14:07:13,     1,  1089,   481,  987.6, 300,18.9,20.0, 0.0,  0, 0.0000,     0,18.0,19.0,16.3, 25,    35,    52, 0.6820, 0.7450
M5,05/07/23,14:07:14,     1,  1090,   482,  987.6, 300,18.9,20.0, 0.0,  0, 0.0000,     0,18.0,19.0,16.3, 25,    36,    53, 0.6817, 0.7405
M5,05/07/23,14:07:15,     1,  1091,   482,  987.6, 300,18.9,20.0, 0.0,  0, 0.0000,     0,18.0,19.0,16.3, 25,    36,    54, 0.6813, 0.7369
M5,05/07/23,14:07:16,     1,  1092,   482,  987.6, 300,18.9,20.0, 0.0,  0, 0.0000,     0,18.0,19.0,16.3, 25,    36,    55, 0.6798, 0.7384
M5,05/07/23,14:07:17,     1,  1093,   483,  987.6, 300,18.9,20.0, 0.0,  0, 0.0000,     0,18.0,19.0,16.3, 25,    37,    56, 0.6777, 0.7414
M5,05/07/23,14:07:18,     1,  1094,   483,  987.6, 300,18.9,20.0, 0.0,  0, 0.0000,     0,18.0,19.0,16.3, 25,    37,    57, 0.6762, 0.7416
M5,05/07/23,14:07:19,     1,  1095,   484,  987.6, 300,18.9,20.0, 0.0,  0, 0.0000,     0,18.0,19.0,16.3, 25,    38,    58, 0.6755, 0.7397
M5,05/07/23,14:07:20,     1,  1096,   485,  987.6, 300,18.9,20.0, 0.0,  0, 0.0000,     0,18.0,19.0,16.3, 25,    38,    59, 0.6746, 0.7378
M5,05/07/23,14:07:21,     1,  1097,   485,  987.6, 300,18.9,20.0, 0.0,  0, 0.0000,     0,18.0,19.0,16.3, 25,    39,    60, 0.6744, 0.7345
R5,05/07/23,14:07:21,     1,  1097,   485,  987.6, 300,18.9,20.0, 0.0,  0, 0.0000,     0,18.0,19.0,16.3, 25,    39,    60, 0.6744, 0.7345
End
Start
M5,05/07/23,14:08:10,     1,  1146,   443,  987.6, 300,18.9,20.1, 0.0,  0, 0.0000,     0,18.0,18.7,16.3, 20,     1,     1, 0.0000, 0.0000
M5,05/07/23,14:08:11,     1,  1147,   444,  987.6, 300,18.9,20.1, 0.0,  0, 0.0000,     0,18.0,18.7,16.3, 20,     2,     2, 0.0000, 0.0000
M5,05/07/23,14:08:12,     1,  1148,   444,  987.6, 300,18.9,20.1, 0.0,  0, 0.0000,     0,18.0,18.7,16.3, 20,     2,     3, 0.0000, 0.0000
M5,05/07/23,14:08:13,     1,  1149,   445,  987.6, 300,18.9,20.1, 0.0,  0, 0.0000,     0,18.0,18.7,16.3, 20,     3,     4, 0.0000, 0.0000
M5,05/07/23,14:08:14,     1,  1150,   445,  987.6, 300,18.9,20.1, 0.0,  0, 0.0000,     0,18.0,18.7,16.3, 20,     3,     5, 0.0000, 0.0000
M5,05/07/23,14:08:15,     1,  1151,   446,  987.6, 300,18.9,20.1, 0.0,  0, 0.0000,     0,18.0,18.8,16.3, 20,     4,     6, 0.0000, 0.0000
M5,05/07/23,14:08:16,     1,  1152,   446,  987.6, 300,18.9,20.1, 0.0,  0, 0.0000,     0,18.0,18.8,16.3, 20,     4,     7, 0.0000, 0.0000
M5,05/07/23,14:08:17,     1,  1153,   447,  987.6, 300,18.9,20.1, 0.0,  0, 0.0000,     0,18.0,18.8,16.3, 20,     5,     8, 0.0000, 0.0000
M5,05/07/23,14:08:18,     1,  1154,   447,  987.6, 300,18.9,20.1, 0.0,  0, 0.0000,     0,18.0,18.8,16.3, 20,     5,     9, 0.0000, 0.0000
M5,05/07/23,14:08:20,     1,  1155,   448,  987.6, 300,18.9,20.1, 0.0,  0, 0.0000,     0,18.0,18.8,16.3, 25,     6,    10, 0.0000, 0.0000
M5,05/07/23,14:08:21,     1,  1156,   448,  987.6, 300,18.9,20.1, 0.0,  0, 0.0000,     0,18.0,18.8,16.3, 25,     6,    11, 0.0000, 0.0000
M5,05/07/23,14:08:22,     1,  1157,   449,  987.6, 300,18.9,20.1, 0.0,  0, 0.0000,     0,18.0,18.8,16.3, 25,     7,    12, 0.0000, 0.0000
M5,05/07/23,14:08:23,     1,  1158,   449,  987.6, 300,18.9,20.1, 0.0,  0, 0.0000,     0,18.0,18.8,16.3, 25,     7,    13, 0.6985, 0.6988
M5,05/07/23,14:08:24,     1,  1159,   450,  987.6, 300,18.9,20.1, 0.0,  0, 0.0000,     0,18.0,18.8,16.3, 25,     8,    14, 0.6791, 0.7375
M5,05/07/23,14:08:25,     1,  1160,   450,  987.6, 300,18.9,20.1, 0.0,  0, 0.0000,     0,18.0,18.8,16.3, 25,     8,    15, 0.6371, 0.7960
M5,05/07/23,14:08:26,     1,  1161,   451,  987.6, 300,18.9,20.1, 0.0,  0, 0.0000,     0,18.0,18.9,16.3, 25,     9,    16, 0.5991, 0.8141
M5,05/07/23,14:08:27,     1,  1162,   451,  987.6, 300,18.9,20.1, 0.0,  0, 0.0000,     0,18.0,18.9,16.3, 25,     9,    17, 0.5672, 0.8038
M5,05/07/23,14:08:28,     1,  1163,   452,  987.6, 300,18.9,20.1, 0.0,  0, 0.0000,     0,18.0,18.9,16.3, 25,     9,    18, 0.5558, 0.7444
M5,05/07/23,14:08:29,     1,  1164,   452,  987.6, 300,18.9,20.1, 0.0,  0, 0.0000,     0,18.0,18.9,16.3, 25,    10,    19, 0.5529, 0.6854
M5,05/07/23,14:08:30,     1,  1165,   453,  987.6, 300,18.9,20.1, 0.0,  0, 0.0000,     0,18.0,18.9,16.3, 25,    11,    20, 0.5641, 0.6116
M5,05/07/23,14:08:31,     1,  1166,   453,  987.6, 300,18.9,20.1, 0.0,  0, 0.0000,     0,18.0,18.9,16.3, 25,    11,    21, 0.5726, 0.5725
M5,05/07/23,14:08:32,     1,  1167,   454,  987.6, 300,18.9,20.1, 0.0,  0, 0.0000,     0,18.0,18.9,16.3, 25,    12,    22, 0.5794, 0.5523
M5,05/07/23,14:08:33,     1,  1168,   454,  987.6, 300,18.9,20.1, 0.0,  0, 0.0000,     0,18.0,18.9,16.3, 25,    12,    23, 0.5847, 0.5426
M5,05/07/23,14:08:34,     1,  1169,   455,  987.6, 300,18.9,20.1, 0.0,  0, 0.0000,     0,18.0,18.9,16.3, 25,    13,    24, 0.5891, 0.5389
M5,05/07/23,14:08:35,     1,  1170,   455,  987.6, 300,18.9,20.1, 0.0,  0, 0.0000,     0,18.0,18.9,16.3, 25,    13,    25, 0.5925, 0.5396
M5,05/07/23,14:08:36,     1,  1171,   456,  987.6, 300,18.9,20.1, 0.0,  0, 0.0000,     0,18.0,18.9,16.3, 25,    14,    26, 0.5998, 0.5290
M5,05/07/23,14:08:37,     1,  1172,   457,  987.6, 300,18.9,20.1, 0.0,  0, 0.0000,     0,18.0,19.0,16.3, 25,    15,    27, 0.6086, 0.5145
M5,05/07/23,14:08:38,     1,  1173,   457,  987.6, 300,18.9,20.1, 0.0,  0, 0.0000,     0,18.0,19.0,16.3, 25,    15,    28, 0.6151, 0.5111
M5,05/07/23,14:08:39,     1,  1174,   458,  987.6, 300,18.9,20.1, 0.0,  0, 0.0000,     0,18.0,19.0,16.3, 25,    16,    29, 0.6200, 0.5140
M5,05/07/23,14:08:40,     1,  1175,   458,  987.6, 300,18.9,20.1, 0.0,  0, 0.0000,     0,18.0,19.0,16.3, 25,    16,    30, 0.6236, 0.5197
M5,05/07/23,14:08:41,     1,  1176,   459,  987.6, 300,18.9,20.1, 0.0,  0, 0.0000,     0,18.0,19.0,16.3, 25,    16,    31, 0.6239, 0.5359
M5,05/07/23,14:08:42,     1,  1177,   459,  987.6, 300,18.9,20.1, 0.0,  0, 0.0000,     0,18.0,19.0,16.3, 25,    17,    32, 0.6247, 0.5496
M5,05/07/23,14:08:43,     1,  1178,   460,  987.6, 300,18.9,20.1, 0.0,  0, 0.0000,     0,18.0,19.0,16.3, 25,    18,    33, 0.6248, 0.5605
M5,05/07/23,14:08:44,     1,  1179,   460,  987.6, 300,18.9,20.1, 0.0,  0, 0.0000,     0,18.0,19.0,16.3, 25,    18,    34, 0.6268, 0.5630
M5,05/07/23,14:08:45,     1,  1180,   461,  987.6, 300,18.9,20.1, 0.0,  0, 0.0000,     0,18.0,19.0,16.6, 25,    19,    35, 0.6299, 0.5604
M5,05/07/23,14:08:46,     1,  1181,   462,  987.6, 300,18.9,20.1, 0.0,  0, 0.0000,     0,18.0,19.0,16.6, 25,    20,    36, 0.6341, 0.5552
M5,05/07/23,14:08:47,     1,  1182,   462,  987.6, 300,18.9,20.1, 0.0,  0, 0.0000,     0,18.0,19.0,16.6, 25,    20,    37, 0.6389, 0.5488
M5,05/07/23,14:08:48,     1,  1183,   463,  987.6, 300,18.9,20.1, 0.0,  0, 0.0000,     0,18.0,19.1,16.6, 25,    21,    38, 0.6413, 0.5522
M5,05/07/23,14:08:49,     1,  1184,   463,  987.6, 300,18.9,20.2, 0.0,  0, 0.0000,     0,18.0,19.1,16.6, 25,    21,    39, 0.6435, 0.5574
M5,05/07/23,14:08:50,     1,  1185,   464,  987.6, 300,18.9,20.2, 0.0,  0, 0.0000,     0,18.0,19.1,16.3, 25,    22,    40, 0.6449, 0.5630
M5,05/07/23,14:08:51,     1,  1186,   464,  987.6, 300,18.9,20.2, 0.0,  0, 0.0000,     0,18.0,19.1,16.3, 25,    22,    41, 0.6459, 0.5690
M5,05/07/23,14:08:52,     1,  1187,   465,  987.6, 300,18.9,20.2, 0.0,  0, 0.0000,     0,18.0,19.1,16.3, 25,    23,    42, 0.6469, 0.5754
M5,05/07/23,14:08:53,     1,  1188,   465,  987.6, 300,18.9,20.2, 0.0,  0, 0.0000,     0,18.0,19.1,16.3, 25,    23,    43, 0.6474, 0.5816
M5,05/07/23,14:08:54,     1,  1189,   466,  987.6, 300,18.9,20.2, 0.0,  0, 0.0000,     0,18.0,19.1,16.3, 25,    24,    44, 0.6474, 0.5873
M5,05/07/23,14:08:55,     1,  1190,   466,  987.6, 300,18.9,20.2, 0.0,  0, 0.0000,     0,18.0,19.1,16.3, 25,    24,    45, 0.6485, 0.5896
M5,05/07/23,14:08:56,     1,  1191,   467,  987.6, 300,18.9,20.2, 0.0,  0, 0.0000,     0,18.0,19.1,16.3, 25,    25,    46, 0.6497, 0.5929
M5,05/07/23,14:08:57,     1,  1192,   467,  987.6, 300,18.9,20.2, 0.0,  0, 0.0000,     0,18.0,19.1,16.3, 25,    25,    47, 0.6503, 0.5962
M5,05/07/23,14:08:58,     1,  1193,   468,  987.6, 300,18.9,20.2, 0.0,  0, 0.0000,     0,18.0,19.1,16.3, 25,    26,    48, 0.6507, 0.5998
M5,05/07/23,14:08:59,     1,  1194,   468,  987.6, 300,18.9,20.2, 0.0,  0, 0.0000,     0,18.0,19.1,16.3, 25,    26,    49, 0.6500, 0.6062
M5,05/07/23,14:09:00,     1,  1195,   469,  987.6, 300,18.9,20.2, 0.0,  0, 0.0000,     0,18.0,19.1,16.3, 25,    27,    50, 0.6495, 0.6118
M5,05/07/23,14:09:01,     1,  1196,   469,  987.6, 300,18.9,20.2, 0.0,  0, 0.0000,     0,18.0,19.2,16.3, 25,    27,    51, 0.6487, 0.6197
M5,05/07/23,14:09:02,     1,  1197,   470,  987.6, 300,18.9,20.2, 0.0,  0, 0.0000,     0,18.0,19.2,16.3, 25,    28,    52, 0.6476, 0.6261
M5,05/07/23,14:09:03,     1,  1198,   470,  987.6, 300,18.9,20.2, 0.0,  0, 0.0000,     0,18.0,19.2,16.3, 25,    28,    53, 0.6465, 0.6314
M5,05/07/23,14:09:04,     1,  1199,   471,  987.6, 300,18.9,20.2, 0.0,  0, 0.0000,     0,18.0,19.2,16.3, 25,    29,    54, 0.6462, 0.6337
M5,05/07/23,14:09:05,     1,  1200,   472,  987.6, 300,18.9,20.2, 0.0,  0, 0.0000,     0,18.0,19.2,16.3, 25,    30,    55, 0.6464, 0.6340
M5,05/07/23,14:09:06,     1,  1201,   472,  987.6, 300,18.9,20.2, 0.0,  0, 0.0000,     0,18.0,19.2,16.6, 25,    30,    56, 0.6476, 0.6305
M5,05/07/23,14:09:07,     1,  1202,   473,  987.6, 300,18.9,20.2, 0.0,  0, 0.0000,     0,18.0,19.2,16.6, 25,    31,    57, 0.6486, 0.6280
M5,05/07/23,14:09:08,     1,  1203,   474,  987.6, 300,19.0,20.2, 0.0,  0, 0.0000,     0,18.0,19.2,16.6, 25,    32,    58, 0.6501, 0.6245
M5,05/07/23,14:09:09,     1,  1204,   474,  987.6, 300,19.0,20.2, 0.0,  0, 0.0000,     0,18.0,19.2,16.6, 25,    32,    59, 0.6512, 0.6221
M5,05/07/23,14:09:10,     1,  1205,   475,  987.6, 300,19.0,20.2, 0.0,  0, 0.0000,     0,18.0,19.2,16.6, 25,    33,    60, 0.6529, 0.6191
R5,05/07/23,14:09:10,     1,  1205,   475,  987.6, 300,19.0,20.2, 0.0,  0, 0.0000,     0,18.0,19.2,16.6, 25,    33,    60, 0.6529, 0.6191
End
Zero
Start
M5,05/07/23,14:10:46,     2,  1301,   434,  987.5, 300,18.9,20.3, 0.0,  0, 0.0000,     0,17.9,19.3, 6.7, 20,     2,     1, 0.0000, 0.0000
M5,05/07/23,14:10:47,     2,  1302,   435,  987.5, 300,18.9,20.3, 0.0,  0, 0.0000,     0,17.9,19.3, 6.7, 20,     3,     2, 0.0000, 0.0000
M5,05/07/23,14:10:48,     2,  1303,   436,  987.5, 300,18.9,20.3, 0.0,  0, 0.0000,     0,17.9,19.3, 6.7, 20,     4,     3, 0.0000, 0.0000
M5,05/07/23,14:10:49,     2,  1304,   437,  987.5, 300,18.9,20.3, 0.0,  0, 0.0000,     0,17.9,19.3, 6.7, 20,     4,     4, 0.0000, 0.0000
M5,05/07/23,14:10:50,     2,  1305,   438,  987.5, 300,18.9,20.3, 0.0,  0, 0.0000,     0,17.9,19.4, 6.7, 20,     5,     5, 0.0000, 0.0000
M5,05/07/23,14:10:51,     2,  1306,   438,  987.5, 300,18.9,20.3, 0.0,  0, 0.0000,     0,17.9,19.4, 6.7, 20,     6,     6, 0.0000, 0.0000
M5,05/07/23,14:10:52,     2,  1307,   439,  987.5, 300,18.9,20.3, 0.0,  0, 0.0000,     0,17.9,19.4, 6.7, 20,     6,     7, 0.0000, 0.0000
M5,05/07/23,14:10:53,     2,  1308,   439,  987.5, 300,18.9,20.3, 0.0,  0, 0.0000,     0,17.9,19.4, 6.7, 20,     7,     8, 0.0000, 0.0000
M5,05/07/23,14:10:54,     2,  1309,   440,  987.5, 300,18.9,20.3, 0.0,  0, 0.0000,     0,17.9,19.4, 6.7, 20,     7,     9, 0.0000, 0.0000
M5,05/07/23,14:10:55,     2,  1310,   440,  987.5, 300,18.9,20.3, 0.0,  0, 0.0000,     0,17.9,19.5, 6.7, 25,     7,    10, 0.0000, 0.0000
M5,05/07/23,14:10:56,     2,  1311,   440,  987.5, 300,18.9,20.3, 0.0,  0, 0.0000,     0,17.9,19.5, 6.7, 25,     8,    11, 0.0000, 0.0000
M5,05/07/23,14:10:57,     2,  1312,   441,  987.5, 300,18.9,20.3, 0.0,  0, 0.0000,     0,17.9,19.5, 6.7, 25,     8,    12, 0.0000, 0.0000
M5,05/07/23,14:10:58,     2,  1313,   441,  987.5, 300,18.9,20.3, 0.0,  0, 0.0000,     0,17.9,19.5, 6.7, 25,     8,    13, 0.3462, 0.4999
M5,05/07/23,14:10:59,     2,  1314,   441,  987.5, 300,18.9,20.3, 0.0,  0, 0.0000,     0,17.9,19.5, 6.7, 25,     8,    14, 0.3468, 0.4046
M5,05/07/23,14:11:00,     2,  1315,   442,  987.5, 300,18.9,20.3, 0.0,  0, 0.0000,     0,17.9,19.5, 6.7, 25,     9,    15, 0.3843, 0.2924
M5,05/07/23,14:11:01,     2,  1316,   442,  987.5, 300,18.9,20.3, 0.0, 21, 0.0000,     0,17.9,19.5, 6.7, 25,     9,    16, 0.4227, 0.2466
M5,05/07/23,14:11:02,     2,  1317,   442,  987.5, 300,18.9,20.3, 0.0, 21, 0.0000,     0,17.9,19.6, 6.7, 25,    10,    17, 0.4375, 0.2834
M5,05/07/23,14:11:04,     2,  1318,   443,  987.5, 300,18.9,20.3, 0.0,  0, 0.0000,     0,17.9,19.6, 6.7, 25,    10,    18, 0.4430, 0.3317
M5,05/07/23,14:11:05,     2,  1319,   443,  987.5, 300,18.9,20.3, 0.0,  0, 0.0000,     0,17.9,19.6, 6.7, 25,    11,    19, 0.4544, 0.3383
M5,05/07/23,14:11:06,     2,  1320,   444,  987.5, 300,18.9,20.3, 0.0,  0, 0.0000,     0,17.9,19.6, 6.7, 25,    11,    20, 0.4579, 0.3610
M5,05/07/23,14:11:07,     2,  1321,   444,  987.5, 300,18.9,20.3, 0.0,  0, 0.0000,     0,17.9,19.6, 6.7, 25,    11,    21, 0.4587, 0.3872
M5,05/07/23,14:11:08,     2,  1322,   444,  987.5, 300,18.9,20.3, 0.0,  0, 0.0000,     0,17.9,19.6, 6.7, 25,    11,    22, 0.4500, 0.4296
M5,05/07/23,14:11:09,     2,  1323,   444,  987.5, 300,18.9,20.3, 0.0,  0, 0.0000,     0,17.9,19.6, 6.7, 25,    12,    23, 0.4381, 0.4718
M5,05/07/23,14:11:10,     2,  1324,   445,  987.5, 300,18.9,20.3, 0.0,  0, 0.0000,     0,17.9,19.6, 6.7, 25,    12,    24, 0.4296, 0.4904
M5,05/07/23,14:11:11,     2,  1325,   445,  987.5, 300,18.9,20.3, 0.0,  0, 0.0000,     0,17.9,19.6, 6.7, 25,    12,    25, 0.4242, 0.4969
M5,05/07/23,14:11:12,     2,  1326,   445,  987.5, 300,18.9,20.3, 0.0,  0, 0.0000,     0,17.9,19.6, 6.7, 25,    13,    26, 0.4197, 0.4958
M5,05/07/23,14:11:13,     2,  1327,   446,  987.5, 300,18.9,20.3, 0.0,  0, 0.0000,     0,17.9,19.6, 6.7, 25,    13,    27, 0.4194, 0.4789
M5,05/07/23,14:11:14,     2,  1328,   446,  987.5, 300,18.9,20.3, 0.0,  0, 0.0000,     0,17.9,19.6, 6.7, 25,    14,    28, 0.4195, 0.4673
M5,05/07/23,14:11:15,     2,  1329,   446,  987.5, 300,18.9,20.3, 0.0,  0, 0.0000,     0,17.9,19.6, 6.7, 25,    14,    29, 0.4166, 0.4688
M5,05/07/23,14:11:16,     2,  1330,   447,  987.5, 300,18.9,20.3, 0.0,  0, 0.0000,     0,17.9,19.7, 6.7, 25,    14,    30, 0.4170, 0.4585
M5,05/07/23,14:11:17,     2,  1331,   447,  987.5, 300,18.9,20.3, 0.0,  0, 0.0000,     0,17.9,19.7, 6.7, 25,    15,    31, 0.4172, 0.4509
M5,05/07/23,14:11:18,     2,  1332,   448,  987.5, 300,18.9,20.3, 0.0,  0, 0.0000,     0,17.9,19.7, 6.7, 25,    15,    32, 0.4219, 0.4302
M5,05/07/23,14:11:19,     2,  1333,   449,  987.5, 300,18.9,20.3, 0.0,  0, 0.0000,     0,17.9,19.7, 6.7, 25,    16,    33, 0.4294, 0.4033
M5,05/07/23,14:11:20,     2,  1334,   449,  987.5, 300,18.9,20.3, 0.0,  0, 0.0000,     0,17.9,19.7, 6.7, 25,    17,    34, 0.4386, 0.3744
M5,05/07/23,14:11:21,     2,  1335,   450,  987.5, 300,18.9,20.3, 0.0,  0, 0.0000,     0,17.9,19.7, 6.7, 25,    17,    35, 0.4459, 0.3587
M5,05/07/23,14:11:22,     2,  1336,   450,  987.5, 300,18.9,20.3, 0.0,  0, 0.0000,     0,17.9,19.7, 6.7, 25,    17,    36, 0.4512, 0.3518
M5,05/07/23,14:11:23,     2,  1337,   450,  987.5, 300,18.9,20.3, 0.0,  0, 0.0000,     0,17.9,19.7, 6.7, 25,    17,    37, 0.4537, 0.3564
M5,05/07/23,14:11:24,     2,  1338,   450,  987.5, 300,18.9,20.3, 0.0,  0, 0.0000,     0,17.9,19.7, 6.7, 25,    18,    38, 0.4557, 0.3627
M5,05/07/23,14:11:25,     2,  1339,   451,  987.5, 300,18.9,20.3, 0.0,  0, 0.0000,     0,17.9,19.7, 6.7, 25,    18,    39, 0.4569, 0.3702
M5,05/07/23,14:11:26,     2,  1340,   451,  987.5, 300,18.9,20.3, 0.0,  0, 0.0000,     0,17.9,19.7, 6.7, 25,    19,    40, 0.4602, 0.3692
M5,05/07/23,14:11:27,     2,  1341,   452,  987.5, 300,18.9,20.4, 0.0,  0, 0.0000,     0,17.9,19.7, 6.7, 25,    19,    41, 0.4639, 0.3673
M5,05/07/23,14:11:28,     2,  1342,   452,  987.5, 300,18.9,20.4, 0.0,  0, 0.0000,     0,17.9,19.7, 6.7, 25,    20,    42, 0.4666, 0.3689
M5,05/07/23,14:11:29,     2,  1343,   452,  987.5, 300,18.9,20.4, 0.0,  0, 0.0000,     0,17.9,19.7, 6.7, 25,    20,    43, 0.4674, 0.3766
M5,05/07/23,14:11:30,     2,  1344,   453,  987.5, 300,18.9,20.4, 0.0,  0, 0.0000,     0,17.9,19.7, 6.7, 25,    20,    44, 0.4679, 0.3849
M5,05/07/23,14:11:31,     2,  1345,   453,  987.5, 300,18.9,20.3, 0.0,  0, 0.0000,     0,17.9,19.7, 6.7, 25,    20,    45, 0.4677, 0.3929
M5,05/07/23,14:11:32,     2,  1346,   454,  987.5, 300,18.9,20.3, 0.0,  0, 0.0000,     0,17.9,19.7, 6.7, 25,    21,    46, 0.4686, 0.3977
M5,05/07/23,14:11:33,     2,  1347,   455,  987.5, 300,18.9,20.3, 0.0,  0, 0.0000,     0,17.9,19.7, 6.7, 25,    22,    47, 0.4716, 0.3940
M5,05/07/23,14:11:34,     2,  1348,   455,  987.5, 300,18.9,20.4, 0.0,  0, 0.0000,     0,17.9,19.7, 6.7, 25,    23,    48, 0.4757, 0.3876
M5,05/07/23,14:11:35,     2,  1349,   456,  987.5, 300,18.9,20.4, 0.0,  0, 0.0000,     0,17.9,19.7, 6.7, 25,    23,    49, 0.4788, 0.3847
M5,05/07/23,14:11:36,     2,  1350,   456,  987.5, 300,18.9,20.4, 0.0,  0, 0.0000,     0,17.9,19.7, 6.7, 25,    23,    50, 0.4819, 0.3818
M5,05/07/23,14:11:37,     2,  1351,   457,  987.5, 300,18.9,20.4, 0.0,  0, 0.0000,     0,17.9,19.7, 6.7, 25,    24,    51, 0.4851, 0.3794
M5,05/07/23,14:11:38,     2,  1352,   457,  987.5, 300,18.9,20.4, 0.0,  0, 0.0000,     0,17.9,19.7, 6.7, 25,    24,    52, 0.4871, 0.3822
M5,05/07/23,14:11:39,     2,  1353,   457,  987.5, 300,18.9,20.4, 0.0,  0, 0.0000,     0,17.9,19.7, 6.7, 25,    24,    53, 0.4879, 0.3886
M5,05/07/23,14:11:40,     2,  1354,   457,  987.5, 300,18.9,20.4, 0.0,  0, 0.0000,     0,17.9,19.7, 6.7, 25,    25,    54, 0.4883, 0.3954
M5,05/07/23,14:11:41,     2,  1355,   458,  987.5, 300,18.9,20.4, 0.0,  0, 0.0000,     0,17.9,19.7, 6.7, 25,    25,    55, 0.4884, 0.4024
M5,05/07/23,14:11:42,     2,  1356,   458,  987.5, 300,18.9,20.4, 0.0,  0, 0.0000,     0,17.9,19.7, 6.7, 25,    25,    56, 0.4884, 0.4096
M5,05/07/23,14:11:43,     2,  1357,   458,  987.5, 300,18.9,20.4, 0.0,  0, 0.0000,     0,17.9,19.7, 6.7, 25,    26,    57, 0.4887, 0.4148
M5,05/07/23,14:11:44,     2,  1358,   459,  987.5, 300,18.9,20.4, 0.0,  0, 0.0000,     0,17.9,19.7, 6.7, 25,    26,    58, 0.4893, 0.4184
M5,05/07/23,14:11:45,     2,  1359,   459,  987.5, 300,18.9,20.4, 0.0,  0, 0.0000,     0,17.9,19.7, 6.7, 25,    27,    59, 0.4897, 0.4226
M5,05/07/23,14:11:46,     2,  1360,   460,  987.5, 300,18.9,20.4, 0.0,  0, 0.0000,     0,17.9,19.7, 6.7, 25,    27,    60, 0.4898, 0.4270
R5,05/07/23,14:11:46,     2,  1360,   460,  987.5, 300,18.9,20.4, 0.0,  0, 0.0000,     0,17.9,19.7, 6.7, 25,    27,    60, 0.4898, 0.4270
End
Start
M5,05/07/23,14:12:31,     2,  1405,   426,  987.5, 300,18.9,20.4, 0.0,  0, 0.0000,     0,17.9,19.0, 6.7, 20,     5,     1, 0.0000, 0.0000
M5,05/07/23,14:12:32,     2,  1406,   430,  987.5, 300,18.9,20.4, 0.0,  0, 0.0000,     0,17.9,19.0, 6.7, 20,    10,     2, 0.0000, 0.0000
M5,05/07/23,14:12:33,     2,  1407,   433,  987.5, 300,18.9,20.4, 0.0,  0, 0.0000,     0,17.9,19.0, 6.7, 20,    13,     3, 0.0000, 0.0000
M5,05/07/23,14:12:34,     2,  1408,   435,  987.5, 300,18.9,20.4, 0.0,  0, 0.0000,     0,17.9,19.1, 6.7, 20,    15,     4, 0.0000, 0.0000
M5,05/07/23,14:12:35,     2,  1409,   436,  987.5, 300,18.9,20.4, 0.0,  0, 0.0000,     0,17.9,19.1, 6.7, 20,    16,     5, 0.0000, 0.0000
M5,05/07/23,14:12:36,     2,  1410,   437,  987.5, 300,18.9,20.4, 0.0,  0, 0.0000,     0,17.9,19.1, 6.7, 20,    17,     6, 0.0000, 0.0000
M5,05/07/23,14:12:37,     2,  1411,   438,  987.5, 300,18.9,20.4, 0.0,  0, 0.0000,     0,17.9,19.1, 6.7, 20,    18,     7, 0.0000, 0.0000
M5,05/07/23,14:12:38,     2,  1412,   438,  987.5, 300,18.9,20.4, 0.0,  0, 0.0000,     0,17.9,19.2, 6.7, 20,    18,     8, 0.0000, 0.0000
M5,05/07/23,14:12:39,     2,  1413,   438,  987.5, 300,18.9,20.4, 0.0,  0, 0.0000,     0,17.9,19.2, 6.7, 20,    18,     9, 0.0000, 0.0000
M5,05/07/23,14:12:40,     2,  1414,   439,  987.5, 300,18.9,20.4, 0.0,  0, 0.0000,     0,17.9,19.2, 6.7, 25,    19,    10, 0.0000, 0.0000
M5,05/07/23,14:12:41,     2,  1415,   439,  987.5, 300,18.9,20.4, 0.0,  0, 0.0000,     0,17.9,19.2, 6.7, 25,    19,    11, 0.0000, 0.0000
M5,05/07/23,14:12:42,     2,  1416,   439,  987.5, 300,18.9,20.4, 0.0,  0, 0.0000,     0,17.9,19.2, 6.7, 25,    19,    12, 0.0000, 0.0000
M5,05/07/23,14:12:43,     2,  1417,   440,  987.5, 300,18.9,20.4, 0.0, 21, 0.0000,     0,17.9,19.3, 6.7, 25,    20,    13, 0.4113, 0.1046
M5,05/07/23,14:12:44,     2,  1418,   440,  987.5, 300,18.9,20.4, 0.0, 21, 0.0000,     0,17.9,19.3, 6.7, 25,    20,    14, 0.4723, 0.1796
M5,05/07/23,14:12:45,     2,  1419,   441,  987.5, 300,18.9,20.5, 0.0, 21, 0.0000,     0,17.9,19.3, 6.7, 25,    21,    15, 0.5096, 0.2588
M5,05/07/23,14:12:46,     2,  1420,   441,  987.5, 300,18.9,20.5, 0.0, 21, 0.0000,     0,17.9,19.3, 6.7, 25,    21,    16, 0.5332, 0.3193
M5,05/07/23,14:12:47,     2,  1421,   442,  987.5, 300,18.9,20.4, 0.0, 21, 0.0000,     0,17.9,19.3, 6.7, 25,    22,    17, 0.5489, 0.3647
M5,05/07/23,14:12:48,     2,  1422,   442,  987.5, 300,18.9,20.4, 0.0,  0, 0.0000,     0,17.9,19.3, 6.7, 25,    22,    18, 0.5475, 0.4373
M5,05/07/23,14:12:49,     2,  1423,   443,  987.5, 300,18.9,20.4, 0.0,  0, 0.0000,     0,17.9,19.4, 6.7, 25,    22,    19, 0.5392, 0.4975
M5,05/07/23,14:12:50,     2,  1424,   443,  987.5, 300,18.9,20.5, 0.0,  0, 0.0000,     0,17.9,19.4, 6.7, 25,    23,    20, 0.5295, 0.5404
M5,05/07/23,14:12:51,     2,  1425,   443,  987.5, 300,18.9,20.5, 0.0,  0, 0.0000,     0,17.9,19.4, 6.7, 25,    23,    21, 0.5269, 0.5444
M5,05/07/23,14:12:52,     2,  1426,   444,  987.5, 300,18.9,20.5, 0.0,  0, 0.0000,     0,17.9,19.4, 6.7, 25,    23,    22, 0.5214, 0.5555
M5,05/07/23,14:12:53,     2,  1427,   444,  987.5, 300,18.9,20.5, 0.0,  0, 0.0000,     0,17.9,19.4, 6.7, 25,    24,    23, 0.5149, 0.5665
M5,05/07/23,14:12:54,     2,  1428,   444,  987.5, 300,18.9,20.5, 0.0,  0, 0.0000,     0,17.9,19.4, 6.7, 25,    24,    24, 0.5080, 0.5752
M5,05/07/23,14:12:55,     2,  1429,   445,  987.5, 300,18.9,20.5, 0.0,  0, 0.0000,     0,17.9,19.4, 6.7, 25,    25,    25, 0.5058, 0.5667
M5,05/07/23,14:12:56,     2,  1430,   445,  987.5, 300,18.9,20.4, 0.0,  0, 0.0000,     0,17.9,19.4, 6.7, 25,    25,    26, 0.5065, 0.5503
M5,05/07/23,14:12:57,     2,  1431,   446,  987.5, 300,18.9,20.4, 0.0,  0, 0.0000,     0,17.9,19.4, 6.7, 25,    26,    27, 0.5055, 0.5446
M5,05/07/23,14:12:58,     2,  1432,   446,  987.5, 300,18.9,20.4, 0.0,  0, 0.0000,     0,17.9,19.4, 6.7, 25,    26,    28, 0.5032, 0.5442
M5,05/07/23,14:12:59,     2,  1433,   447,  987.5, 300,18.9,20.5, 0.0,  0, 0.0000,     0,17.9,19.5, 6.7, 25,    26,    29, 0.5010, 0.5469
M5,05/07/23,14:13:00,     2,  1434,   447,  987.5, 300,18.9,20.5, 0.0,  0, 0.0000,     0,17.9,19.5, 6.7, 25,    26,    30, 0.4949, 0.5587
M5,05/07/23,14:13:01,     2,  1435,   447,  987.5, 300,18.9,20.5, 0.0,  0, 0.0000,     0,17.9,19.5, 6.7, 25,    27,    31, 0.4894, 0.5662
M5,05/07/23,14:13:02,     2,  1436,   447,  987.5, 300,18.9,20.5, 0.0,  0, 0.0000,     0,17.9,19.5, 6.7, 25,    27,    32, 0.4844, 0.5706
M5,05/07/23,14:13:03,     2,  1437,   448,  987.5, 300,18.9,20.4, 0.0,  0, 0.0000,     0,17.9,19.5, 6.7, 25,    28,    33, 0.4812, 0.5651
M5,05/07/23,14:13:04,     2,  1438,   448,  987.5, 300,18.9,20.4, 0.0,  0, 0.0000,     0,17.9,19.5, 6.7, 25,    28,    34, 0.4805, 0.5549
M5,05/07/23,14:13:05,     2,  1439,   449,  987.5, 300,18.9,20.4, 0.0,  0, 0.0000,     0,17.9,19.5, 6.7, 25,    29,    35, 0.4847, 0.5297
M5,05/07/23,14:13:06,     2,  1440,   450,  987.5, 300,18.9,20.5, 0.0,  0, 0.0000,     0,17.9,19.5, 6.7, 25,    30,    36, 0.4911, 0.5032
M5,05/07/23,14:13:07,     2,  1441,   450,  987.5, 300,18.9,20.5, 0.0,  0, 0.0000,     0,17.7,19.5, 6.7, 25,    30,    37, 0.4968, 0.4815
M5,05/07/23,14:13:08,     2,  1442,   451,  987.5, 300,18.9,20.5, 0.0,  0, 0.0000,     0,17.7,19.5, 6.7, 25,    30,    38, 0.4995, 0.4744
M5,05/07/23,14:13:09,     2,  1443,   451,  987.5, 300,18.9,20.5, 0.0,  0, 0.0000,     0,17.7,19.5, 6.7, 25,    30,    39, 0.4997, 0.4766
M5,05/07/23,14:13:10,     2,  1444,   451,  987.5, 300,19.0,20.5, 0.0,  0, 0.0000,     0,17.7,19.5, 6.7, 25,    31,    40, 0.4996, 0.4808
M5,05/07/23,14:13:11,     2,  1445,   451,  987.5, 300,19.0,20.5, 0.0,  0, 0.0000,     0,17.7,19.5, 6.7, 25,    31,    41, 0.4989, 0.4854
M5,05/07/23,14:13:12,     2,  1446,   452,  987.5, 300,19.0,20.5, 0.0,  0, 0.0000,     0,17.7,19.5, 6.7, 25,    32,    42, 0.4990, 0.4866
M5,05/07/23,14:13:13,     2,  1447,   452,  987.5, 300,19.0,20.5, 0.0,  0, 0.0000,     0,17.7,19.6, 6.7, 25,    32,    43, 0.4986, 0.4893
M5,05/07/23,14:13:14,     2,  1448,   453,  987.5, 300,19.0,20.5, 0.0,  0, 0.0000,     0,17.7,19.6, 6.7, 25,    32,    44, 0.4979, 0.4928
M5,05/07/23,14:13:15,     2,  1449,   453,  987.5, 300,19.0,20.5, 0.0,  0, 0.0000,     0,17.7,19.6, 6.7, 25,    33,    45, 0.4979, 0.4935
M5,05/07/23,14:13:16,     2,  1450,   453,  987.5, 300,19.0,20.5, 0.0,  0, 0.0000,     0,17.7,19.6, 6.7, 25,    33,    46, 0.4974, 0.4953
M5,05/07/23,14:13:17,     2,  1451,   454,  987.5, 300,19.0,20.5, 0.0,  0, 0.0000,     0,17.7,19.6, 6.7, 25,    34,    47, 0.4967, 0.4978
M5,05/07/23,14:13:18,     2,  1452,   454,  987.5, 300,19.0,20.5, 0.0,  0, 0.0000,     0,17.7,19.6, 6.7, 25,    34,    48, 0.4950, 0.5037
M5,05/07/23,14:13:19,     2,  1453,   454,  987.5, 300,19.0,20.5, 0.0,  0, 0.0000,     0,17.7,19.6, 6.7, 25,    34,    49, 0.4934, 0.5093
M5,05/07/23,14:13:20,     2,  1454,   455,  987.5, 300,19.0,20.5, 0.0,  0, 0.0000,     0,17.7,19.6, 6.7, 25,    34,    50, 0.4908, 0.5169
M5,05/07/23,14:13:21,     2,  1455,   455,  987.5, 300,19.0,20.5, 0.0,  0, 0.0000,     0,17.7,19.6, 6.7, 25,    35,    51, 0.4884, 0.5232
M5,05/07/23,14:13:22,     2,  1456,   455,  987.5, 300,19.0,20.5, 0.0,  0, 0.0000,     0,17.7,19.6, 6.7, 25,    35,    52, 0.4861, 0.5285
M5,05/07/23,14:13:23,     2,  1457,   456,  987.5, 300,19.0,20.5, 0.0,  0, 0.0000,     0,17.7,19.6, 6.7, 25,    35,    53, 0.4838, 0.5330
M5,05/07/23,14:13:24,     2,  1458,   456,  987.5, 300,19.0,20.5, 0.0,  0, 0.0000,     0,17.7,19.6, 6.7, 25,    36,    54, 0.4822, 0.5344
M5,05/07/23,14:13:25,     2,  1459,   456,  987.5, 300,19.0,20.5, 0.0,  0, 0.0000,     0,17.7,19.6, 6.7, 25,    36,    55, 0.4807, 0.5356
M5,05/07/23,14:13:26,     2,  1460,   457,  987.5, 300,19.0,20.5, 0.0,  0, 0.0000,     0,17.7,19.6, 6.7, 25,    37,    56, 0.4804, 0.5330
M5,05/07/23,14:13:27,     2,  1461,   458,  987.5, 300,19.0,20.5, 0.0,  0, 0.0000,     0,17.7,19.6, 6.7, 25,    37,    57, 0.4804, 0.5288
M5,05/07/23,14:13:28,     2,  1462,   458,  987.5, 300,19.0,20.5, 0.0,  0, 0.0000,     0,17.7,19.6, 6.7, 25,    38,    58, 0.4801, 0.5257
M5,05/07/23,14:13:29,     2,  1463,   458,  987.5, 300,19.0,20.5, 0.0,  0, 0.0000,     0,17.7,19.6, 6.7, 25,    38,    59, 0.4803, 0.5215
M5,05/07/23,14:13:30,     2,  1464,   459,  987.5, 300,19.0,20.5, 0.0,  0, 0.0000,     0,17.7,19.6, 6.7, 25,    38,    60, 0.4803, 0.5183
R5,05/07/23,14:13:30,     2,  1464,   459,  987.5, 300,19.0,20.5, 0.0,  0, 0.0000,     0,17.7,19.6, 6.7, 25,    38,    60, 0.4803, 0.5183
End
Start
M5,05/07/23,14:14:17,     2,  1510,   416,  987.5, 300,19.0,20.5, 0.0,  0, 0.0000,     0,17.7,19.1, 6.7, 20,     3,     1, 0.0000, 0.0000
M5,05/07/23,14:14:18,     2,  1511,   418,  987.5, 300,19.0,20.5, 0.0,  0, 0.0000,     0,17.7,19.1, 6.7, 20,     5,     2, 0.0000, 0.0000
M5,05/07/23,14:14:19,     2,  1512,   419,  987.5, 300,19.0,20.5, 0.0,  0, 0.0000,     0,17.7,19.1, 6.7, 20,     7,     3, 0.0000, 0.0000
M5,05/07/23,14:14:20,     2,  1513,   420,  987.5, 300,19.0,20.5, 0.0,  0, 0.0000,     0,17.7,19.2, 6.7, 20,     8,     4, 0.0000, 0.0000
M5,05/07/23,14:14:21,     2,  1514,   421,  987.5, 300,19.0,20.5, 0.0,  0, 0.0000,     0,17.7,19.2, 6.7, 20,     8,     5, 0.0000, 0.0000
M5,05/07/23,14:14:22,     2,  1515,   421,  987.5, 300,19.0,20.5, 0.0,  0, 0.0000,     0,17.7,19.2, 6.7, 20,     9,     6, 0.0000, 0.0000
M5,05/07/23,14:14:23,     2,  1516,   422,  987.5, 300,19.0,20.5, 0.0,  0, 0.0000,     0,17.7,19.2, 6.7, 20,     9,     7, 0.0000, 0.0000
M5,05/07/23,14:14:24,     2,  1517,   422,  987.5, 300,19.0,20.5, 0.0,  0, 0.0000,     0,17.7,19.2, 6.7, 20,     9,     8, 0.0000, 0.0000
M5,05/07/23,14:14:25,     2,  1518,   422,  987.5, 300,19.0,20.5, 0.0,  0, 0.0000,     0,17.7,19.3, 6.7, 20,    10,     9, 0.0000, 0.0000
M5,05/07/23,14:14:26,     2,  1519,   423,  987.5, 300,19.0,20.5, 0.0,  0, 0.0000,     0,17.7,19.3, 6.7, 25,    10,    10, 0.0000, 0.0000
M5,05/07/23,14:14:27,     2,  1520,   423,  987.5, 300,19.0,20.5, 0.0,  0, 0.0000,     0,17.7,19.3, 6.7, 25,    11,    11, 0.0000, 0.0000
M5,05/07/23,14:14:28,     2,  1521,   424,  987.5, 300,19.0,20.5, 0.0,  0, 0.0000,     0,17.7,19.3, 6.7, 25,    11,    12, 0.0000, 0.0000
M5,05/07/23,14:14:29,     2,  1522,   424,  987.5, 300,19.0,20.5, 0.0,  0, 0.0000,     0,17.7,19.3, 6.7, 25,    11,    13, 0.5472, 0.7025
M5,05/07/23,14:14:30,     2,  1523,   424,  987.5, 300,19.0,20.5, 0.0,  0, 0.0000,     0,17.7,19.3, 6.7, 25,    12,    14, 0.5061, 0.6826
M5,05/07/23,14:14:31,     2,  1524,   425,  987.5, 300,19.0,20.5, 0.0,  0, 0.0000,     0,17.7,19.4, 6.7, 25,    12,    15, 0.5089, 0.5829
M5,05/07/23,14:14:32,     2,  1525,   425,  987.5, 300,19.0,20.5, 0.0,  0, 0.0000,     0,17.7,19.4, 6.7, 25,    13,    16, 0.4986, 0.5723
M5,05/07/23,14:14:33,     2,  1526,   425,  987.5, 300,19.0,20.5, 0.0,  0, 0.0000,     0,17.7,19.4, 6.7, 25,    13,    17, 0.4864, 0.5720
M5,05/07/23,14:14:34,     2,  1527,   426,  987.5, 300,19.0,20.5, 0.0,  0, 0.0000,     0,17.7,19.4, 6.7, 25,    13,    18, 0.4761, 0.5699
M5,05/07/23,14:14:35,     2,  1528,   426,  987.5, 300,19.0,20.5, 0.0,  0, 0.0000,     0,17.7,19.4, 6.7, 25,    13,    19, 0.4554, 0.5940
M5,05/07/23,14:14:36,     2,  1529,   426,  987.5, 300,19.0,20.5, 0.0,  0, 0.0000,     0,17.7,19.4, 6.7, 25,    14,    20, 0.4418, 0.5861
M5,05/07/23,14:14:37,     2,  1530,   427,  987.5, 300,19.0,20.5, 0.0,  0, 0.0000,     0,17.7,19.4, 6.7, 25,    14,    21, 0.4407, 0.5470
M5,05/07/23,14:14:38,     2,  1531,   427,  987.5, 300,19.0,20.5, 0.0,  0, 0.0000,     0,17.7,19.4, 6.7, 25,    15,    22, 0.4455, 0.5035
M5,05/07/23,14:14:39,     2,  1532,   428,  987.5, 300,19.0,20.6, 0.0,  0, 0.0000,     0,17.7,19.5, 6.7, 25,    15,    23, 0.4600, 0.4484
M5,05/07/23,14:14:40,     2,  1533,   429,  987.5, 300,19.0,20.6, 0.0,  0, 0.0000,     0,17.7,19.5, 6.7, 25,    16,    24, 0.4774, 0.3963
M5,05/07/23,14:14:41,     2,  1534,   429,  987.5, 300,19.0,20.5, 0.0, 21, 0.0000,     0,17.7,19.5, 6.7, 25,    17,    25, 0.4956, 0.3532
M5,05/07/23,14:14:42,     2,  1535,   430,  987.5, 300,19.0,20.5, 0.0, 21, 0.0000,     0,17.7,19.5, 6.7, 25,    17,    26, 0.5149, 0.3216
M5,05/07/23,14:14:43,     2,  1536,   430,  987.5, 300,19.0,20.6, 0.0, 21, 0.0000,     0,17.7,19.5, 6.7, 25,    18,    27, 0.5271, 0.3245
M5,05/07/23,14:14:44,     2,  1537,   431,  987.5, 300,19.0,20.6, 0.0, 21, 0.0000,     0,17.7,19.5, 6.7, 25,    18,    28, 0.5333, 0.3429
M5,05/07/23,14:14:45,     2,  1538,   431,  987.5, 300,19.0,20.6, 0.0, 21, 0.0000,     0,17.7,19.5, 6.7, 25,    19,    29, 0.5390, 0.3591
M5,05/07/23,14:14:46,     2,  1539,   432,  987.5, 300,19.0,20.5, 0.0, 21, 0.0000,     0,17.7,19.5, 6.7, 25,    19,    30, 0.5464, 0.3644
M5,05/07/23,14:14:47,     2,  1540,   432,  987.5, 300,19.0,20.5, 0.0, 21, 0.0000,     0,17.7,19.5, 6.7, 25,    20,    31, 0.5553, 0.3650
M5,05/07/23,14:14:48,     2,  1541,   433,  987.5, 300,19.0,20.5, 0.0, 21, 0.0000,     0,17.7,19.5, 6.7, 25,    20,    32, 0.5585, 0.3853
M5,05/07/23,14:14:49,     2,  1542,   433,  987.5, 300,19.0,20.5, 0.0,  0, 0.0000,     0,17.7,19.5, 6.7, 25,    20,    33, 0.5553, 0.4231
M5,05/07/23,14:14:50,     2,  1543,   433,  987.5, 299,19.1,20.6, 0.0,  0, 0.0000,     0,17.7,19.6, 6.7, 25,    20,    34, 0.5501, 0.4631
M5,05/07/23,14:14:51,     2,  1544,   433,  987.5, 299,19.1,20.6, 0.0,  0, 0.0000,     0,17.7,19.6, 6.7, 25,    21,    35, 0.5461, 0.4894
M5,05/07/23,14:14:52,     2,  1545,   434,  987.5, 300,19.0,20.6, 0.0,  0, 0.0000,     0,17.7,19.6, 6.7, 25,    21,    36, 0.5432, 0.5062
M5,05/07/23,14:14:53,     2,  1546,   435,  987.5, 300,19.0,20.6, 0.0,  0, 0.0000,     0,17.7,19.6, 6.7, 25,    22,    37, 0.5430, 0.5115
M5,05/07/23,14:14:54,     2,  1547,   435,  987.5, 300,19.0,20.6, 0.0,  0, 0.0000,     0,17.7,19.6, 6.7, 25,    22,    38, 0.5419, 0.5195
M5,05/07/23,14:14:55,     2,  1548,   435,  987.5, 300,19.1,20.6, 0.0,  0, 0.0000,     0,17.7,19.6, 6.7, 25,    22,    39, 0.5391, 0.5335
M5,05/07/23,14:14:56,     2,  1549,   435,  987.5, 300,19.1,20.6, 0.0,  0, 0.0000,     0,17.7,19.6, 6.7, 25,    23,    40, 0.5358, 0.5459
M5,05/07/23,14:14:57,     2,  1550,   436,  987.5, 300,19.0,20.6, 0.0,  0, 0.0000,     0,17.7,19.6, 6.7, 25,    24,    41, 0.5344, 0.5485
M5,05/07/23,14:14:58,     2,  1551,   436,  987.5, 300,19.0,20.6, 0.0,  0, 0.0000,     0,17.7,19.6, 6.7, 25,    24,    42, 0.5328, 0.5526
M5,05/07/23,14:14:59,     2,  1552,   437,  987.5, 300,19.1,20.6, 0.0,  0, 0.0000,     0,17.7,19.6, 6.7, 25,    24,    43, 0.5312, 0.5578
M5,05/07/23,14:15:00,     2,  1553,   437,  987.5, 300,19.1,20.6, 0.0,  0, 0.0000,     0,17.7,19.6, 6.7, 25,    25,    44, 0.5308, 0.5559
M5,05/07/23,14:15:01,     2,  1554,   438,  987.5, 300,19.1,20.6, 0.0,  0, 0.0000,     0,17.7,19.6, 6.7, 25,    25,    45, 0.5309, 0.5528
M5,05/07/23,14:15:02,     2,  1555,   438,  987.5, 300,19.1,20.6, 0.0,  0, 0.0000,     0,17.7,19.6, 6.7, 25,    26,    46, 0.5304, 0.5519
M5,05/07/23,14:15:03,     2,  1556,   439,  987.5, 300,19.1,20.6, 0.0,  0, 0.0000,     0,17.7,19.6, 6.7, 25,    26,    47, 0.5296, 0.5528
M5,05/07/23,14:15:04,     2,  1557,   439,  987.5, 300,19.1,20.6, 0.0,  0, 0.0000,     0,17.7,19.6, 6.7, 25,    26,    48, 0.5274, 0.5574
M5,05/07/23,14:15:05,     2,  1558,   439,  987.5, 300,19.1,20.6, 0.0,  0, 0.0000,     0,17.7,19.6, 6.7, 25,    27,    49, 0.5253, 0.5622
M5,05/07/23,14:15:06,     2,  1559,   439,  987.5, 300,19.1,20.6, 0.0,  0, 0.0000,     0,17.7,19.6, 6.7, 25,    27,    50, 0.5233, 0.5672
M5,05/07/23,14:15:07,     2,  1560,   440,  987.5, 300,19.1,20.6, 0.0,  0, 0.0000,     0,17.7,19.6, 6.7, 25,    27,    51, 0.5210, 0.5717
M5,05/07/23,14:15:08,     2,  1561,   440,  987.5, 300,19.1,20.6, 0.0,  0, 0.0000,     0,17.7,19.6, 6.7, 25,    28,    52, 0.5185, 0.5759
M5,05/07/23,14:15:09,     2,  1562,   440,  987.5, 300,19.1,20.6, 0.0,  0, 0.0000,     0,17.7,19.6, 6.7, 25,    28,    53, 0.5156, 0.5821
M5,05/07/23,14:15:10,     2,  1563,   441,  987.5, 300,19.1,20.6, 0.0,  0, 0.0000,     0,17.7,19.6, 6.7, 25,    28,    54, 0.5132, 0.5851
M5,05/07/23,14:15:11,     2,  1564,   441,  987.5, 300,19.1,20.6, 0.0,  0, 0.0000,     0,17.7,19.6, 6.7, 25,    29,    55, 0.5110, 0.5878
M5,05/07/23,14:15:12,     2,  1565,   442,  987.5, 300,19.1,20.6, 0.0,  0, 0.0000,     0,17.7,19.6, 6.7, 25,    29,    56, 0.5097, 0.5861
M5,05/07/23,14:15:13,     2,  1566,   443,  987.5, 300,19.1,20.6, 0.0,  0, 0.0000,     0,17.7,19.6, 6.7, 25,    30,    57, 0.5100, 0.5792
M5,05/07/23,14:15:14,     2,  1567,   443,  987.5, 300,19.1,20.6, 0.0,  0, 0.0000,     0,17.7,19.6, 6.7, 25,    31,    58, 0.5110, 0.5702
M5,05/07/23,14:15:15,     2,  1568,   444,  987.5, 300,19.1,20.6, 0.0,  0, 0.0000,     0,17.7,19.6, 6.7, 25,    31,    59, 0.5124, 0.5597
M5,05/07/23,14:15:16,     2,  1569,   444,  987.5, 300,19.1,20.6, 0.0,  0, 0.0000,     0,17.7,19.7, 6.7, 25,    32,    60, 0.5141, 0.5500
R5,05/07/23,14:15:16,     2,  1569,   444,  987.5, 300,19.1,20.6, 0.0,  0, 0.0000,     0,17.7,19.7, 6.7, 25,    32,    60, 0.5141, 0.5500
End
Start
M5,05/07/23,14:16:00,     2,  1613,   409,  987.5, 300,19.1,20.6, 0.0,  0, 0.0000,     0,17.7,19.2, 6.7, 20,     1,     1, 0.0000, 0.0000
M5,05/07/23,14:16:01,     2,  1614,   410,  987.5, 300,19.1,20.6, 0.0,  0, 0.0000,     0,17.7,19.2, 6.7, 20,     1,     2, 0.0000, 0.0000
M5,05/07/23,14:16:02,     2,  1615,   410,  987.5, 300,19.1,20.6, 0.0,  0, 0.0000,     0,17.7,19.3, 6.7, 20,     2,     3, 0.0000, 0.0000
M5,05/07/23,14:16:03,     2,  1616,   411,  987.5, 300,19.1,20.6, 0.0,  0, 0.0000,     0,17.7,19.3, 6.7, 20,     2,     4, 0.0000, 0.0000
M5,05/07/23,14:16:04,     2,  1617,   411,  987.5, 300,19.1,20.6, 0.0,  0, 0.0000,     0,17.7,19.3, 6.7, 20,     3,     5, 0.0000, 0.0000
M5,05/07/23,14:16:05,     2,  1618,   412,  987.5, 300,19.1,20.6, 0.0,  0, 0.0000,     0,17.7,19.3, 6.7, 20,     3,     6, 0.0000, 0.0000
M5,05/07/23,14:16:06,     2,  1619,   412,  987.5, 300,19.1,20.6, 0.0,  0, 0.0000,     0,17.7,19.3, 6.7, 20,     4,     7, 0.0000, 0.0000
M5,05/07/23,14:16:07,     2,  1620,   413,  987.5, 300,19.1,20.6, 0.0,  0, 0.0000,     0,17.7,19.4, 6.7, 20,     4,     8, 0.0000, 0.0000
M5,05/07/23,14:16:08,     2,  1621,   413,  987.5, 300,19.1,20.6, 0.0,  0, 0.0000,     0,17.7,19.4, 6.7, 20,     5,     9, 0.0000, 0.0000
M5,05/07/23,14:16:09,     2,  1622,   413,  987.5, 300,19.1,20.6, 0.0,  0, 0.0000,     0,17.7,19.4, 6.7, 25,     5,    10, 0.0000, 0.0000
M5,05/07/23,14:16:10,     2,  1623,   413,  987.5, 300,19.1,20.6, 0.0,  0, 0.0000,     0,17.7,19.4, 6.7, 25,     5,    11, 0.0000, 0.0000
M5,05/07/23,14:16:11,     2,  1624,   414,  987.5, 300,19.1,20.6, 0.0,  0, 0.0000,     0,17.7,19.4, 6.7, 25,     6,    12, 0.0000, 0.0000
M5,05/07/23,14:16:12,     2,  1625,   414,  987.5, 300,19.1,20.6, 0.0, 21, 0.0000,     0,17.7,19.4, 6.7, 25,     6,    13, 0.4777, 0.1780
M5,05/07/23,14:16:13,     2,  1626,   415,  987.5, 300,19.1,20.6, 0.0, 21, 0.0000,     0,17.7,19.4, 6.7, 25,     7,    14, 0.5193, 0.2903
M5,05/07/23,14:16:14,     2,  1627,   415,  987.5, 300,19.1,20.6, 0.0, 21, 0.0000,     0,17.7,19.5, 6.7, 25,     7,    15, 0.5426, 0.3635
M5,05/07/23,14:16:15,     2,  1628,   416,  987.5, 300,19.1,20.6, 0.0,  0, 0.0000,     0,17.7,19.5, 6.7, 25,     7,    16, 0.5357, 0.4638
M5,05/07/23,14:16:16,     2,  1629,   416,  987.5, 300,19.1,20.6, 0.0,  0, 0.0000,     0,17.7,19.5, 6.7, 25,     8,    17, 0.5383, 0.4878
M5,05/07/23,14:16:17,     2,  1630,   417,  987.5, 300,19.1,20.6, 0.0,  0, 0.0000,     0,17.7,19.5, 6.7, 25,     8,    18, 0.5438, 0.4927
M5,05/07/23,14:16:18,     2,  1631,   417,  987.5, 300,19.0,20.6, 0.0,  0, 0.0000,     0,17.7,19.5, 6.7, 25,     9,    19, 0.5494, 0.4938
M5,05/07/23,14:16:19,     2,  1632,   418,  987.5, 300,19.0,20.6, 0.0,  0, 0.0000,     0,17.7,19.5, 6.7, 25,     9,    20, 0.5551, 0.4955
M5,05/07/23,14:16:20,     2,  1633,   418,  987.5, 299,19.0,20.6, 0.0,  0, 0.0000,     0,17.7,19.5, 6.7, 25,    10,    21, 0.5602, 0.4984
M5,05/07/23,14:16:21,     2,  1634,   419,  987.5, 300,19.0,20.6, 0.0,  0, 0.0000,     0,17.7,19.5, 6.7, 25,    10,    22, 0.5580, 0.5219
M5,05/07/23,14:16:22,     2,  1635,   419,  987.5, 300,19.1,20.7, 0.0,  0, 0.0000,     0,17.7,19.5, 6.7, 25,    11,    23, 0.5527, 0.5495
M5,05/07/23,14:16:23,     2,  1636,   419,  987.5, 300,19.1,20.7, 0.0,  0, 0.0000,     0,17.7,19.6, 6.7, 25,    11,    24, 0.5451, 0.5739
M5,05/07/23,14:16:24,     2,  1637,   420,  987.5, 300,19.1,20.7, 0.0,  0, 0.0000,     0,17.7,19.6, 6.7, 25,    11,    25, 0.5414, 0.5783
M5,05/07/23,14:16:25,     2,  1638,   420,  987.5, 300,19.1,20.7, 0.0,  0, 0.0000,     0,17.7,19.6, 6.7, 25,    12,    26, 0.5402, 0.5743
M5,05/07/23,14:16:26,     2,  1639,   421,  987.5, 300,19.1,20.7, 0.0,  0, 0.0000,     0,17.7,19.6, 6.7, 25,    12,    27, 0.5369, 0.5780
M5,05/07/23,14:16:27,     2,  1640,   421,  987.5, 300,19.1,20.7, 0.0,  0, 0.0000,     0,17.7,19.6, 6.7, 25,    13,    28, 0.5362, 0.5747
M5,05/07/23,14:16:28,     2,  1641,   422,  987.5, 300,19.1,20.7, 0.0,  0, 0.0000,     0,17.7,19.6, 6.7, 25,    13,    29, 0.5392, 0.5579
M5,05/07/23,14:16:29,     2,  1642,   422,  987.5, 300,19.1,20.7, 0.0,  0, 0.0000,     0,17.7,19.6, 6.7, 25,    14,    30, 0.5394, 0.5530
M5,05/07/23,14:16:30,     2,  1643,   423,  987.5, 300,19.1,20.7, 0.0,  0, 0.0000,     0,17.7,19.6, 6.7, 25,    14,    31, 0.5404, 0.5470
M5,05/07/23,14:16:32,     2,  1644,   423,  987.5, 300,19.1,20.7, 0.0,  0, 0.0000,     0,17.7,19.6, 6.7, 25,    15,    32, 0.5421, 0.5410
M5,05/07/23,14:16:33,     2,  1645,   423,  987.5, 300,19.1,20.7, 0.0,  0, 0.0000,     0,17.7,19.6, 6.7, 25,    15,    33, 0.5399, 0.5488
M5,05/07/23,14:16:34,     2,  1646,   424,  987.5, 300,19.1,20.7, 0.0,  0, 0.0000,     0,17.7,19.6, 6.7, 25,    15,    34, 0.5368, 0.5578
M5,05/07/23,14:16:35,     2,  1647,   424,  987.5, 300,19.1,20.7, 0.0,  0, 0.0000,     0,17.7,19.6, 6.7, 25,    16,    35, 0.5333, 0.5668
M5,05/07/23,14:16:36,     2,  1648,   424,  987.5, 300,19.1,20.7, 0.0,  0, 0.0000,     0,17.7,19.7, 6.7, 25,    16,    36, 0.5296, 0.5750
M5,05/07/23,14:16:37,     2,  1649,   424,  987.5, 300,19.1,20.7, 0.0,  0, 0.0000,     0,17.7,19.7, 6.7, 25,    16,    37, 0.5242, 0.5877
M5,05/07/23,14:16:38,     2,  1650,   425,  987.5, 300,19.1,20.7, 0.0,  0, 0.0000,     0,17.7,19.7, 6.7, 25,    16,    38, 0.5190, 0.5976
M5,05/07/23,14:16:39,     2,  1651,   425,  987.5, 300,19.1,20.7, 0.0,  0, 0.0000,     0,17.7,19.7, 6.7, 25,    17,    39, 0.5142, 0.6053
M5,05/07/23,14:16:40,     2,  1652,   425,  987.5, 300,19.1,20.7, 0.0,  0, 0.0000,     0,17.7,19.7, 6.7, 25,    17,    40, 0.5095, 0.6108
M5,05/07/23,14:16:41,     2,  1653,   426,  987.5, 300,19.1,20.7, 0.0,  0, 0.0000,     0,17.7,19.7, 6.7, 25,    18,    41, 0.5061, 0.6106
M5,05/07/23,14:16:42,     2,  1654,   427,  987.5, 300,19.1,20.7, 0.0,  0, 0.0000,     0,17.7,19.7, 6.7, 25,    18,    42, 0.5050, 0.6027
M5,05/07/23,14:16:43,     2,  1655,   427,  987.5, 300,19.1,20.7, 0.0,  0, 0.0000,     0,17.7,19.7, 6.7, 25,    19,    43, 0.5035, 0.5969
M5,05/07/23,14:16:44,     2,  1656,   427,  987.5, 300,19.1,20.7, 0.0,  0, 0.0000,     0,17.7,19.7, 6.7, 25,    19,    44, 0.5009, 0.5962
M5,05/07/23,14:16:45,     2,  1657,   427,  987.5, 300,19.1,20.7, 0.0,  0, 0.0000,     0,17.7,19.7, 6.7, 25,    19,    45, 0.4982, 0.5957
M5,05/07/23,14:16:46,     2,  1658,   428,  987.5, 300,19.1,20.7, 0.0,  0, 0.0000,     0,17.7,19.7, 6.7, 25,    20,    46, 0.4965, 0.5922
M5,05/07/23,14:16:47,     2,  1659,   428,  987.5, 300,19.1,20.7, 0.0,  0, 0.0000,     0,17.7,19.7, 6.7, 25,    20,    47, 0.4946, 0.5894
M5,05/07/23,14:16:48,     2,  1660,   429,  987.5, 300,19.1,20.7, 0.0,  0, 0.0000,     0,17.7,19.7, 6.7, 25,    20,    48, 0.4933, 0.5844
M5,05/07/23,14:16:49,     2,  1661,   429,  987.5, 299,19.1,20.7, 0.0,  0, 0.0000,     0,17.7,19.7, 6.7, 25,    21,    49, 0.4935, 0.5752
M5,05/07/23,14:16:50,     2,  1662,   430,  987.5, 300,19.1,20.7, 0.0,  0, 0.0000,     0,17.7,19.7, 6.7, 25,    22,    50, 0.4940, 0.5656
M5,05/07/23,14:16:51,     2,  1663,   431,  987.5, 300,19.1,20.7, 0.0,  0, 0.0000,     0,17.7,19.7, 6.7, 25,    22,    51, 0.4955, 0.5536
M5,05/07/23,14:16:52,     2,  1664,   431,  987.5, 300,19.1,20.7, 0.0,  0, 0.0000,     0,17.7,19.8, 6.7, 25,    22,    52, 0.4959, 0.5470
M5,05/07/23,14:16:53,     2,  1665,   431,  987.5, 300,19.1,20.7, 0.0,  0, 0.0000,     0,17.7,19.8, 6.7, 25,    23,    53, 0.4952, 0.5445
M5,05/07/23,14:16:54,     2,  1666,   431,  987.5, 300,19.1,20.7, 0.0,  0, 0.0000,     0,17.7,19.8, 6.7, 25,    23,    54, 0.4945, 0.5430
M5,05/07/23,14:16:55,     2,  1667,   432,  987.5, 300,19.1,20.7, 0.0,  0, 0.0000,     0,17.7,19.8, 6.7, 25,    23,    55, 0.4936, 0.5425
M5,05/07/23,14:16:56,     2,  1668,   432,  987.5, 300,19.1,20.7, 0.0,  0, 0.0000,     0,17.7,19.8, 6.7, 25,    24,    56, 0.4926, 0.5423
M5,05/07/23,14:16:57,     2,  1669,   432,  987.5, 300,19.1,20.7, 0.0,  0, 0.0000,     0,17.7,19.8, 6.7, 25,    24,    57, 0.4914, 0.5425
M5,05/07/23,14:16:58,     2,  1670,   433,  987.5, 300,19.1,20.7, 0.0,  0, 0.0000,     0,17.7,19.8, 6.7, 25,    24,    58, 0.4910, 0.5415
M5,05/07/23,14:16:59,     2,  1671,   433,  987.5, 300,19.1,20.7, 0.0,  0, 0.0000,     0,17.7,19.8, 6.7, 25,    25,    59, 0.4902, 0.5407
M5,05/07/23,14:17:00,     2,  1672,   434,  987.5, 300,19.1,20.7, 0.0,  0, 0.0000,     0,17.7,19.8, 6.7, 25,    25,    60, 0.4895, 0.5384
R5,05/07/23,14:17:00,     2,  1672,   434,  987.5, 300,19.1,20.7, 0.0,  0, 0.0000,     0,17.7,19.8, 6.7, 25,    25,    60, 0.4895, 0.5384
End
Start
M5,05/07/23,14:20:17,     3,  1868,   418,  987.4, 300,19.7,20.8, 0.0,  0, 0.0000,     0,17.7,19.7,15.9, 20,     2,     1, 0.0000, 0.0000
M5,05/07/23,14:20:18,     3,  1869,   419,  987.4, 300,19.7,20.8, 0.0,  0, 0.0000,     0,17.7,19.8,15.9, 20,     3,     2, 0.0000, 0.0000
M5,05/07/23,14:20:19,     3,  1870,   420,  987.4, 300,19.7,20.8, 0.0,  0, 0.0000,     0,17.7,19.8,15.9, 20,     5,     3, 0.0000, 0.0000
M5,05/07/23,14:20:20,     3,  1871,   422,  987.4, 300,19.7,20.8, 0.0,  0, 0.0000,     0,17.7,19.8,15.9, 20,     6,     4, 0.0000, 0.0000
M5,05/07/23,14:20:21,     3,  1872,   422,  987.5, 300,19.7,20.9, 0.0,  0, 0.0000,     0,17.7,19.8,15.9, 20,     6,     5, 0.0000, 0.0000
M5,05/07/23,14:20:22,     3,  1873,   423,  987.5, 300,19.7,20.9, 0.0,  0, 0.0000,     0,17.7,19.8,15.9, 20,     7,     6, 0.0000, 0.0000
M5,05/07/23,14:20:23,     3,  1874,   424,  987.5, 300,19.7,20.9, 0.0,  0, 0.0000,     0,17.7,19.8,15.9, 20,     8,     7, 0.0000, 0.0000
M5,05/07/23,14:20:24,     3,  1875,   424,  987.5, 300,19.7,20.9, 0.0,  0, 0.0000,     0,17.7,19.9,15.9, 20,     8,     8, 0.0000, 0.0000
M5,05/07/23,14:20:25,     3,  1876,   425,  987.5, 300,19.7,20.9, 0.0,  0, 0.0000,     0,17.7,19.9,15.9, 20,     9,     9, 0.0000, 0.0000
M5,05/07/23,14:20:26,     3,  1877,   425,  987.5, 300,19.7,20.8, 0.0,  0, 0.0000,     0,17.7,19.9,15.9, 25,     9,    10, 0.0000, 0.0000
M5,05/07/23,14:20:27,     3,  1878,   426,  987.5, 300,19.7,20.8, 0.0,  0, 0.0000,     0,17.7,19.9,15.9, 25,    10,    11, 0.0000, 0.0000
M5,05/07/23,14:20:28,     3,  1879,   427,  987.4, 300,19.7,20.8, 0.0,  0, 0.0000,     0,17.7,19.9,15.9, 25,    11,    12, 0.0000, 0.0000
M5,05/07/23,14:20:29,     3,  1880,   427,  987.4, 300,19.7,20.8, 0.0,  0, 0.0000,     0,17.7,19.9,15.9, 25,    11,    13, 0.8134, 0.8102
M5,05/07/23,14:20:30,     3,  1881,   428,  987.4, 300,19.7,20.9, 0.0,  0, 0.0000,     0,17.7,19.9,15.9, 25,    12,    14, 0.8141, 0.8164
M5,05/07/23,14:20:31,     3,  1882,   429,  987.4, 300,19.7,20.9, 0.0,  0, 0.0000,     0,17.7,19.9,15.9, 25,    13,    15, 0.8420, 0.7553
M5,05/07/23,14:20:32,     3,  1883,   429,  987.4, 300,19.7,20.9, 0.0,  0, 0.0000,     0,17.7,20.0,15.9, 25,    14,    16, 0.8485, 0.7801
M5,05/07/23,14:20:33,     3,  1884,   430,  987.4, 300,19.7,20.9, 0.0,  0, 0.0000,     0,17.7,20.0,15.9, 25,    14,    17, 0.8481, 0.8093
M5,05/07/23,14:20:34,     3,  1885,   431,  987.4, 300,19.7,20.9, 0.0,  0, 0.0000,     0,17.7,20.0,15.9, 25,    15,    18, 0.8318, 0.8665
M5,05/07/23,14:20:35,     3,  1886,   431,  987.4, 300,19.7,20.9, 0.0,  0, 0.0000,     0,17.7,20.0,15.9, 25,    16,    19, 0.8220, 0.8797
M5,05/07/23,14:20:36,     3,  1887,   432,  987.4, 300,19.7,20.9, 0.0,  0, 0.0000,     0,17.7,20.0,15.9, 25,    16,    20, 0.8072, 0.9036
M5,05/07/23,14:20:37,     3,  1888,   433,  987.4, 300,19.7,20.9, 0.0,  0, 0.0000,     0,17.7,20.0,15.9, 25,    17,    21, 0.7988, 0.8999
M5,05/07/23,14:20:38,     3,  1889,   433,  987.4, 300,19.7,20.9, 0.0,  0, 0.0000,     0,17.7,20.0,15.9, 25,    18,    22, 0.8009, 0.8660
M5,05/07/23,14:20:39,     3,  1890,   434,  987.4, 300,19.7,20.9, 0.0,  0, 0.0000,     0,17.7,20.0,15.9, 25,    19,    23, 0.8141, 0.8087
M5,05/07/23,14:20:40,     3,  1891,   435,  987.4, 300,19.7,20.9, 0.0,  0, 0.0000,     0,17.7,20.0,15.9, 25,    20,    24, 0.8329, 0.7515
M5,05/07/23,14:20:41,     3,  1892,   436,  987.4, 300,19.7,20.9, 0.0,  0, 0.0000,     0,17.7,20.1,15.9, 25,    20,    25, 0.8495, 0.7173
M5,05/07/23,14:20:42,     3,  1893,   437,  987.4, 300,19.7,20.9, 0.0,  0, 0.0000,     0,17.7,20.1,15.9, 25,    21,    26, 0.8559, 0.7237
M5,05/07/23,14:20:43,     3,  1894,   437,  987.4, 300,19.7,20.9, 0.0,  0, 0.0000,     0,17.5,20.1,15.9, 25,    22,    27, 0.8599, 0.7375
M5,05/07/23,14:20:44,     3,  1895,   438,  987.5, 300,19.7,20.9, 0.0,  0, 0.0000,     0,17.5,20.1,15.9, 25,    22,    28, 0.8590, 0.7648
M5,05/07/23,14:20:45,     3,  1896,   439,  987.5, 300,19.7,20.9, 0.0,  0, 0.0000,     0,17.5,20.1,15.9, 25,    23,    29, 0.8574, 0.7875
M5,05/07/23,14:20:46,     3,  1897,   439,  987.5, 300,19.7,20.9, 0.0,  0, 0.0000,     0,17.5,20.1,15.9, 25,    23,    30, 0.8560, 0.8058
M5,05/07/23,14:20:47,     3,  1898,   440,  987.5, 300,19.7,20.9, 0.0,  0, 0.0000,     0,17.5,20.1,15.9, 25,    24,    31, 0.8518, 0.8284
M5,05/07/23,14:20:48,     3,  1899,   440,  987.5, 300,19.7,20.9, 0.0,  0, 0.0000,     0,17.5,20.1,15.9, 25,    25,    32, 0.8482, 0.8443
M5,05/07/23,14:20:49,     3,  1900,   441,  987.5, 300,19.7,20.9, 0.0,  0, 0.0000,     0,17.5,20.1,15.9, 25,    25,    33, 0.8466, 0.8477
M5,05/07/23,14:20:50,     3,  1901,   442,  987.5, 300,19.7,20.9, 0.0,  0, 0.0000,     0,17.5,20.1,15.9, 25,    26,    34, 0.8456, 0.8511
M5,05/07/23,14:20:51,     3,  1902,   442,  987.5, 300,19.7,20.9, 0.0,  0, 0.0000,     0,17.5,20.1,15.9, 25,    27,    35, 0.8431, 0.8604
M5,05/07/23,14:20:52,     3,  1903,   443,  987.5, 300,19.7,20.9, 0.0,  0, 0.0000,     0,17.5,20.1,15.9, 25,    27,    36, 0.8423, 0.8607
M5,05/07/23,14:20:53,     3,  1904,   444,  987.5, 300,19.7,20.9, 0.0,  0, 0.0000,     0,17.5,20.1,15.9, 25,    28,    37, 0.8400, 0.8664
M5,05/07/23,14:20:54,     3,  1905,   444,  987.5, 300,19.7,20.9, 0.0,  0, 0.0000,     0,17.5,20.1,15.9, 25,    28,    38, 0.8366, 0.8749
M5,05/07/23,14:20:55,     3,  1906,   445,  987.5, 300,19.7,20.9, 0.0,  0, 0.0000,     0,17.5,20.2,15.9, 25,    29,    39, 0.8323, 0.8850
M5,05/07/23,14:20:56,     3,  1907,   445,  987.5, 300,19.7,20.9, 0.0,  0, 0.0000,     0,17.5,20.2,15.9, 25,    30,    40, 0.8288, 0.8911
M5,05/07/23,14:20:57,     3,  1908,   446,  987.5, 300,19.7,20.9, 0.0,  0, 0.0000,     0,17.5,20.2,15.9, 25,    31,    41, 0.8270, 0.8901
M5,05/07/23,14:20:58,     3,  1909,   447,  987.5, 300,19.7,20.9, 0.0,  0, 0.0000,     0,17.5,20.2,15.9, 25,    31,    42, 0.8250, 0.8877
M5,05/07/23,14:20:59,     3,  1910,   448,  987.5, 300,19.7,20.9, 0.0,  0, 0.0000,     0,17.5,20.2,15.9, 25,    32,    43, 0.8237, 0.8853
M5,05/07/23,14:21:00,     3,  1911,   448,  987.5, 300,19.7,20.9, 0.0,  0, 0.0000,     0,17.5,20.2,15.9, 25,    33,    44, 0.8230, 0.8829
M5,05/07/23,14:21:01,     3,  1912,   449,  987.5, 300,19.7,20.9, 0.0,  0, 0.0000,     0,17.5,20.2,15.9, 25,    33,    45, 0.8202, 0.8865
M5,05/07/23,14:21:02,     3,  1913,   449,  987.5, 300,19.7,20.9, 0.0,  0, 0.0000,     0,17.5,20.2,15.9, 25,    33,    46, 0.8170, 0.8913
M5,05/07/23,14:21:03,     3,  1914,   450,  987.5, 300,19.7,20.9, 0.0,  0, 0.0000,     0,17.5,20.2,15.9, 25,    34,    47, 0.8134, 0.8967
M5,05/07/23,14:21:04,     3,  1915,   450,  987.5, 300,19.7,20.9, 0.0,  0, 0.0000,     0,17.5,20.2,15.9, 25,    34,    48, 0.8096, 0.9023
M5,05/07/23,14:21:05,     3,  1916,   451,  987.5, 300,19.7,20.9, 0.0,  0, 0.0000,     0,17.5,20.2,15.9, 25,    35,    49, 0.8047, 0.9103
M5,05/07/23,14:21:06,     3,  1917,   451,  987.5, 300,19.7,20.9, 0.0,  0, 0.0000,     0,17.5,20.2,15.9, 25,    35,    50, 0.8008, 0.9149
M5,05/07/23,14:21:07,     3,  1918,   452,  987.5, 300,19.7,20.9, 0.0,  0, 0.0000,     0,17.5,20.2,15.9, 25,    36,    51, 0.7976, 0.9170
M5,05/07/23,14:21:08,     3,  1919,   452,  987.5, 300,19.7,20.9, 0.0,  0, 0.0000,     0,17.5,20.2,15.9, 25,    36,    52, 0.7935, 0.9215
M5,05/07/23,14:21:09,     3,  1920,   453,  987.5, 300,19.7,20.9, 0.0,  0, 0.0000,     0,17.5,20.2,15.9, 25,    37,    53, 0.7892, 0.9254
M5,05/07/23,14:21:10,     3,  1921,   453,  987.5, 300,19.7,20.9, 0.0,  0, 0.0000,     0,17.5,20.2,15.9, 25,    38,    54, 0.7857, 0.9269
M5,05/07/23,14:21:11,     3,  1922,   454,  987.5, 300,19.7,20.9, 0.0,  0, 0.0000,     0,17.5,20.2,15.9, 25,    38,    55, 0.7827, 0.9261
M5,05/07/23,14:21:12,     3,  1923,   455,  987.5, 300,19.7,20.9, 0.0,  0, 0.0000,     0,17.5,20.2,15.9, 25,    39,    56, 0.7800, 0.9235
M5,05/07/23,14:21:13,     3,  1924,   455,  987.5, 300,19.7,20.9, 0.0,  0, 0.0000,     0,17.5,20.2,15.9, 25,    40,    57, 0.7774, 0.9216
M5,05/07/23,14:21:14,     3,  1925,   456,  987.5, 300,19.7,20.9, 0.0,  0, 0.0000,     0,17.5,20.2,15.9, 25,    40,    58, 0.7748, 0.9204
M5,05/07/23,14:21:15,     3,  1926,   457,  987.5, 300,19.7,20.9, 0.0,  0, 0.0000,     0,17.5,20.2,15.9, 25,    41,    59, 0.7725, 0.9176
M5,05/07/23,14:21:16,     3,  1927,   457,  987.5, 300,19.7,20.9, 0.0,  0, 0.0000,     0,17.5,20.2,15.9, 25,    41,    60, 0.7707, 0.9135
R5,05/07/23,14:21:16,     3,  1927,   457,  987.5, 300,19.7,20.9, 0.0,  0, 0.0000,     0,17.5,20.2,15.9, 25,    41,    60, 0.7707, 0.9135
End
Start
M5,05/07/23,14:21:58,     3,  1969,   434,  987.5, 300,19.6,21.0, 0.0,  0, 0.0000,     0,17.5,19.6,15.9, 20,     2,     1, 0.0000, 0.0000
M5,05/07/23,14:21:59,     3,  1970,   435,  987.5, 300,19.6,21.0, 0.0,  0, 0.0000,     0,17.5,19.6,15.9, 20,     3,     2, 0.0000, 0.0000
M5,05/07/23,14:22:00,     3,  1971,   435,  987.5, 300,19.6,20.9, 0.0,  0, 0.0000,     0,17.5,19.7,15.9, 20,     4,     3, 0.0000, 0.0000
M5,05/07/23,14:22:01,     3,  1972,   436,  987.5, 300,19.6,20.9, 0.0,  0, 0.0000,     0,17.5,19.7,15.9, 20,     4,     4, 0.0000, 0.0000
M5,05/07/23,14:22:02,     3,  1973,   436,  987.5, 300,19.6,20.9, 0.0,  0, 0.0000,     0,17.5,19.7,15.9, 20,     5,     5, 0.0000, 0.0000
M5,05/07/23,14:22:04,     3,  1974,   437,  987.5, 300,19.6,20.9, 0.0,  0, 0.0000,     0,17.5,19.7,15.9, 20,     5,     6, 0.0000, 0.0000
M5,05/07/23,14:22:05,     3,  1975,   437,  987.5, 300,19.6,20.9, 0.0,  0, 0.0000,     0,17.5,19.7,15.9, 20,     6,     7, 0.0000, 0.0000
M5,05/07/23,14:22:06,     3,  1976,   438,  987.5, 300,19.6,21.0, 0.0,  0, 0.0000,     0,17.5,19.8,15.9, 20,     6,     8, 0.0000, 0.0000
M5,05/07/23,14:22:07,     3,  1977,   438,  987.5, 300,19.6,21.0, 0.0,  0, 0.0000,     0,17.5,19.8,15.9, 20,     7,     9, 0.0000, 0.0000
M5,05/07/23,14:22:08,     3,  1978,   439,  987.5, 300,19.6,21.0, 0.0,  0, 0.0000,     0,17.5,19.8,15.9, 25,     8,    10, 0.0000, 0.0000
M5,05/07/23,14:22:09,     3,  1979,   440,  987.5, 300,19.6,21.0, 0.0,  0, 0.0000,     0,17.5,19.8,15.9, 25,     8,    11, 0.0000, 0.0000
M5,05/07/23,14:22:10,     3,  1980,   440,  987.5, 300,19.6,21.0, 0.0,  0, 0.0000,     0,17.5,19.8,15.9, 25,     9,    12, 0.0000, 0.0000
M5,05/07/23,14:22:11,     3,  1981,   441,  987.5, 300,19.6,21.0, 0.0,  0, 0.0000,     0,17.5,19.8,15.9, 25,    10,    13, 0.8256, 0.8260
M5,05/07/23,14:22:12,     3,  1982,   442,  987.5, 300,19.6,21.0, 0.0,  0, 0.0000,     0,17.5,19.9,15.9, 25,    10,    14, 0.8236, 0.8286
M5,05/07/23,14:22:13,     3,  1983,   442,  987.5, 300,19.6,21.0, 0.0,  0, 0.0000,     0,17.5,19.9,15.9, 25,    11,    15, 0.7932, 0.8902
M5,05/07/23,14:22:14,     3,  1984,   443,  987.5, 300,19.6,21.0, 0.0,  0, 0.0000,     0,17.5,19.9,15.9, 25,    11,    16, 0.7617, 0.9180
M5,05/07/23,14:22:15,     3,  1985,   443,  987.5, 300,19.6,21.0, 0.0,  0, 0.0000,     0,17.5,19.9,15.9, 25,    12,    17, 0.7367, 0.9164
M5,05/07/23,14:22:16,     3,  1986,   443,  987.5, 300,19.6,21.0, 0.0,  0, 0.0000,     0,17.5,19.9,15.9, 25,    12,    18, 0.7030, 0.9372
M5,05/07/23,14:22:17,     3,  1987,   444,  987.5, 300,19.6,21.0, 0.0,  0, 0.0000,     0,17.5,19.9,15.9, 25,    13,    19, 0.6813, 0.9141
M5,05/07/23,14:22:18,     3,  1988,   445,  987.5, 300,19.6,21.0, 0.0,  0, 0.0000,     0,17.5,19.9,15.9, 25,    13,    20, 0.6761, 0.8553
M5,05/07/23,14:22:19,     3,  1989,   445,  987.5, 300,19.6,21.0, 0.0,  0, 0.0000,     0,17.5,19.9,15.9, 25,    14,    21, 0.6780, 0.7947
M5,05/07/23,14:22:20,     3,  1990,   446,  987.5, 300,19.6,21.0, 0.0,  0, 0.0000,     0,17.5,19.9,15.9, 25,    15,    22, 0.6842, 0.7443
M5,05/07/23,14:22:21,     3,  1991,   447,  987.5, 300,19.6,21.0, 0.0,  0, 0.0000,     0,17.5,19.9,15.9, 25,    15,    23, 0.6861, 0.7231
M5,05/07/23,14:22:22,     3,  1992,   447,  987.5, 300,19.6,21.0, 0.0,  0, 0.0000,     0,17.5,20.0,15.9, 25,    16,    24, 0.6912, 0.7002
M5,05/07/23,14:22:23,     3,  1993,   448,  987.5, 300,19.6,21.0, 0.0,  0, 0.0000,     0,17.5,20.0,15.9, 25,    17,    25, 0.6972, 0.6793
M5,05/07/23,14:22:24,     3,  1994,   449,  987.5, 300,19.6,21.0, 0.0,  0, 0.0000,     0,17.5,20.0,15.9, 25,    18,    26, 0.7118, 0.6361
M5,05/07/23,14:22:25,     3,  1995,   450,  987.5, 300,19.6,21.0, 0.0,  0, 0.0000,     0,17.5,20.0,15.9, 25,    18,    27, 0.7240, 0.6118
M5,05/07/23,14:22:26,     3,  1996,   450,  987.5, 300,19.6,21.0, 0.0,  0, 0.0000,     0,17.5,20.0,15.9, 25,    19,    28, 0.7277, 0.6209
M5,05/07/23,14:22:27,     3,  1997,   450,  987.5, 300,19.6,21.0, 0.0,  0, 0.0000,     0,17.5,20.0,15.9, 25,    19,    29, 0.7289, 0.6366
M5,05/07/23,14:22:28,     3,  1998,   451,  987.5, 300,19.6,21.0, 0.0,  0, 0.0000,     0,17.5,20.0,15.9, 25,    19,    30, 0.7255, 0.6643
M5,05/07/23,14:22:29,     3,  1999,   451,  987.5, 300,19.6,21.0, 0.0,  0, 0.0000,     0,17.5,20.0,15.9, 25,    20,    31, 0.7216, 0.6875
M5,05/07/23,14:22:30,     3,  2000,   452,  987.5, 300,19.6,21.0, 0.0,  0, 0.0000,     0,17.5,20.0,15.9, 25,    21,    32, 0.7198, 0.6990
M5,05/07/23,14:22:31,     3,  2001,   453,  987.5, 300,19.6,21.0, 0.0,  0, 0.0000,     0,17.5,20.0,15.9, 25,    21,    33, 0.7198, 0.7037
M5,05/07/23,14:22:32,     3,  2002,   454,  987.5, 300,19.6,21.0, 0.0,  0, 0.0000,     0,17.5,20.0,15.9, 25,    22,    34, 0.7243, 0.6905
M5,05/07/23,14:22:33,     3,  2003,   454,  987.5, 300,19.6,21.0, 0.0,  0, 0.0000,     0,17.5,20.0,15.9, 25,    23,    35, 0.7287, 0.6800
M5,05/07/23,14:22:34,     3,  2004,   455,  987.5, 300,19.6,21.0, 0.0,  0, 0.0000,     0,17.5,20.0,15.9, 25,    24,    36, 0.7329, 0.6719
M5,05/07/23,14:22:35,     3,  2005,   455,  987.5, 300,19.6,21.0, 0.0,  0, 0.0000,     0,17.5,20.1,15.9, 25,    24,    37, 0.7341, 0.6764
M5,05/07/23,14:22:36,     3,  2006,   456,  987.5, 300,19.6,21.0, 0.0,  0, 0.0000,     0,17.5,20.1,15.9, 25,    24,    38, 0.7329, 0.6883
M5,05/07/23,14:22:37,     3,  2007,   456,  987.5, 300,19.6,21.0, 0.0,  0, 0.0000,     0,17.5,20.1,15.9, 25,    25,    39, 0.7311, 0.7000
M5,05/07/23,14:22:38,     3,  2008,   457,  987.5, 300,19.6,21.0, 0.0,  0, 0.0000,     0,17.5,20.1,15.9, 25,    25,    40, 0.7288, 0.7111
M5,05/07/23,14:22:39,     3,  2009,   457,  987.5, 300,19.6,21.0, 0.0,  0, 0.0000,     0,17.5,20.1,15.9, 25,    26,    41, 0.7253, 0.7257
M5,05/07/23,14:22:40,     3,  2010,   458,  987.5, 300,19.6,21.0, 0.0,  0, 0.0000,     0,17.5,20.1,15.9, 25,    26,    42, 0.7220, 0.7381
M5,05/07/23,14:22:41,     3,  2011,   458,  987.5, 300,19.6,21.0, 0.0,  0, 0.0000,     0,17.5,20.1,15.9, 25,    27,    43, 0.7175, 0.7522
M5,05/07/23,14:22:42,     3,  2012,   458,  987.5, 300,19.6,21.0, 0.0,  0, 0.0000,     0,17.5,20.1,15.9, 25,    27,    44, 0.7135, 0.7636
M5,05/07/23,14:22:43,     3,  2013,   459,  987.5, 300,19.6,21.0, 0.0,  0, 0.0000,     0,17.5,20.1,15.9, 25,    28,    45, 0.7105, 0.7691
M5,05/07/23,14:22:44,     3,  2014,   460,  987.5, 300,19.6,21.0, 0.0,  0, 0.0000,     0,17.5,20.1,15.9, 25,    29,    46, 0.7093, 0.7672
M5,05/07/23,14:22:45,     3,  2015,   461,  987.5, 300,19.6,21.0, 0.0,  0, 0.0000,     0,17.5,20.1,15.9, 25,    29,    47, 0.7078, 0.7659
M5,05/07/23,14:22:46,     3,  2016,   461,  987.5, 300,19.6,21.0, 0.0,  0, 0.0000,     0,17.5,20.1,15.9, 25,    30,    48, 0.7055, 0.7684
M5,05/07/23,14:22:47,     3,  2017,   461,  987.5, 300,19.6,21.0, 0.0,  0, 0.0000,     0,17.5,20.1,15.9, 25,    30,    49, 0.7019, 0.7762
M5,05/07/23,14:22:48,     3,  2018,   462,  987.5, 300,19.6,21.0, 0.0,  0, 0.0000,     0,17.5,20.1,15.9, 25,    30,    50, 0.6984, 0.7820
M5,05/07/23,14:22:49,     3,  2019,   462,  987.5, 300,19.7,21.0, 0.0,  0, 0.0000,     0,17.5,20.1,15.9, 25,    31,    51, 0.6960, 0.7841
M5,05/07/23,14:22:50,     3,  2020,   463,  987.5, 300,19.7,21.0, 0.0,  0, 0.0000,     0,17.5,20.1,15.9, 25,    32,    52, 0.6949, 0.7804
M5,05/07/23,14:22:51,     3,  2021,   464,  987.5, 300,19.7,21.0, 0.0,  0, 0.0000,     0,17.5,20.1,15.9, 25,    32,    53, 0.6936, 0.7774
M5,05/07/23,14:22:52,     3,  2022,   464,  987.5, 300,19.7,21.0, 0.0,  0, 0.0000,     0,17.5,20.1,15.9, 25,    33,    54, 0.6923, 0.7748
M5,05/07/23,14:22:53,     3,  2023,   465,  987.5, 300,19.7,21.0, 0.0,  0, 0.0000,     0,17.5,20.1,15.9, 25,    33,    55, 0.6910, 0.7727
M5,05/07/23,14:22:54,     3,  2024,   465,  987.5, 300,19.7,21.0, 0.0,  0, 0.0000,     0,17.5,20.1,15.9, 25,    34,    56, 0.6909, 0.7668
M5,05/07/23,14:22:55,     3,  2025,   466,  987.5, 300,19.7,21.0, 0.0,  0, 0.0000,     0,17.5,20.1,15.9, 25,    35,    57, 0.6911, 0.7602
M5,05/07/23,14:22:56,     3,  2026,   467,  987.5, 300,19.7,21.0, 0.0,  0, 0.0000,     0,17.5,20.1,15.9, 25,    35,    58, 0.6904, 0.7566
M5,05/07/23,14:22:57,     3,  2027,   467,  987.5, 300,19.7,21.0, 0.0,  0, 0.0000,     0,17.5,20.1,15.9, 25,    36,    59, 0.6898, 0.7538
M5,05/07/23,14:22:58,     3,  2028,   467,  987.5, 300,19.7,21.0, 0.0,  0, 0.0000,     0,17.5,20.1,15.9, 25,    36,    60, 0.6888, 0.7535
R5,05/07/23,14:22:58,     3,  2028,   467,  987.5, 300,19.7,21.0, 0.0,  0, 0.0000,     0,17.5,20.1,15.9, 25,    36,    60, 0.6888, 0.7535
End
Start
M5,05/07/23,14:24:15,     3,  2105,   418,  987.5, 300,19.7,21.1, 0.0,  0, 0.0000,     0,17.3,19.8,16.0, 20,     1,     1, 0.0000, 0.0000
M5,05/07/23,14:24:16,     3,  2106,   419,  987.5, 300,19.7,21.1, 0.0,  0, 0.0000,     0,17.3,19.9,16.0, 20,     2,     2, 0.0000, 0.0000
M5,05/07/23,14:24:17,     3,  2107,   419,  987.5, 300,19.7,21.1, 0.0,  0, 0.0000,     0,17.3,19.9,16.0, 20,     3,     3, 0.0000, 0.0000
M5,05/07/23,14:24:18,     3,  2108,   420,  987.5, 300,19.7,21.1, 0.0,  0, 0.0000,     0,17.3,19.9,16.0, 20,     4,     4, 0.0000, 0.0000
M5,05/07/23,14:24:19,     3,  2109,   420,  987.5, 300,19.7,21.1, 0.0,  0, 0.0000,     0,17.3,19.9,16.0, 20,     4,     5, 0.0000, 0.0000
M5,05/07/23,14:24:20,     3,  2110,   421,  987.5, 300,19.7,21.1, 0.0,  0, 0.0000,     0,17.3,19.9,16.0, 20,     5,     6, 0.0000, 0.0000
M5,05/07/23,14:24:21,     3,  2111,   422,  987.5, 300,19.7,21.1, 0.0,  0, 0.0000,     0,17.3,20.0,16.0, 20,     6,     7, 0.0000, 0.0000
M5,05/07/23,14:24:22,     3,  2112,   423,  987.5, 300,19.7,21.1, 0.0,  0, 0.0000,     0,17.3,20.0,16.0, 20,     6,     8, 0.0000, 0.0000
M5,05/07/23,14:24:23,     3,  2113,   423,  987.5, 300,19.7,21.1, 0.0,  0, 0.0000,     0,17.3,20.0,16.0, 20,     7,     9, 0.0000, 0.0000
M5,05/07/23,14:24:24,     3,  2114,   424,  987.5, 300,19.7,21.1, 0.0,  0, 0.0000,     0,17.3,20.0,16.0, 25,     8,    10, 0.0000, 0.0000
M5,05/07/23,14:24:25,     3,  2115,   424,  987.5, 300,19.7,21.1, 0.0,  0, 0.0000,     0,17.3,20.0,16.0, 25,     8,    11, 0.0000, 0.0000
M5,05/07/23,14:24:26,     3,  2116,   425,  987.5, 300,19.7,21.1, 0.0,  0, 0.0000,     0,17.3,20.0,16.0, 25,     9,    12, 0.0000, 0.0000
M5,05/07/23,14:24:27,     3,  2117,   426,  987.5, 300,19.7,21.1, 0.0,  0, 0.0000,     0,17.3,20.1,16.0, 25,     9,    13, 0.7438, 0.5926
M5,05/07/23,14:24:28,     3,  2118,   426,  987.5, 300,19.7,21.1, 0.0,  0, 0.0000,     0,17.3,20.1,16.0, 25,    10,    14, 0.7647, 0.6490
M5,05/07/23,14:24:29,     3,  2119,   427,  987.5, 300,19.7,21.1, 0.0,  0, 0.0000,     0,17.3,20.1,16.0, 25,    11,    15, 0.7767, 0.6861
M5,05/07/23,14:24:30,     3,  2120,   428,  987.5, 300,19.7,21.1, 0.0,  0, 0.0000,     0,17.3,20.1,16.0, 25,    11,    16, 0.7850, 0.7097
M5,05/07/23,14:24:31,     3,  2121,   428,  987.5, 300,19.7,21.1, 0.0,  0, 0.0000,     0,17.3,20.1,16.0, 25,    12,    17, 0.7903, 0.7283
M5,05/07/23,14:24:32,     3,  2122,   429,  987.5, 300,19.7,21.1, 0.0,  0, 0.0000,     0,17.3,20.1,16.0, 25,    13,    18, 0.7806, 0.7777
M5,05/07/23,14:24:33,     3,  2123,   430,  987.5, 300,19.7,21.1, 0.0,  0, 0.0000,     0,17.3,20.1,16.0, 25,    13,    19, 0.7775, 0.7886
M5,05/07/23,14:24:34,     3,  2124,   430,  987.5, 300,19.7,21.1, 0.0,  0, 0.0000,     0,17.3,20.1,16.0, 25,    14,    20, 0.7679, 0.8125
M5,05/07/23,14:24:35,     3,  2125,   431,  987.5, 300,19.7,21.1, 0.0,  0, 0.0000,     0,17.3,20.2,16.0, 25,    14,    21, 0.7635, 0.8107
M5,05/07/23,14:24:36,     3,  2126,   432,  987.5, 300,19.7,21.1, 0.0,  0, 0.0000,     0,17.3,20.2,16.0, 25,    16,    22, 0.7761, 0.7605
M5,05/07/23,14:24:37,     3,  2127,   433,  987.5, 300,19.7,21.1, 0.0,  0, 0.0000,     0,17.3,20.2,16.0, 25,    16,    23, 0.7902, 0.7192
M5,05/07/23,14:24:38,     3,  2128,   433,  987.5, 300,19.7,21.1, 0.0,  0, 0.0000,     0,17.3,20.2,16.0, 25,    17,    24, 0.8054, 0.6892
M5,05/07/23,14:24:39,     3,  2129,   434,  987.5, 300,19.7,21.1, 0.0,  0, 0.0000,     0,17.3,20.2,16.0, 25,    18,    25, 0.8067, 0.7115
M5,05/07/23,14:24:40,     3,  2130,   435,  987.5, 300,19.7,21.1, 0.0,  0, 0.0000,     0,17.3,20.2,16.0, 25,    18,    26, 0.8081, 0.7293
M5,05/07/23,14:24:41,     3,  2131,   435,  987.5, 300,19.7,21.1, 0.0,  0, 0.0000,     0,17.3,20.2,16.0, 25,    19,    27, 0.8053, 0.7545
M5,05/07/23,14:24:42,     3,  2132,   436,  987.5, 300,19.7,21.1, 0.0,  0, 0.0000,     0,17.3,20.2,16.0, 25,    19,    28, 0.8032, 0.7704
M5,05/07/23,14:24:43,     3,  2133,   436,  987.5, 300,19.7,21.1, 0.0,  0, 0.0000,     0,17.3,20.2,16.0, 25,    20,    29, 0.8020, 0.7806
M5,05/07/23,14:24:44,     3,  2134,   437,  987.5, 300,19.7,21.1, 0.0,  0, 0.0000,     0,17.3,20.2,16.0, 25,    21,    30, 0.7986, 0.7958
M5,05/07/23,14:24:45,     3,  2135,   438,  987.5, 300,19.7,21.1, 0.0,  0, 0.0000,     0,17.3,20.2,16.0, 25,    21,    31, 0.7963, 0.8038
M5,05/07/23,14:24:46,     3,  2136,   438,  987.5, 300,19.7,21.1, 0.0,  0, 0.0000,     0,17.3,20.2,16.0, 25,    22,    32, 0.7926, 0.8153
M5,05/07/23,14:24:47,     3,  2137,   439,  987.5, 300,19.7,21.1, 0.0,  0, 0.0000,     0,17.3,20.2,16.0, 25,    22,    33, 0.7901, 0.8210
M5,05/07/23,14:24:49,     3,  2138,   439,  987.5, 300,19.7,21.1, 0.0,  0, 0.0000,     0,17.3,20.3,16.0, 25,    23,    34, 0.7883, 0.8227
M5,05/07/23,14:24:50,     3,  2139,   440,  987.5, 300,19.7,21.1, 0.0,  0, 0.0000,     0,17.3,20.3,16.0, 25,    24,    35, 0.7869, 0.8217
M5,05/07/23,14:24:51,     3,  2140,   441,  987.5, 300,19.7,21.1, 0.0,  0, 0.0000,     0,17.3,20.3,16.0, 25,    24,    36, 0.7862, 0.8194
M5,05/07/23,14:24:52,     3,  2141,   441,  987.5, 300,19.7,21.1, 0.0,  0, 0.0000,     0,17.3,20.3,16.0, 25,    25,    37, 0.7862, 0.8169
M5,05/07/23,14:24:53,     3,  2142,   442,  987.5, 300,19.7,21.1, 0.0,  0, 0.0000,     0,17.3,20.3,16.0, 25,    26,    38, 0.7846, 0.8183
M5,05/07/23,14:24:54,     3,  2143,   442,  987.5, 300,19.7,21.1, 0.0,  0, 0.0000,     0,17.3,20.3,16.0, 25,    26,    39, 0.7808, 0.8269
M5,05/07/23,14:24:55,     3,  2144,   443,  987.5, 300,19.7,21.1, 0.0,  0, 0.0000,     0,17.3,20.3,16.0, 25,    26,    40, 0.7768, 0.8356
M5,05/07/23,14:24:56,     3,  2145,   443,  987.5, 300,19.7,21.1, 0.0,  0, 0.0000,     0,17.3,20.3,16.0, 25,    27,    41, 0.7725, 0.8437
M5,05/07/23,14:24:57,     3,  2146,   444,  987.5, 300,19.7,21.1, 0.0,  0, 0.0000,     0,17.3,20.3,16.0, 25,    28,    42, 0.7704, 0.8434
M5,05/07/23,14:24:58,     3,  2147,   445,  987.5, 300,19.7,21.1, 0.0,  0, 0.0000,     0,17.3,20.3,16.0, 25,    28,    43, 0.7689, 0.8409
M5,05/07/23,14:24:59,     3,  2148,   445,  987.5, 300,19.7,21.1, 0.0,  0, 0.0000,     0,17.3,20.3,16.0, 25,    29,    44, 0.7678, 0.8369
M5,05/07/23,14:25:00,     3,  2149,   446,  987.5, 300,19.7,21.1, 0.0,  0, 0.0000,     0,17.3,20.3,16.0, 25,    30,    45, 0.7671, 0.8320
M5,05/07/23,14:25:01,     3,  2150,   447,  987.5, 300,19.7,21.1, 0.0,  0, 0.0000,     0,17.3,20.3,16.0, 25,    30,    46, 0.7660, 0.8299
M5,05/07/23,14:25:02,     3,  2151,   447,  987.5, 300,19.7,21.1, 0.0,  0, 0.0000,     0,17.3,20.3,16.0, 25,    31,    47, 0.7644, 0.8295
M5,05/07/23,14:25:03,     3,  2152,   448,  987.5, 300,19.7,21.1, 0.0,  0, 0.0000,     0,17.3,20.3,16.0, 25,    31,    48, 0.7624, 0.8302
M5,05/07/23,14:25:04,     3,  2153,   448,  987.5, 300,19.7,21.1, 0.0,  0, 0.0000,     0,17.3,20.3,16.0, 25,    32,    49, 0.7610, 0.8292
M5,05/07/23,14:25:05,     3,  2154,   449,  987.5, 300,19.7,21.1, 0.0,  0, 0.0000,     0,17.3,20.3,16.0, 25,    33,    50, 0.7592, 0.8293
M5,05/07/23,14:25:06,     3,  2155,   450,  987.5, 300,19.7,21.1, 0.0,  0, 0.0000,     0,17.3,20.3,16.0, 25,    33,    51, 0.7579, 0.8278
M5,05/07/23,14:25:07,     3,  2156,   450,  987.5, 300,19.7,21.1, 0.0,  0, 0.0000,     0,17.3,20.3,16.0, 25,    34,    52, 0.7569, 0.8251
M5,05/07/23,14:25:08,     3,  2157,   451,  987.5, 300,19.7,21.1, 0.0,  0, 0.0000,     0,17.3,20.3,16.0, 25,    35,    53, 0.7561, 0.8214
M5,05/07/23,14:25:09,     3,  2158,   452,  987.5, 300,19.7,21.1, 0.0,  0, 0.0000,     0,17.3,20.3,16.0, 25,    35,    54, 0.7557, 0.8172
M5,05/07/23,14:25:10,     3,  2159,   452,  987.5, 300,19.7,21.1, 0.0,  0, 0.0000,     0,17.3,20.3,16.0, 25,    36,    55, 0.7555, 0.8126
M5,05/07/23,14:25:11,     3,  2160,   453,  987.5, 300,19.7,21.1, 0.0,  0, 0.0000,     0,17.3,20.3,16.0, 25,    36,    56, 0.7552, 0.8101
M5,05/07/23,14:25:12,     3,  2161,   453,  987.5, 300,19.7,21.1, 0.0,  0, 0.0000,     0,17.3,20.3,16.0, 25,    37,    57, 0.7539, 0.8106
M5,05/07/23,14:25:13,     3,  2162,   453,  987.5, 300,19.8,21.1, 0.0,  0, 0.0000,     0,17.3,20.3,16.0, 25,    37,    58, 0.7520, 0.8138
M5,05/07/23,14:25:14,     3,  2163,   454,  987.5, 300,19.8,21.1, 0.0,  0, 0.0000,     0,17.3,20.4,16.0, 25,    38,    59, 0.7498, 0.8168
M5,05/07/23,14:25:15,     3,  2164,   455,  987.5, 300,19.8,21.1, 0.0,  0, 0.0000,     0,17.3,20.4,16.0, 25,    39,    60, 0.7486, 0.8162
R5,05/07/23,14:25:15,     3,  2164,   455,  987.5, 300,19.8,21.1, 0.0,  0, 0.0000,     0,17.3,20.4,16.0, 25,    39,    60, 0.7486, 0.8162
End
