Tag(M3),Date,Time,Plot_No,Rec_No,CO2,Pressure,Flow,H2O,Tsen,O2,Error,Aux_V,PAR,Tsoil,Tair,Msoil
Start
M5,25/07/23,14:52:04,     5,  1252,   417,  999.9, 300,22.5,26.6, 0.0,  0, 0.0000,     0,23.7,24.1,34.5, 20,     2,     1, 0.0000, 0.0000
M5,25/07/23,14:52:05,     5,  1253,   418,  999.9, 300,22.6,26.6, 0.0,  0, 0.0000,     0,23.7,24.1,34.5, 20,     3,     2, 0.0000, 0.0000
M5,25/07/23,14:52:06,     5,  1254,   419,  999.9, 300,22.6,26.6, 0.0,  0, 0.0000,     0,23.7,24.1,34.5, 20,     4,     3, 0.0000, 0.0000
M5,25/07/23,14:52:07,     5,  1255,   420,  999.9, 300,22.6,26.6, 0.0,  0, 0.0000,     0,23.7,24.1,34.5, 20,     5,     4, 0.0000, 0.0000
M5,25/07/23,14:52:08,     5,  1256,   420,  999.9, 300,22.7,26.6, 0.0,  0, 0.0000,     0,23.7,24.2,34.5, 20,     6,     5, 0.0000, 0.0000
M5,25/07/23,14:52:09,     5,  1257,   421,  999.9, 300,22.7,26.6, 0.0,  0, 0.0000,     0,23.7,24.2,34.5, 20,     6,     6, 0.0000, 0.0000
M5,25/07/23,14:52:10,     5,  1258,   422,  999.9, 300,22.8,26.6, 0.0,  0, 0.0000,     0,23.7,24.2,34.5, 20,     7,     7, 0.0000, 0.0000
M5,25/07/23,14:52:11,     5,  1259,   422,  999.9, 300,22.8,26.6, 0.0,  0, 0.0000,     0,23.7,24.2,34.5, 20,     8,     8, 0.0000, 0.0000
M5,25/07/23,14:52:12,     5,  1260,   423,  999.9, 300,22.9,26.6, 0.0,  0, 0.0000,     0,23.7,24.3,34.5, 20,     8,     9, 0.0000, 0.0000
M5,25/07/23,14:52:13,     5,  1261,   423,  999.9, 300,22.9,26.6, 0.0,  0, 0.0000,     0,23.7,24.3,34.5, 25,     9,    10, 0.0000, 0.0000
M5,25/07/23,14:52:14,     5,  1262,   424,  999.9, 300,22.9,26.6, 0.0,  0, 0.0000,     0,23.7,24.3,34.5, 25,     9,    11, 0.0000, 0.0000
M5,25/07/23,14:52:15,     5,  1263,   425,  999.9, 300,23.0,26.6, 0.0,  0, 0.0000,     0,23.7,24.3,34.5, 25,    10,    12, 0.0000, 0.0000
M5,25/07/23,14:52:16,     5,  1264,   425,  999.9, 300,23.0,26.6, 0.0,  0, 0.0000,     0,23.7,24.3,34.5, 25,    11,    13, 0.8054, 0.9485
M5,25/07/23,14:52:17,     5,  1265,   426,  999.9, 300,23.1,26.6, 0.0,  0, 0.0000,     0,23.7,24.4,34.5, 25,    11,    14, 0.7569, 0.9750
M5,25/07/23,14:52:18,     5,  1266,   427,  999.9, 300,23.1,26.6, 0.0,  0, 0.0000,     0,23.7,24.4,34.5, 25,    12,    15, 0.7410, 0.8766
M5,25/07/23,14:52:19,     5,  1267,   427,  999.9, 300,23.3,26.6, 0.0,  0, 0.0000,     0,23.7,24.4,34.5, 25,    12,    16, 0.7298, 0.8656
M5,25/07/23,14:52:20,     5,  1268,   428,  999.9, 300,23.3,26.6, 0.0,  0, 0.0000,     0,23.7,24.4,34.5, 25,    13,    17, 0.7235, 0.8102
M5,25/07/23,14:52:21,     5,  1269,   428,  999.9, 300,23.4,26.6, 0.0,  0, 0.0000,     0,23.7,24.4,34.5, 25,    14,    18, 0.7173, 0.8041
M5,25/07/23,14:52:22,     5,  1270,   429,  999.9, 300,23.4,26.6, 0.0,  0, 0.0000,     0,23.7,24.4,34.5, 25,    14,    19, 0.7246, 0.7426
M5,25/07/23,14:52:23,     5,  1271,   430,  999.9, 300,23.4,26.6, 0.0,  0, 0.0000,     0,23.7,24.5,34.5, 25,    15,    20, 0.7311, 0.7091
M5,25/07/23,14:52:24,     5,  1272,   430,  999.9, 300,23.5,26.6, 0.0,  0, 0.0000,     0,23.7,24.5,34.5, 25,    16,    21, 0.7422, 0.6969
M5,25/07/23,14:52:26,     5,  1273,   431,  999.9, 300,23.5,26.6, 0.0,  0, 0.0000,     0,23.7,24.5,34.5, 25,    16,    22, 0.7529, 0.6687
M5,25/07/23,14:52:27,     5,  1274,   432,  999.9, 300,23.6,26.6, 0.0,  0, 0.0000,     0,23.7,24.5,34.5, 25,    17,    23, 0.7687, 0.6457
M5,25/07/23,14:52:28,     5,  1275,   433,  999.9, 300,23.6,26.6, 0.0,  0, 0.0000,     0,23.7,24.5,34.5, 25,    18,    24, 0.7774, 0.6410
M5,25/07/23,14:52:29,     5,  1276,   433,  999.9, 300,23.7,26.6, 0.0,  0, 0.0000,     0,23.7,24.5,34.5, 25,    18,    25, 0.7821, 0.6648
M5,25/07/23,14:52:30,     5,  1277,   433,  999.9, 300,23.7,26.6, 0.0,  0, 0.0000,     0,23.7,24.5,34.5, 25,    19,    26, 0.7752, 0.7054
M5,25/07/23,14:52:31,     5,  1278,   434,  999.9, 300,23.7,26.6, 0.0,  0, 0.0000,     0,23.7,24.5,34.5, 25,    19,    27, 0.7671, 0.7400
M5,25/07/23,14:52:32,     5,  1279,   434,  999.9, 300,23.7,26.6, 0.0,  0, 0.0000,     0,23.7,24.6,34.5, 25,    20,    28, 0.7601, 0.7700
M5,25/07/23,14:52:33,     5,  1280,   435,  999.9, 300,23.7,26.6, 0.0,  0, 0.0000,     0,23.7,24.6,34.5, 25,    20,    29, 0.7475, 0.8045
M5,25/07/23,14:52:34,     5,  1281,   435,  999.9, 300,23.8,26.6, 0.0,  0, 0.0000,     0,23.7,24.6,34.5, 25,    21,    30, 0.7388, 0.8304
M5,25/07/23,14:52:35,     5,  1282,   436,  999.9, 300,23.8,26.6, 0.0,  0, 0.0000,     0,23.7,24.6,34.5, 25,    21,    31, 0.7284, 0.8452
M5,25/07/23,14:52:36,     5,  1283,   437,  999.9, 300,23.9,26.6, 0.0,  0, 0.0000,     0,23.7,24.6,34.5, 25,    22,    32, 0.7247, 0.8412
M5,25/07/23,14:52:37,     5,  1284,   437,  999.9, 300,23.9,26.6, 0.0,  0, 0.0000,     0,23.7,24.6,34.5, 25,    23,    33, 0.7212, 0.8307
M5,25/07/23,14:52:38,     5,  1285,   438,  999.9, 300,23.9,26.6, 0.0,  0, 0.0000,     0,23.7,24.6,34.5, 25,    23,    34, 0.7192, 0.8174
M5,25/07/23,14:52:39,     5,  1286,   439,  999.9, 300,24.0,26.6, 0.0,  0, 0.0000,     0,23.7,24.6,34.5, 25,    24,    35, 0.7197, 0.8047
M5,25/07/23,14:52:40,     5,  1287,   439,  999.9, 300,24.0,26.6, 0.0,  0, 0.0000,     0,23.7,24.6,34.5, 25,    24,    36, 0.7193, 0.7905
M5,25/07/23,14:52:41,     5,  1288,   440,  999.9, 300,24.0,26.6, 0.0,  0, 0.0000,     0,23.7,24.6,34.5, 25,    25,    37, 0.7208, 0.7782
M5,25/07/23,14:52:42,     5,  1289,   441,  999.9, 300,24.0,26.6, 0.0,  0, 0.0000,     0,23.7,24.6,34.5, 25,    26,    38, 0.7227, 0.7607
M5,25/07/23,14:52:43,     5,  1290,   441,  999.8, 300,24.1,26.6, 0.0,  0, 0.0000,     0,23.7,24.6,34.5, 25,    27,    39, 0.7259, 0.7469
M5,25/07/23,14:52:44,     5,  1291,   442,  999.8, 300,24.1,26.6, 0.0,  0, 0.0000,     0,23.7,24.7,34.5, 25,    27,    40, 0.7291, 0.7300
M5,25/07/23,14:52:45,     5,  1292,   443,  999.8, 300,24.1,26.6, 0.0,  0, 0.0000,     0,23.7,24.7,34.5, 25,    28,    41, 0.7316, 0.7211
M5,25/07/23,14:52:46,     5,  1293,   443,  999.8, 300,24.1,26.6, 0.0,  0, 0.0000,     0,23.7,24.7,34.5, 25,    29,    42, 0.7333, 0.7131
M5,25/07/23,14:52:47,     5,  1294,   444,  999.8, 300,24.1,26.6, 0.0,  0, 0.0000,     0,23.7,24.7,34.5, 25,    29,    43, 0.7341, 0.7099
M5,25/07/23,14:52:48,     5,  1295,   444,  999.8, 300,24.2,26.6, 0.0,  0, 0.0000,     0,23.7,24.7,34.5, 25,    30,    44, 0.7349, 0.7111
M5,25/07/23,14:52:49,     5,  1296,   445,  999.8, 300,24.2,26.6, 0.0,  0, 0.0000,     0,23.7,24.7,34.5, 25,    30,    45, 0.7343, 0.7136
M5,25/07/23,14:52:50,     5,  1297,   446,  999.8, 300,24.2,26.6, 0.0,  0, 0.0000,     0,23.7,24.7,34.5, 25,    31,    46, 0.7355, 0.7125
M5,25/07/23,14:52:51,     5,  1298,   447,  999.8, 300,24.2,26.6, 0.0,  0, 0.0000,     0,23.7,24.7,34.5, 25,    32,    47, 0.7377, 0.7046
M5,25/07/23,14:52:52,     5,  1299,   448,  999.8, 300,24.3,26.6, 0.0,  0, 0.0000,     0,23.7,24.7,34.5, 25,    33,    48, 0.7419, 0.6933
M5,25/07/23,14:52:53,     5,  1300,   449,  999.8, 300,24.3,26.6, 0.0,  0, 0.0000,     0,23.7,24.7,34.5, 25,    34,    49, 0.7460, 0.6810
M5,25/07/23,14:52:54,     5,  1301,   450,  999.8, 300,24.3,26.6, 0.0,  0, 0.0000,     0,23.7,24.7,34.5, 25,    35,    50, 0.7510, 0.6667
M5,25/07/23,14:52:55,     5,  1302,   450,  999.8, 300,24.3,26.6, 0.0,  0, 0.0000,     0,23.7,24.7,34.5, 25,    35,    51, 0.7552, 0.6590
M5,25/07/23,14:52:56,     5,  1303,   451,  999.8, 300,24.3,26.6, 0.0,  0, 0.0000,     0,23.7,24.7,34.5, 25,    36,    52, 0.7592, 0.6509
M5,25/07/23,14:52:57,     5,  1304,   452,  999.8, 300,24.3,26.6, 0.0,  0, 0.0000,     0,23.7,24.7,34.5, 25,    37,    53, 0.7634, 0.6459
M5,25/07/23,14:52:58,     5,  1305,   452,  999.8, 300,24.3,26.6, 0.0,  0, 0.0000,     0,23.7,24.7,34.5, 25,    38,    54, 0.7666, 0.6423
M5,25/07/23,14:52:59,     5,  1306,   453,  999.9, 300,24.4,26.6, 0.0,  0, 0.0000,     0,23.7,24.7,34.5, 25,    38,    55, 0.7692, 0.6429
M5,25/07/23,14:53:00,     5,  1307,   454,  999.9, 300,24.4,26.6, 0.0,  0, 0.0000,     0,23.7,24.7,34.5, 25,    39,    56, 0.7718, 0.6420
M5,25/07/23,14:53:01,     5,  1308,   454,  999.9, 300,24.4,26.6, 0.0,  0, 0.0000,     0,23.7,24.7,34.7, 25,    40,    57, 0.7742, 0.6422
M5,25/07/23,14:53:02,     5,  1309,   455,  999.9, 300,24.4,26.6, 0.0,  0, 0.0000,     0,23.7,24.7,34.7, 25,    40,    58, 0.7768, 0.6438
M5,25/07/23,14:53:03,     5,  1310,   456,  999.9, 300,24.4,26.6, 0.0,  0, 0.0000,     0,23.7,24.7,34.7, 25,    41,    59, 0.7791, 0.6438
M5,25/07/23,14:53:04,     5,  1311,   456,  999.9, 300,24.4,26.6, 0.0,  0, 0.0000,     0,23.7,24.7,34.7, 25,    42,    60, 0.7815, 0.6449
R5,25/07/23,14:53:04,     5,  1311,   456,  999.9, 300,24.4,26.6, 0.0,  0, 0.0000,     0,23.7,24.7,34.7, 25,    42,    60, 0.7815, 0.6449
End
Start
M5,25/07/23,14:53:50,     5,  1357,   410,  999.8, 300,23.6,26.6, 0.0,  0, 0.0000,     0,23.5,24.2,34.7, 20,     1,     1, 0.0000, 0.0000
M5,25/07/23,14:53:51,     5,  1358,   411,  999.8, 300,23.6,26.6, 0.0,  0, 0.0000,     0,23.5,24.2,34.7, 20,     2,     2, 0.0000, 0.0000
M5,25/07/23,14:53:52,     5,  1359,   412,  999.8, 300,23.5,26.6, 0.0,  0, 0.0000,     0,23.5,24.2,34.7, 20,     3,     3, 0.0000, 0.0000
M5,25/07/23,14:53:53,     5,  1360,   413,  999.8, 300,23.5,26.6, 0.0,  0, 0.0000,     0,23.5,24.3,34.7, 20,     4,     4, 0.0000, 0.0000
M5,25/07/23,14:53:54,     5,  1361,   414,  999.8, 300,23.5,26.6, 0.0,  0, 0.0000,     0,23.5,24.3,34.7, 20,     5,     5, 0.0000, 0.0000
M5,25/07/23,14:53:55,     5,  1362,   414,  999.8, 300,23.5,26.6, 0.0,  0, 0.0000,     0,23.5,24.3,34.7, 20,     5,     6, 0.0000, 0.0000
M5,25/07/23,14:53:56,     5,  1363,   415,  999.8, 300,23.5,26.6, 0.0,  0, 0.0000,     0,23.5,24.3,34.7, 20,     6,     7, 0.0000, 0.0000
M5,25/07/23,14:53:57,     5,  1364,   415,  999.8, 300,23.6,26.6, 0.0,  0, 0.0000,     0,23.5,24.3,34.7, 20,     6,     8, 0.0000, 0.0000
M5,25/07/23,14:53:58,     5,  1365,   416,  999.8, 300,23.6,26.6, 0.0,  0, 0.0000,     0,23.5,24.4,34.7, 20,     7,     9, 0.0000, 0.0000
M5,25/07/23,14:53:59,     5,  1366,   416,  999.8, 300,23.6,26.7, 0.0,  0, 0.0000,     0,23.5,24.4,34.7, 25,     7,    10, 0.0000, 0.0000
M5,25/07/23,14:54:00,     5,  1367,   416,  999.8, 303,23.6,26.7, 0.0,  0, 0.0000,     0,23.5,24.4,34.7, 25,     8,    11, 0.0000, 0.0000
M5,25/07/23,14:54:01,     5,  1368,   417,  999.8, 303,23.7,26.7, 0.0,  0, 0.0000,     0,23.5,24.4,34.7, 25,     8,    12, 0.0000, 0.0000
M5,25/07/23,14:54:02,     5,  1369,   418,  999.8, 301,23.7,26.7, 0.0, 21, 0.0000,     0,23.5,24.4,34.7, 25,     9,    13, 0.5811, 0.2947
M5,25/07/23,14:54:03,     5,  1370,   418,  999.8, 300,23.7,26.7, 0.0,  0, 0.0000,     0,23.5,24.4,34.7, 25,     9,    14, 0.5984, 0.4336
M5,25/07/23,14:54:04,     5,  1371,   419,  999.8, 300,23.7,26.6, 0.0,  0, 0.0000,     0,23.5,24.5,34.7, 25,    10,    15, 0.6059, 0.5197
M5,25/07/23,14:54:05,     5,  1372,   419,  999.8, 300,23.7,26.6, 0.0,  0, 0.0000,     0,23.5,24.5,34.7, 25,    10,    16, 0.6234, 0.5130
M5,25/07/23,14:54:06,     5,  1373,   420,  999.8, 300,23.8,26.7, 0.0,  0, 0.0000,     0,23.5,24.5,34.7, 25,    11,    17, 0.6498, 0.5128
M5,25/07/23,14:54:07,     5,  1374,   421,  999.8, 300,23.8,26.7, 0.0, 21, 0.0000,     0,23.5,24.5,34.7, 25,    12,    18, 0.6783, 0.4824
M5,25/07/23,14:54:08,     5,  1375,   421,  999.8, 300,23.9,26.6, 0.0, 21, 0.0000,     0,23.5,24.5,34.7, 25,    12,    19, 0.7023, 0.4952
M5,25/07/23,14:54:09,     5,  1376,   422,  999.8, 300,23.9,26.6, 0.0,  0, 0.0000,     0,23.5,24.5,34.7, 25,    13,    20, 0.7158, 0.5159
M5,25/07/23,14:54:10,     5,  1377,   422,  999.8, 300,23.9,26.6, 0.0,  0, 0.0000,     0,23.5,24.5,34.7, 25,    14,    21, 0.7184, 0.5617
M5,25/07/23,14:54:11,     5,  1378,   423,  999.8, 300,24.0,26.6, 0.0,  0, 0.0000,     0,23.5,24.6,34.7, 25,    14,    22, 0.7189, 0.6126
M5,25/07/23,14:54:12,     5,  1379,   423,  999.8, 300,24.0,26.6, 0.0,  0, 0.0000,     0,23.5,24.6,34.7, 25,    15,    23, 0.7128, 0.6534
M5,25/07/23,14:54:13,     5,  1380,   424,  999.8, 300,24.1,26.7, 0.0,  0, 0.0000,     0,23.5,24.6,34.7, 25,    15,    24, 0.7102, 0.6862
M5,25/07/23,14:54:14,     5,  1381,   424,  999.8, 300,24.1,26.7, 0.0,  0, 0.0000,     0,23.5,24.6,34.7, 25,    15,    25, 0.6988, 0.7229
M5,25/07/23,14:54:15,     5,  1382,   425,  999.8, 300,24.2,26.7, 0.0,  0, 0.0000,     0,23.5,24.6,34.7, 25,    16,    26, 0.6876, 0.7610
M5,25/07/23,14:54:16,     5,  1383,   425,  999.8, 300,24.2,26.7, 0.0,  0, 0.0000,     0,23.5,24.6,34.7, 25,    16,    27, 0.6759, 0.7798
M5,25/07/23,14:54:17,     5,  1384,   426,  999.8, 300,24.2,26.6, 0.0,  0, 0.0000,     0,23.5,24.6,34.7, 25,    17,    28, 0.6675, 0.7898
M5,25/07/23,14:54:18,     5,  1385,   426,  999.8, 300,24.2,26.6, 0.0,  0, 0.0000,     0,23.5,24.6,34.7, 25,    17,    29, 0.6618, 0.7823
M5,25/07/23,14:54:19,     5,  1386,   427,  999.8, 300,24.2,26.6, 0.0,  0, 0.0000,     0,23.5,24.6,34.7, 25,    18,    30, 0.6592, 0.7663
M5,25/07/23,14:54:20,     5,  1387,   427,  999.8, 300,24.3,26.6, 0.0,  0, 0.0000,     0,23.5,24.6,34.7, 25,    19,    31, 0.6581, 0.7565
M5,25/07/23,14:54:21,     5,  1388,   428,  999.8, 300,24.3,26.6, 0.0,  0, 0.0000,     0,23.5,24.7,34.7, 25,    19,    32, 0.6571, 0.7406
M5,25/07/23,14:54:22,     5,  1389,   429,  999.8, 300,24.4,26.6, 0.0,  0, 0.0000,     0,23.5,24.7,34.7, 25,    20,    33, 0.6570, 0.7311
M5,25/07/23,14:54:23,     5,  1390,   429,  999.8, 300,24.4,26.6, 0.0,  0, 0.0000,     0,23.5,24.7,34.7, 25,    20,    34, 0.6568, 0.7173
M5,25/07/23,14:54:24,     5,  1391,   430,  999.8, 300,24.4,26.7, 0.0,  0, 0.0000,     0,23.5,24.7,34.7, 25,    21,    35, 0.6610, 0.6984
M5,25/07/23,14:54:25,     5,  1392,   431,  999.8, 300,24.4,26.7, 0.0,  0, 0.0000,     0,23.5,24.7,34.7, 25,    22,    36, 0.6670, 0.6694
M5,25/07/23,14:54:26,     5,  1393,   432,  999.8, 300,24.4,26.7, 0.0,  0, 0.0000,     0,23.3,24.7,34.7, 25,    23,    37, 0.6727, 0.6467
M5,25/07/23,14:54:27,     5,  1394,   433,  999.8, 300,24.5,26.7, 0.0,  0, 0.0000,     0,23.3,24.7,34.7, 25,    24,    38, 0.6802, 0.6254
M5,25/07/23,14:54:28,     5,  1395,   433,  999.8, 300,24.5,26.7, 0.0,  0, 0.0000,     0,23.3,24.7,34.7, 25,    24,    39, 0.6849, 0.6131
M5,25/07/23,14:54:29,     5,  1396,   434,  999.8, 300,24.5,26.7, 0.0,  0, 0.0000,     0,23.3,24.7,34.7, 25,    25,    40, 0.6903, 0.6048
M5,25/07/23,14:54:30,     5,  1397,   434,  999.8, 300,24.5,26.7, 0.0,  0, 0.0000,     0,23.3,24.7,34.7, 25,    25,    41, 0.6944, 0.5979
M5,25/07/23,14:54:31,     5,  1398,   435,  999.8, 300,24.6,26.7, 0.0,  0, 0.0000,     0,23.3,24.7,34.7, 25,    26,    42, 0.6993, 0.5940
M5,25/07/23,14:54:32,     5,  1399,   436,  999.8, 300,24.6,26.7, 0.0,  0, 0.0000,     0,23.3,24.7,34.7, 25,    27,    43, 0.7029, 0.5906
M5,25/07/23,14:54:33,     5,  1400,   436,  999.8, 300,24.6,26.7, 0.0,  0, 0.0000,     0,23.3,24.7,34.7, 25,    27,    44, 0.7047, 0.5944
M5,25/07/23,14:54:34,     5,  1401,   437,  999.8, 300,24.6,26.7, 0.0,  0, 0.0000,     0,23.3,24.7,34.7, 25,    28,    45, 0.7071, 0.5981
M5,25/07/23,14:54:35,     5,  1402,   437,  999.8, 300,24.6,26.7, 0.0,  0, 0.0000,     0,23.3,24.7,34.7, 25,    28,    46, 0.7090, 0.6007
M5,25/07/23,14:54:36,     5,  1403,   438,  999.8, 300,24.7,26.6, 0.0,  0, 0.0000,     0,23.3,24.7,34.7, 25,    29,    47, 0.7120, 0.6004
M5,25/07/23,14:54:37,     5,  1404,   439,  999.8, 300,24.7,26.6, 0.0,  0, 0.0000,     0,23.3,24.7,34.7, 25,    30,    48, 0.7154, 0.5975
M5,25/07/23,14:54:38,     5,  1405,   440,  999.8, 300,24.8,26.7, 0.0,  0, 0.0000,     0,23.3,24.7,34.7, 25,    31,    49, 0.7203, 0.5944
M5,25/07/23,14:54:39,     5,  1406,   440,  999.8, 300,24.8,26.7, 0.0,  0, 0.0000,     0,23.3,24.8,34.7, 25,    31,    50, 0.7230, 0.5943
M5,25/07/23,14:54:40,     5,  1407,   441,  999.8, 300,24.8,26.7, 0.0,  0, 0.0000,     0,23.3,24.8,34.7, 25,    32,    51, 0.7255, 0.5978
M5,25/07/23,14:54:41,     5,  1408,   442,  999.8, 300,24.8,26.7, 0.0,  0, 0.0000,     0,23.3,24.8,34.7, 25,    33,    52, 0.7274, 0.6007
M5,25/07/23,14:54:42,     5,  1409,   442,  999.8, 300,24.8,26.7, 0.0,  0, 0.0000,     0,23.3,24.8,34.7, 25,    33,    53, 0.7292, 0.6036
M5,25/07/23,14:54:43,     5,  1410,   443,  999.8, 300,24.8,26.7, 0.0,  0, 0.0000,     0,23.3,24.8,34.7, 25,    34,    54, 0.7316, 0.6071
M5,25/07/23,14:54:44,     5,  1411,   443,  999.8, 300,24.8,26.7, 0.0,  0, 0.0000,     0,23.3,24.8,34.7, 25,    34,    55, 0.7327, 0.6120
M5,25/07/23,14:54:45,     5,  1412,   444,  999.8, 300,24.9,26.7, 0.0,  0, 0.0000,     0,23.3,24.8,34.7, 25,    35,    56, 0.7343, 0.6169
M5,25/07/23,14:54:46,     5,  1413,   445,  999.8, 300,24.9,26.7, 0.0,  0, 0.0000,     0,23.3,24.8,34.7, 25,    36,    57, 0.7354, 0.6208
M5,25/07/23,14:54:47,     5,  1414,   446,  999.8, 300,24.9,26.7, 0.0,  0, 0.0000,     0,23.3,24.8,34.7, 25,    37,    58, 0.7371, 0.6229
M5,25/07/23,14:54:48,     5,  1415,   446,  999.8, 300,24.9,26.7, 0.0,  0, 0.0000,     0,23.3,24.8,34.7, 25,    37,    59, 0.7386, 0.6247
M5,25/07/23,14:54:49,     5,  1416,   447,  999.8, 300,24.9,26.7, 0.0,  0, 0.0000,     0,23.3,24.8,34.7, 25,    38,    60, 0.7397, 0.6283
R5,25/07/23,14:54:49,     5,  1416,   447,  999.8, 300,24.9,26.7, 0.0,  0, 0.0000,     0,23.3,24.8,34.7, 25,    38,    60, 0.7397, 0.6283
End
Start
M5,25/07/23,14:55:41,     5,  1467,   404,  999.8, 300,23.7,26.7, 0.0,  0, 0.0000,     0,23.3,24.6,34.9, 20,     1,     1, 0.0000, 0.0000
M5,25/07/23,14:55:42,     5,  1468,   405,  999.8, 300,23.7,26.7, 0.0,  0, 0.0000,     0,23.3,24.7,34.9, 20,     2,     2, 0.0000, 0.0000
M5,25/07/23,14:55:43,     5,  1469,   405,  999.8, 300,23.7,26.7, 0.0,  0, 0.0000,     0,23.3,24.7,34.9, 20,     2,     3, 0.0000, 0.0000
M5,25/07/23,14:55:44,     5,  1470,   406,  999.8, 300,23.7,26.7, 0.0,  0, 0.0000,     0,23.3,24.7,34.9, 20,     3,     4, 0.0000, 0.0000
M5,25/07/23,14:55:45,     5,  1471,   407,  999.8, 300,23.7,26.7, 0.0,  0, 0.0000,     0,23.3,24.8,34.9, 20,     3,     5, 0.0000, 0.0000
M5,25/07/23,14:55:46,     5,  1472,   407,  999.8, 300,23.7,26.7, 0.0,  0, 0.0000,     0,23.3,24.8,34.9, 20,     4,     6, 0.0000, 0.0000
M5,25/07/23,14:55:47,     5,  1473,   408,  999.8, 300,23.7,26.7, 0.0,  0, 0.0000,     0,23.3,24.8,34.9, 20,     4,     7, 0.0000, 0.0000
M5,25/07/23,14:55:48,     5,  1474,   408,  999.8, 300,23.7,26.7, 0.0,  0, 0.0000,     0,23.3,24.9,34.9, 20,     5,     8, 0.0000, 0.0000
M5,25/07/23,14:55:49,     5,  1475,   409,  999.8, 300,23.7,26.7, 0.0,  0, 0.0000,     0,23.3,24.9,34.9, 20,     6,     9, 0.0000, 0.0000
M5,25/07/23,14:55:50,     5,  1476,   409,  999.8, 300,23.7,26.7, 0.0,  0, 0.0000,     0,23.3,24.9,34.9, 25,     6,    10, 0.0000, 0.0000
M5,25/07/23,14:55:51,     5,  1477,   410,  999.8, 300,23.7,26.7, 0.0,  0, 0.0000,     0,23.3,24.9,34.9, 25,     7,    11, 0.0000, 0.0000
M5,25/07/23,14:55:52,     5,  1478,   410,  999.8, 300,23.7,26.7, 0.0,  0, 0.0000,     0,23.3,25.0,34.9, 25,     7,    12, 0.0000, 0.0000
M5,25/07/23,14:55:53,     5,  1479,   411,  999.8, 300,23.8,26.7, 0.0,  0, 0.0000,     0,23.3,25.0,34.9, 25,     8,    13, 0.6281, 0.4762
M5,25/07/23,14:55:54,     5,  1480,   412,  999.8, 300,23.8,26.7, 0.0, 21, 0.0000,     0,23.3,25.0,34.9, 25,     8,    14, 0.6888, 0.4526
M5,25/07/23,14:55:55,     5,  1481,   412,  999.8, 300,23.9,26.7, 0.0,  0, 0.0000,     0,23.3,25.1,34.9, 25,     9,    15, 0.6977, 0.5823
M5,25/07/23,14:55:56,     5,  1482,   413,  999.8, 300,23.9,26.7, 0.0,  0, 0.0000,     0,23.3,25.1,34.9, 25,    10,    16, 0.7040, 0.6145
M5,25/07/23,14:55:57,     5,  1483,   414,  999.8, 300,23.9,26.7, 0.0,  0, 0.0000,     0,23.3,25.1,34.9, 25,    10,    17, 0.7170, 0.6332
M5,25/07/23,14:55:58,     5,  1484,   414,  999.8, 300,23.9,26.7, 0.0,  0, 0.0000,     0,23.3,25.1,34.9, 25,    11,    18, 0.7233, 0.6417
M5,25/07/23,14:55:59,     5,  1485,   415,  999.8, 300,23.9,26.7, 0.0,  0, 0.0000,     0,23.3,25.1,34.9, 25,    12,    19, 0.7287, 0.6496
M5,25/07/23,14:56:00,     5,  1486,   416,  999.8, 300,24.0,26.7, 0.0,  0, 0.0000,     0,23.3,25.2,34.9, 25,    12,    20, 0.7461, 0.6368
M5,25/07/23,14:56:01,     5,  1487,   416,  999.8, 300,24.0,26.7, 0.0,  0, 0.0000,     0,23.3,25.2,34.9, 25,    13,    21, 0.7542, 0.6399
M5,25/07/23,14:56:02,     5,  1488,   417,  999.8, 300,24.1,26.7, 0.0,  0, 0.0000,     0,23.3,25.2,34.9, 25,    14,    22, 0.7563, 0.6728
M5,25/07/23,14:56:03,     5,  1489,   417,  999.8, 300,24.1,26.7, 0.0,  0, 0.0000,     0,23.3,25.2,34.9, 25,    14,    23, 0.7448, 0.7242
M5,25/07/23,14:56:04,     5,  1490,   418,  999.8, 300,24.2,26.7, 0.0,  0, 0.0000,     0,23.3,25.2,34.9, 25,    14,    24, 0.7367, 0.7648
M5,25/07/23,14:56:05,     5,  1491,   418,  999.8, 300,24.2,26.7, 0.0,  0, 0.0000,     0,23.3,25.2,34.9, 25,    15,    25, 0.7294, 0.7770
M5,25/07/23,14:56:06,     5,  1492,   419,  999.8, 300,24.2,26.7, 0.0,  0, 0.0000,     0,23.3,25.3,34.9, 25,    16,    26, 0.7252, 0.7764
M5,25/07/23,14:56:07,     5,  1493,   420,  999.8, 300,24.3,26.7, 0.0,  0, 0.0000,     0,23.3,25.3,34.9, 25,    16,    27, 0.7254, 0.7722
M5,25/07/23,14:56:08,     5,  1494,   420,  999.8, 300,24.3,26.7, 0.0,  0, 0.0000,     0,23.3,25.3,34.9, 25,    17,    28, 0.7244, 0.7627
M5,25/07/23,14:56:09,     5,  1495,   421,  999.8, 300,24.4,26.7, 0.0,  0, 0.0000,     0,23.3,25.3,34.9, 25,    18,    29, 0.7268, 0.7543
M5,25/07/23,14:56:10,     5,  1496,   421,  999.8, 300,24.4,26.7, 0.0,  0, 0.0000,     0,23.3,25.3,34.9, 25,    18,    30, 0.7273, 0.7441
M5,25/07/23,14:56:11,     5,  1497,   422,  999.8, 300,24.4,26.7, 0.0,  0, 0.0000,     0,23.3,25.3,34.9, 25,    19,    31, 0.7296, 0.7365
M5,25/07/23,14:56:12,     5,  1498,   423,  999.8, 300,24.4,26.7, 0.0,  0, 0.0000,     0,23.3,25.3,34.9, 25,    20,    32, 0.7306, 0.7284
M5,25/07/23,14:56:13,     5,  1499,   423,  999.8, 300,24.5,26.7, 0.0,  0, 0.0000,     0,23.3,25.3,34.9, 25,    20,    33, 0.7319, 0.7300
M5,25/07/23,14:56:14,     5,  1500,   424,  999.8, 300,24.5,26.7, 0.0,  0, 0.0000,     0,23.3,25.4,34.9, 25,    20,    34, 0.7280, 0.7405
M5,25/07/23,14:56:15,     5,  1501,   424,  999.8, 300,24.5,26.7, 0.0,  0, 0.0000,     0,23.3,25.4,34.9, 25,    21,    35, 0.7253, 0.7451
M5,25/07/23,14:56:16,     5,  1502,   425,  999.8, 300,24.6,26.7, 0.0,  0, 0.0000,     0,23.3,25.4,34.9, 25,    22,    36, 0.7245, 0.7467
M5,25/07/23,14:56:17,     5,  1503,   426,  999.8, 300,24.6,26.7, 0.0,  0, 0.0000,     0,23.3,25.4,34.9, 25,    22,    37, 0.7233, 0.7449
M5,25/07/23,14:56:18,     5,  1504,   426,  999.8, 300,24.6,26.7, 0.0,  0, 0.0000,     0,23.3,25.4,34.9, 25,    23,    38, 0.7239, 0.7427
M5,25/07/23,14:56:19,     5,  1505,   427,  999.8, 300,24.6,26.7, 0.0,  0, 0.0000,     0,23.3,25.4,34.9, 25,    24,    39, 0.7250, 0.7340
M5,25/07/23,14:56:20,     5,  1506,   428,  999.8, 300,24.7,26.7, 0.0,  0, 0.0000,     0,23.3,25.4,34.9, 25,    24,    40, 0.7261, 0.7316
M5,25/07/23,14:56:21,     5,  1507,   428,  999.8, 300,24.7,26.7, 0.0,  0, 0.0000,     0,23.3,25.4,34.9, 25,    25,    41, 0.7252, 0.7316
M5,25/07/23,14:56:22,     5,  1508,   429,  999.8, 300,24.7,26.7, 0.0,  0, 0.0000,     0,23.3,25.4,34.9, 25,    25,    42, 0.7248, 0.7302
M5,25/07/23,14:56:23,     5,  1509,   429,  999.8, 300,24.7,26.7, 0.0,  0, 0.0000,     0,23.3,25.4,34.9, 25,    26,    43, 0.7255, 0.7288
M5,25/07/23,14:56:24,     5,  1510,   430,  999.8, 300,24.7,26.7, 0.0,  0, 0.0000,     0,23.3,25.4,34.9, 25,    27,    44, 0.7247, 0.7292
M5,25/07/23,14:56:25,     5,  1511,   430,  999.8, 300,24.8,26.7, 0.0,  0, 0.0000,     0,23.3,25.4,34.9, 25,    27,    45, 0.7252, 0.7294
M5,25/07/23,14:56:26,     5,  1512,   431,  999.8, 300,24.8,26.7, 0.0,  0, 0.0000,     0,23.3,25.4,34.9, 25,    28,    46, 0.7242, 0.7307
M5,25/07/23,14:56:27,     5,  1513,   432,  999.8, 300,24.9,26.7, 0.0,  0, 0.0000,     0,23.3,25.4,34.9, 25,    29,    47, 0.7251, 0.7284
M5,25/07/23,14:56:28,     5,  1514,   433,  999.8, 300,24.9,26.7, 0.0,  0, 0.0000,     0,23.3,25.5,34.9, 25,    30,    48, 0.7268, 0.7198
M5,25/07/23,14:56:29,     5,  1515,   433,  999.8, 300,24.9,26.7, 0.0,  0, 0.0000,     0,23.3,25.5,34.9, 25,    30,    49, 0.7271, 0.7177
M5,25/07/23,14:56:30,     5,  1516,   434,  999.8, 300,24.9,26.7, 0.0,  0, 0.0000,     0,23.3,25.5,34.9, 25,    31,    50, 0.7282, 0.7160
M5,25/07/23,14:56:31,     5,  1517,   434,  999.8, 300,24.9,26.7, 0.0,  0, 0.0000,     0,23.3,25.5,34.9, 25,    31,    51, 0.7287, 0.7136
M5,25/07/23,14:56:32,     5,  1518,   435,  999.8, 300,24.9,26.7, 0.0,  0, 0.0000,     0,23.3,25.5,34.9, 25,    32,    52, 0.7311, 0.7072
M5,25/07/23,14:56:33,     5,  1519,   436,  999.8, 300,24.9,26.7, 0.0,  0, 0.0000,     0,23.3,25.5,34.9, 25,    33,    53, 0.7322, 0.7035
M5,25/07/23,14:56:34,     5,  1520,   436,  999.8, 300,25.0,26.7, 0.0,  0, 0.0000,     0,23.3,25.5,34.9, 25,    33,    54, 0.7336, 0.7025
M5,25/07/23,14:56:35,     5,  1521,   437,  999.8, 300,25.0,26.7, 0.0,  0, 0.0000,     0,23.3,25.5,34.9, 25,    34,    55, 0.7348, 0.6989
M5,25/07/23,14:56:36,     5,  1522,   438,  999.8, 300,25.0,26.7, 0.0,  0, 0.0000,     0,23.3,25.5,34.9, 25,    35,    56, 0.7369, 0.6943
M5,25/07/23,14:56:37,     5,  1523,   439,  999.8, 300,25.0,26.7, 0.0,  0, 0.0000,     0,23.3,25.5,34.9, 25,    35,    57, 0.7380, 0.6921
M5,25/07/23,14:56:38,     5,  1524,   439,  999.8, 300,25.0,26.7, 0.0,  0, 0.0000,     0,23.3,25.5,34.9, 25,    36,    58, 0.7387, 0.6921
M5,25/07/23,14:56:39,     5,  1525,   440,  999.8, 300,25.1,26.7, 0.0,  0, 0.0000,     0,23.3,25.5,34.9, 25,    36,    59, 0.7394, 0.6942
M5,25/07/23,14:56:40,     5,  1526,   440,  999.8, 300,25.1,26.7, 0.0,  0, 0.0000,     0,23.3,25.5,34.9, 25,    37,    60, 0.7392, 0.6970
R5,25/07/23,14:56:40,     5,  1526,   440,  999.8, 300,25.1,26.7, 0.0,  0, 0.0000,     0,23.3,25.5,34.9, 25,    37,    60, 0.7392, 0.6970
End
Start
M5,25/07/23,15:01:16,     6,  1800,   428,  999.8, 300,23.9,26.8, 0.0,  0, 0.0000,     0,22.6,25.0,18.0, 20,     2,     1, 0.0000, 0.0000
M5,25/07/23,15:01:17,     6,  1801,   429,  999.8, 300,23.9,26.8, 0.0,  0, 0.0000,     0,22.6,25.0,18.0, 20,     3,     2, 0.0000, 0.0000
M5,25/07/23,15:01:18,     6,  1802,   430,  999.8, 300,23.9,26.8, 0.0,  0, 0.0000,     0,22.6,25.0,18.0, 20,     4,     3, 0.0000, 0.0000
M5,25/07/23,15:01:19,     6,  1803,   431,  999.8, 300,23.9,26.8, 0.0,  0, 0.0000,     0,22.6,25.0,18.0, 20,     5,     4, 0.0000, 0.0000
M5,25/07/23,15:01:20,     6,  1804,   432,  999.7, 300,23.9,26.8, 0.0,  0, 0.0000,     0,22.6,25.1,18.0, 20,     6,     5, 0.0000, 0.0000
M5,25/07/23,15:01:21,     6,  1805,   433,  999.7, 300,24.0,26.8, 0.0,  0, 0.0000,     0,22.6,25.1,18.0, 20,     7,     6, 0.0000, 0.0000
M5,25/07/23,15:01:22,     6,  1806,   434,  999.7, 300,24.0,26.8, 0.0,  0, 0.0000,     0,22.6,25.1,18.0, 20,     8,     7, 0.0000, 0.0000
M5,25/07/23,15:01:23,     6,  1807,   435,  999.7, 300,24.0,26.8, 0.0,  0, 0.0000,     0,22.6,25.1,18.0, 20,     8,     8, 0.0000, 0.0000
M5,25/07/23,15:01:24,     6,  1808,   436,  999.7, 300,24.1,26.8, 0.0,  0, 0.0000,     0,22.6,25.1,18.0, 20,     9,     9, 0.0000, 0.0000
M5,25/07/23,15:01:25,     6,  1809,   437,  999.7, 300,24.1,26.8, 0.0,  0, 0.0000,     0,22.6,25.1,18.0, 25,    10,    10, 0.0000, 0.0000
M5,25/07/23,15:01:26,     6,  1810,   437,  999.7, 300,24.1,26.8, 0.0,  0, 0.0000,     0,22.6,25.1,18.0, 25,    11,    11, 0.0000, 0.0000
M5,25/07/23,15:01:27,     6,  1811,   438,  999.7, 300,24.1,26.8, 0.0,  0, 0.0000,     0,22.6,25.2,18.0, 25,    11,    12, 0.0000, 0.0000
M5,25/07/23,15:01:28,     6,  1812,   438,  999.7, 300,24.2,26.8, 0.0,  0, 0.0000,     0,22.6,25.2,18.0, 25,    12,    13, 0.6819, 0.8302
M5,25/07/23,15:01:29,     6,  1813,   439,  999.7, 300,24.2,26.8, 0.0,  0, 0.0000,     0,22.6,25.2,18.0, 25,    12,    14, 0.6958, 0.6948
M5,25/07/23,15:01:30,     6,  1814,   440,  999.7, 300,24.2,26.8, 0.0,  0, 0.0000,     0,22.6,25.2,17.8, 25,    13,    15, 0.7150, 0.6427
M5,25/07/23,15:01:31,     6,  1815,   440,  999.7, 300,24.3,26.8, 0.0,  0, 0.0000,     0,22.6,25.2,17.8, 25,    14,    16, 0.7357, 0.6348
M5,25/07/23,15:01:32,     6,  1816,   441,  999.7, 300,24.3,26.8, 0.0,  0, 0.0000,     0,22.6,25.2,17.8, 25,    14,    17, 0.7478, 0.6382
M5,25/07/23,15:01:33,     6,  1817,   441,  999.7, 300,24.4,26.8, 0.0,  0, 0.0000,     0,22.6,25.2,17.8, 25,    15,    18, 0.7498, 0.6897
M5,25/07/23,15:01:34,     6,  1818,   442,  999.7, 300,24.4,26.8, 0.0,  0, 0.0000,     0,22.6,25.2,17.8, 25,    15,    19, 0.7393, 0.7311
M5,25/07/23,15:01:35,     6,  1819,   442,  999.7, 300,24.4,26.8, 0.0,  0, 0.0000,     0,22.6,25.2,17.8, 25,    16,    20, 0.7296, 0.7630
M5,25/07/23,15:01:36,     6,  1820,   443,  999.7, 300,24.4,26.8, 0.0,  0, 0.0000,     0,22.6,25.2,17.8, 25,    17,    21, 0.7198, 0.7759
M5,25/07/23,15:01:37,     6,  1821,   443,  999.7, 300,24.5,26.8, 0.0,  0, 0.0000,     0,22.6,25.2,17.8, 25,    17,    22, 0.7135, 0.7880
M5,25/07/23,15:01:38,     6,  1822,   444,  999.7, 300,24.5,26.8, 0.0,  0, 0.0000,     0,22.6,25.2,17.8, 25,    17,    23, 0.6983, 0.8097
M5,25/07/23,15:01:39,     6,  1823,   445,  999.7, 300,24.5,26.8, 0.0,  0, 0.0000,     0,22.6,25.2,17.8, 25,    18,    24, 0.6962, 0.7848
M5,25/07/23,15:01:40,     6,  1824,   446,  999.7, 300,24.5,26.8, 0.0,  0, 0.0000,     0,22.6,25.2,17.8, 25,    19,    25, 0.7084, 0.7319
M5,25/07/23,15:01:41,     6,  1825,   446,  999.7, 300,24.5,26.8, 0.0,  0, 0.0000,     0,22.6,25.3,18.1, 25,    20,    26, 0.7209, 0.6824
M5,25/07/23,15:01:42,     6,  1826,   447,  999.7, 300,24.6,26.8, 0.0,  0, 0.0000,     0,22.6,25.3,18.1, 25,    21,    27, 0.7329, 0.6547
M5,25/07/23,15:01:43,     6,  1827,   448,  999.7, 300,24.6,26.8, 0.0,  0, 0.0000,     0,22.6,25.3,18.1, 25,    21,    28, 0.7415, 0.6375
M5,25/07/23,15:01:44,     6,  1828,   448,  999.7, 300,24.7,26.8, 0.0,  0, 0.0000,     0,22.6,25.3,18.1, 25,    22,    29, 0.7511, 0.6313
M5,25/07/23,15:01:45,     6,  1829,   449,  999.7, 300,24.7,26.8, 0.0,  0, 0.0000,     0,22.6,25.3,18.1, 25,    23,    30, 0.7571, 0.6286
M5,25/07/23,15:01:46,     6,  1830,   450,  999.7, 300,24.7,26.8, 0.0,  0, 0.0000,     0,22.6,25.3,18.1, 25,    23,    31, 0.7598, 0.6376
M5,25/07/23,15:01:47,     6,  1831,   450,  999.7, 300,24.7,26.8, 0.0,  0, 0.0000,     0,22.6,25.3,18.1, 25,    24,    32, 0.7632, 0.6461
M5,25/07/23,15:01:48,     6,  1832,   451,  999.7, 300,24.7,26.8, 0.0,  0, 0.0000,     0,22.6,25.3,18.1, 25,    25,    33, 0.7677, 0.6461
M5,25/07/23,15:01:49,     6,  1833,   452,  999.7, 300,24.7,26.8, 0.0,  0, 0.0000,     0,22.6,25.3,18.1, 25,    25,    34, 0.7728, 0.6495
M5,25/07/23,15:01:50,     6,  1834,   452,  999.7, 300,24.7,26.8, 0.0,  0, 0.0000,     0,22.6,25.3,18.1, 25,    26,    35, 0.7761, 0.6531
M5,25/07/23,15:01:51,     6,  1835,   453,  999.7, 300,24.8,26.8, 0.0,  0, 0.0000,     0,22.6,25.3,18.1, 25,    27,    36, 0.7802, 0.6587
M5,25/07/23,15:01:52,     6,  1836,   454,  999.7, 300,24.8,26.8, 0.0,  0, 0.0000,     0,22.6,25.3,18.1, 25,    27,    37, 0.7812, 0.6689
M5,25/07/23,15:01:53,     6,  1837,   454,  999.7, 300,24.8,26.8, 0.0,  0, 0.0000,     0,22.6,25.3,18.1, 25,    28,    38, 0.7795, 0.6872
M5,25/07/23,15:01:54,     6,  1838,   454,  999.7, 300,24.9,26.8, 0.0,  0, 0.0000,     0,22.6,25.3,18.1, 25,    28,    39, 0.7781, 0.7066
M5,25/07/23,15:01:55,     6,  1839,   455,  999.7, 300,24.9,26.8, 0.0,  0, 0.0000,     0,22.6,25.3,18.1, 25,    28,    40, 0.7737, 0.7284
M5,25/07/23,15:01:56,     6,  1840,   455,  999.7, 300,24.9,26.8, 0.0,  0, 0.0000,     0,22.6,25.3,18.1, 25,    29,    41, 0.7703, 0.7474
M5,25/07/23,15:01:57,     6,  1841,   456,  999.7, 300,24.9,26.8, 0.0,  0, 0.0000,     0,22.6,25.3,18.0, 25,    30,    42, 0.7671, 0.7596
M5,25/07/23,15:01:58,     6,  1842,   457,  999.7, 300,24.9,26.8, 0.0,  0, 0.0000,     0,22.6,25.3,18.0, 25,    30,    43, 0.7650, 0.7682
M5,25/07/23,15:01:59,     6,  1843,   457,  999.7, 300,24.9,26.8, 0.0,  0, 0.0000,     0,22.6,25.3,18.0, 25,    31,    44, 0.7631, 0.7729
M5,25/07/23,15:02:00,     6,  1844,   458,  999.7, 300,25.0,26.8, 0.0,  0, 0.0000,     0,22.6,25.3,18.0, 25,    31,    45, 0.7614, 0.7790
M5,25/07/23,15:02:01,     6,  1845,   458,  999.7, 300,25.0,26.8, 0.0,  0, 0.0000,     0,22.6,25.3,18.0, 25,    32,    46, 0.7580, 0.7880
M5,25/07/23,15:02:02,     6,  1846,   459,  999.7, 300,25.0,26.8, 0.0,  0, 0.0000,     0,22.6,25.3,18.0, 25,    32,    47, 0.7544, 0.7961
M5,25/07/23,15:02:03,     6,  1847,   459,  999.7, 300,25.0,26.8, 0.0,  0, 0.0000,     0,22.6,25.3,18.0, 25,    33,    48, 0.7505, 0.8067
M5,25/07/23,15:02:04,     6,  1848,   460,  999.7, 300,25.0,26.8, 0.0,  0, 0.0000,     0,22.6,25.3,18.0, 25,    33,    49, 0.7470, 0.8125
M5,25/07/23,15:02:05,     6,  1849,   460,  999.7, 300,25.0,26.8, 0.0,  0, 0.0000,     0,22.6,25.3,18.0, 25,    34,    50, 0.7448, 0.8156
M5,25/07/23,15:02:06,     6,  1850,   461,  999.7, 300,25.0,26.8, 0.0,  0, 0.0000,     0,22.6,25.3,18.0, 25,    34,    51, 0.7413, 0.8205
M5,25/07/23,15:02:07,     6,  1851,   461,  999.7, 300,25.1,26.8, 0.0,  0, 0.0000,     0,22.6,25.3,18.0, 25,    35,    52, 0.7376, 0.8275
M5,25/07/23,15:02:08,     6,  1852,   461,  999.7, 300,25.1,26.8, 0.0,  0, 0.0000,     0,22.6,25.3,18.0, 25,    35,    53, 0.7330, 0.8350
M5,25/07/23,15:02:09,     6,  1853,   462,  999.7, 300,25.1,26.8, 0.0,  0, 0.0000,     0,22.6,25.3,18.0, 25,    35,    54, 0.7287, 0.8409
M5,25/07/23,15:02:10,     6,  1854,   462,  999.7, 300,25.1,26.8, 0.0,  0, 0.0000,     0,22.6,25.3,18.0, 25,    36,    55, 0.7250, 0.8458
M5,25/07/23,15:02:11,     6,  1855,   463,  999.7, 300,25.1,26.8, 0.0,  0, 0.0000,     0,22.6,25.3,18.0, 25,    37,    56, 0.7216, 0.8471
M5,25/07/23,15:02:12,     6,  1856,   464,  999.7, 300,25.1,26.8, 0.0,  0, 0.0000,     0,22.6,25.3,18.0, 25,    37,    57, 0.7192, 0.8463
M5,25/07/23,15:02:13,     6,  1857,   464,  999.7, 300,25.1,26.8, 0.0,  0, 0.0000,     0,22.6,25.4,18.0, 25,    38,    58, 0.7166, 0.8450
M5,25/07/23,15:02:14,     6,  1858,   464,  999.7, 300,25.2,26.8, 0.0,  0, 0.0000,     0,22.6,25.4,18.0, 25,    38,    59, 0.7132, 0.8473
M5,25/07/23,15:02:15,     6,  1859,   465,  999.7, 300,25.2,26.8, 0.0,  0, 0.0000,     0,22.6,25.4,18.0, 25,    38,    60, 0.7094, 0.8503
R5,25/07/23,15:02:15,     6,  1859,   465,  999.7, 300,25.2,26.8, 0.0,  0, 0.0000,     0,22.6,25.4,18.0, 25,    38,    60, 0.7094, 0.8503
End
Start
M5,25/07/23,15:03:13,     6,  1917,   415,  999.8, 300,23.9,26.8, 0.0,  0, 0.0000,     0,22.4,24.6,18.0, 20,     4,     1, 0.0000, 0.0000
M5,25/07/23,15:03:14,     6,  1918,   417,  999.8, 300,23.9,26.8, 0.0,  0, 0.0000,     0,22.4,24.6,18.0, 20,     7,     2, 0.0000, 0.0000
M5,25/07/23,15:03:15,     6,  1919,   420,  999.8, 300,23.9,26.8, 0.0,  0, 0.0000,     0,22.4,24.6,18.0, 20,     9,     3, 0.0000, 0.0000
M5,25/07/23,15:03:16,     6,  1920,   422,  999.8, 300,23.8,26.8, 0.0,  0, 0.0000,     0,22.4,24.6,18.0, 20,    11,     4, 0.0000, 0.0000
M5,25/07/23,15:03:17,     6,  1921,   423,  999.8, 300,23.8,26.8, 0.0,  0, 0.0000,     0,22.4,24.7,18.4, 20,    13,     5, 0.0000, 0.0000
M5,25/07/23,15:03:18,     6,  1922,   425,  999.8, 300,23.8,26.8, 0.0,  0, 0.0000,     0,22.4,24.7,18.4, 20,    14,     6, 0.0000, 0.0000
M5,25/07/23,15:03:19,     6,  1923,   425,  999.8, 300,23.9,26.8, 0.0,  0, 0.0000,     0,22.4,24.7,18.4, 20,    15,     7, 0.0000, 0.0000
M5,25/07/23,15:03:20,     6,  1924,   426,  999.8, 300,23.9,26.8, 0.0,  0, 0.0000,     0,22.4,24.7,18.4, 20,    16,     8, 0.0000, 0.0000
M5,25/07/23,15:03:21,     6,  1925,   427,  999.8, 300,23.9,26.8, 0.0,  0, 0.0000,     0,22.4,24.7,18.4, 20,    16,     9, 0.0000, 0.0000
M5,25/07/23,15:03:22,     6,  1926,   428,  999.8, 300,23.9,26.8, 0.0,  0, 0.0000,     0,22.4,24.7,18.0, 25,    17,    10, 0.0000, 0.0000
M5,25/07/23,15:03:23,     6,  1927,   429,  999.8, 300,24.0,26.8, 0.0,  0, 0.0000,     0,22.4,24.8,18.0, 25,    18,    11, 0.0000, 0.0000
M5,25/07/23,15:03:24,     6,  1928,   429,  999.8, 300,24.0,26.8, 0.0,  0, 0.0000,     0,22.4,24.8,18.0, 25,    18,    12, 0.0000, 0.0000
M5,25/07/23,15:03:25,     6,  1929,   430,  999.8, 300,24.0,26.8, 0.0,  0, 0.0000,     0,22.4,24.8,18.0, 25,    19,    13, 0.7858, 0.9342
M5,25/07/23,15:03:26,     6,  1930,   430,  999.8, 300,24.0,26.8, 0.0,  0, 0.0000,     0,22.4,24.8,18.0, 25,    20,    14, 0.7910, 0.8470
M5,25/07/23,15:03:27,     6,  1931,   431,  999.8, 300,24.0,26.8, 0.0,  0, 0.0000,     0,22.4,24.8,18.0, 25,    21,    15, 0.8187, 0.7467
M5,25/07/23,15:03:28,     6,  1932,   432,  999.8, 300,24.1,26.8, 0.0,  0, 0.0000,     0,22.4,24.8,18.0, 25,    21,    16, 0.8107, 0.8094
M5,25/07/23,15:03:29,     6,  1933,   432,  999.8, 300,24.1,26.8, 0.0,  0, 0.0000,     0,22.4,24.8,18.0, 25,    21,    17, 0.7870, 0.8599
M5,25/07/23,15:03:30,     6,  1934,   433,  999.8, 300,24.2,26.8, 0.0,  0, 0.0000,     0,22.4,24.9,18.0, 25,    22,    18, 0.7810, 0.8566
M5,25/07/23,15:03:31,     6,  1935,   433,  999.8, 300,24.2,26.8, 0.0,  0, 0.0000,     0,22.4,24.9,18.0, 25,    23,    19, 0.7765, 0.8356
M5,25/07/23,15:03:32,     6,  1936,   434,  999.7, 300,24.2,26.8, 0.0,  0, 0.0000,     0,22.4,24.9,18.0, 25,    23,    20, 0.7608, 0.8677
M5,25/07/23,15:03:33,     6,  1937,   434,  999.7, 300,24.2,26.8, 0.0,  0, 0.0000,     0,22.4,24.9,18.4, 25,    23,    21, 0.7359, 0.9030
M5,25/07/23,15:03:34,     6,  1938,   435,  999.7, 300,24.2,26.8, 0.0,  0, 0.0000,     0,22.4,24.9,18.4, 25,    24,    22, 0.7164, 0.9104
M5,25/07/23,15:03:35,     6,  1939,   435,  999.7, 300,24.3,26.8, 0.0,  0, 0.0000,     0,22.4,24.9,18.4, 25,    24,    23, 0.7035, 0.9065
M5,25/07/23,15:03:36,     6,  1940,   436,  999.7, 300,24.3,26.8, 0.0,  0, 0.0000,     0,22.4,24.9,18.4, 25,    25,    24, 0.6925, 0.8872
M5,25/07/23,15:03:37,     6,  1941,   436,  999.7, 300,24.4,26.8, 0.0,  0, 0.0000,     0,22.4,24.9,18.4, 25,    26,    25, 0.6899, 0.8569
M5,25/07/23,15:03:38,     6,  1942,   437,  999.7, 300,24.4,26.8, 0.0,  0, 0.0000,     0,22.4,24.9,18.0, 25,    26,    26, 0.6886, 0.8211
M5,25/07/23,15:03:39,     6,  1943,   437,  999.7, 300,24.4,26.8, 0.0,  0, 0.0000,     0,22.4,24.9,18.0, 25,    27,    27, 0.6880, 0.8001
M5,25/07/23,15:03:40,     6,  1944,   438,  999.7, 300,24.4,26.8, 0.0,  0, 0.0000,     0,22.4,24.9,18.0, 25,    27,    28, 0.6817, 0.7953
M5,25/07/23,15:03:41,     6,  1945,   438,  999.7, 300,24.4,26.8, 0.0,  0, 0.0000,     0,22.4,24.9,18.0, 25,    28,    29, 0.6760, 0.7898
M5,25/07/23,15:03:42,     6,  1946,   439,  999.7, 300,24.5,26.8, 0.0,  0, 0.0000,     0,22.4,25.0,18.0, 25,    28,    30, 0.6729, 0.7861
M5,25/07/23,15:03:43,     6,  1947,   439,  999.7, 300,24.5,26.8, 0.0,  0, 0.0000,     0,22.4,25.0,18.0, 25,    29,    31, 0.6683, 0.7793
M5,25/07/23,15:03:44,     6,  1948,   440,  999.7, 300,24.6,26.8, 0.0,  0, 0.0000,     0,22.4,25.0,18.0, 25,    29,    32, 0.6657, 0.7744
M5,25/07/23,15:03:45,     6,  1949,   440,  999.7, 300,24.6,26.8, 0.0,  0, 0.0000,     0,22.4,25.0,18.0, 25,    30,    33, 0.6638, 0.7610
M5,25/07/23,15:03:46,     6,  1950,   441,  999.7, 300,24.6,26.8, 0.0,  0, 0.0000,     0,22.4,25.0,18.0, 25,    31,    34, 0.6641, 0.7449
M5,25/07/23,15:03:47,     6,  1951,   442,  999.7, 300,24.6,26.8, 0.0,  0, 0.0000,     0,22.4,25.0,18.0, 25,    31,    35, 0.6686, 0.7151
M5,25/07/23,15:03:48,     6,  1952,   443,  999.7, 300,24.6,26.8, 0.0,  0, 0.0000,     0,22.4,25.0,18.0, 25,    32,    36, 0.6716, 0.6956
M5,25/07/23,15:03:49,     6,  1953,   443,  999.7, 300,24.6,26.8, 0.0,  0, 0.0000,     0,22.4,25.0,18.3, 25,    32,    37, 0.6746, 0.6843
M5,25/07/23,15:03:50,     6,  1954,   443,  999.7, 300,24.6,26.8, 0.0,  0, 0.0000,     0,22.4,25.0,18.3, 25,    33,    38, 0.6728, 0.6867
M5,25/07/23,15:03:51,     6,  1955,   444,  999.7, 300,24.7,26.8, 0.0,  0, 0.0000,     0,22.4,25.0,18.3, 25,    33,    39, 0.6725, 0.6908
M5,25/07/23,15:03:52,     6,  1956,   444,  999.7, 300,24.7,26.8, 0.0,  0, 0.0000,     0,22.4,25.0,18.3, 25,    33,    40, 0.6682, 0.7017
M5,25/07/23,15:03:53,     6,  1957,   444,  999.7, 300,24.8,26.8, 0.0,  0, 0.0000,     0,22.4,25.0,18.3, 25,    34,    41, 0.6636, 0.7142
M5,25/07/23,15:03:54,     6,  1958,   445,  999.7, 300,24.8,26.8, 0.0,  0, 0.0000,     0,22.4,25.0,18.3, 25,    34,    42, 0.6579, 0.7263
M5,25/07/23,15:03:55,     6,  1959,   445,  999.7, 300,24.8,26.8, 0.0,  0, 0.0000,     0,22.4,25.0,18.3, 25,    35,    43, 0.6549, 0.7316
M5,25/07/23,15:03:56,     6,  1960,   446,  999.7, 300,24.8,26.8, 0.0,  0, 0.0000,     0,22.4,25.0,18.3, 25,    35,    44, 0.6516, 0.7332
M5,25/07/23,15:03:58,     6,  1961,   447,  999.7, 300,24.8,26.8, 0.0,  0, 0.0000,     0,22.4,25.0,18.3, 25,    36,    45, 0.6495, 0.7301
M5,25/07/23,15:03:59,     6,  1962,   447,  999.7, 300,24.9,26.8, 0.0,  0, 0.0000,     0,22.4,25.0,18.3, 25,    37,    46, 0.6502, 0.7218
M5,25/07/23,15:04:00,     6,  1963,   448,  999.7, 300,24.9,26.8, 0.0,  0, 0.0000,     0,22.4,25.0,18.3, 25,    37,    47, 0.6498, 0.7142
M5,25/07/23,15:04:01,     6,  1964,   448,  999.7, 300,24.9,26.8, 0.0,  0, 0.0000,     0,22.4,25.0,18.3, 25,    38,    48, 0.6496, 0.7082
M5,25/07/23,15:04:02,     6,  1965,   449,  999.7, 300,24.9,26.8, 0.0,  0, 0.0000,     0,22.4,25.0,18.3, 25,    38,    49, 0.6490, 0.7031
M5,25/07/23,15:04:03,     6,  1966,   449,  999.7, 300,24.9,26.8, 0.0,  0, 0.0000,     0,22.4,25.0,18.3, 25,    39,    50, 0.6482, 0.7019
M5,25/07/23,15:04:04,     6,  1967,   450,  999.7, 300,24.9,26.8, 0.0,  0, 0.0000,     0,22.4,25.0,18.3, 25,    39,    51, 0.6462, 0.7027
M5,25/07/23,15:04:05,     6,  1968,   450,  999.7, 300,24.9,26.8, 0.0,  0, 0.0000,     0,22.4,25.0,18.3, 25,    39,    52, 0.6444, 0.7029
M5,25/07/23,15:04:06,     6,  1969,   451,  999.7, 300,25.0,26.8, 0.0,  0, 0.0000,     0,22.4,25.0,18.3, 25,    40,    53, 0.6431, 0.7030
M5,25/07/23,15:04:07,     6,  1970,   451,  999.7, 300,25.0,26.8, 0.0,  0, 0.0000,     0,22.4,25.0,18.3, 25,    40,    54, 0.6403, 0.7066
M5,25/07/23,15:04:08,     6,  1971,   451,  999.7, 300,25.0,26.8, 0.0,  0, 0.0000,     0,22.4,25.0,18.3, 25,    40,    55, 0.6364, 0.7154
M5,25/07/23,15:04:09,     6,  1972,   451,  999.7, 300,25.0,26.8, 0.0,  0, 0.0000,     0,22.4,25.0,18.3, 25,    40,    56, 0.6316, 0.7254
M5,25/07/23,15:04:10,     6,  1973,   451,  999.7, 300,25.0,26.8, 0.0,  0, 0.0000,     0,22.4,25.0,18.3, 25,    41,    57, 0.6274, 0.7326
M5,25/07/23,15:04:11,     6,  1974,   452,  999.7, 300,25.0,26.8, 0.0,  0, 0.0000,     0,22.4,25.0,18.3, 25,    42,    58, 0.6245, 0.7337
M5,25/07/23,15:04:12,     6,  1975,   453,  999.7, 300,25.0,26.8, 0.0,  0, 0.0000,     0,22.4,25.0,18.3, 25,    42,    59, 0.6224, 0.7318
M5,25/07/23,15:04:13,     6,  1976,   453,  999.7, 300,25.0,26.8, 0.0,  0, 0.0000,     0,22.4,25.0,18.3, 25,    43,    60, 0.6204, 0.7315
R5,25/07/23,15:04:13,     6,  1976,   453,  999.7, 300,25.0,26.8, 0.0,  0, 0.0000,     0,22.4,25.0,18.3, 25,    43,    60, 0.6204, 0.7315
End
Start
M5,25/07/23,15:05:07,     6,  2030,   413,  999.8, 300,23.9,26.8, 0.0,  0, 0.0000,     0,22.4,24.5,18.3, 20,     2,     1, 0.0000, 0.0000
M5,25/07/23,15:05:08,     6,  2031,   415,  999.8, 300,23.9,26.8, 0.0,  0, 0.0000,     0,22.4,24.5,18.3, 20,     4,     2, 0.0000, 0.0000
M5,25/07/23,15:05:09,     6,  2032,   416,  999.8, 300,23.9,26.8, 0.0,  0, 0.0000,     0,22.4,24.5,18.3, 20,     5,     3, 0.0000, 0.0000
M5,25/07/23,15:05:10,     6,  2033,   418,  999.8, 300,23.9,26.8, 0.0,  0, 0.0000,     0,22.4,24.6,18.3, 20,     7,     4, 0.0000, 0.0000
M5,25/07/23,15:05:11,     6,  2034,   419,  999.8, 300,23.9,26.8, 0.0,  0, 0.0000,     0,22.4,24.6,18.3, 20,     8,     5, 0.0000, 0.0000
M5,25/07/23,15:05:12,     6,  2035,   420,  999.8, 300,23.9,26.8, 0.0,  0, 0.0000,     0,22.4,24.6,18.3, 20,     9,     6, 0.0000, 0.0000
M5,25/07/23,15:05:13,     6,  2036,   421,  999.8, 300,23.9,26.8, 0.0,  0, 0.0000,     0,22.4,24.6,18.3, 20,     9,     7, 0.0000, 0.0000
M5,25/07/23,15:05:14,     6,  2037,   421,  999.7, 300,23.9,26.8, 0.0,  0, 0.0000,     0,22.4,24.7,18.3, 20,    10,     8, 0.0000, 0.0000
M5,25/07/23,15:05:15,     6,  2038,   422,  999.7, 300,24.0,26.8, 0.0,  0, 0.0000,     0,22.4,24.7,18.3, 20,    11,     9, 0.0000, 0.0000
M5,25/07/23,15:05:16,     6,  2039,   422,  999.7, 300,24.0,26.8, 0.0,  0, 0.0000,     0,22.4,24.7,18.3, 25,    11,    10, 0.0000, 0.0000
M5,25/07/23,15:05:17,     6,  2040,   423,  999.7, 300,24.1,26.8, 0.0,  0, 0.0000,     0,22.4,24.7,18.3, 25,    12,    11, 0.0000, 0.0000
M5,25/07/23,15:05:18,     6,  2041,   424,  999.7, 300,24.1,26.8, 0.0,  0, 0.0000,     0,22.4,24.8,18.3, 25,    12,    12, 0.0000, 0.0000
M5,25/07/23,15:05:19,     6,  2042,   424,  999.7, 300,24.1,26.8, 0.0,  0, 0.0000,     0,22.4,24.8,18.3, 25,    13,    13, 0.8233, 0.8631
M5,25/07/23,15:05:20,     6,  2043,   425,  999.7, 300,24.1,26.8, 0.0,  0, 0.0000,     0,22.4,24.8,18.3, 25,    14,    14, 0.8134, 0.8434
M5,25/07/23,15:05:21,     6,  2044,   425,  999.7, 300,24.1,26.8, 0.0,  0, 0.0000,     0,22.4,24.8,18.3, 25,    14,    15, 0.7794, 0.8909
M5,25/07/23,15:05:22,     6,  2045,   426,  999.7, 300,24.2,26.8, 0.0,  0, 0.0000,     0,22.4,24.8,18.3, 25,    15,    16, 0.7756, 0.8600
M5,25/07/23,15:05:23,     6,  2046,   427,  999.7, 300,24.2,26.8, 0.0,  0, 0.0000,     0,22.4,24.8,18.3, 25,    16,    17, 0.7728, 0.8243
M5,25/07/23,15:05:24,     6,  2047,   427,  999.7, 300,24.2,26.8, 0.0,  0, 0.0000,     0,22.4,24.9,18.3, 25,    16,    18, 0.7771, 0.8028
M5,25/07/23,15:05:25,     6,  2048,   428,  999.7, 300,24.2,26.8, 0.0,  0, 0.0000,     0,22.4,24.9,18.3, 25,    17,    19, 0.7671, 0.8151
M5,25/07/23,15:05:26,     6,  2049,   428,  999.7, 300,24.3,26.8, 0.0,  0, 0.0000,     0,22.4,24.9,18.3, 25,    17,    20, 0.7657, 0.8093
M5,25/07/23,15:05:27,     6,  2050,   429,  999.7, 300,24.3,26.8, 0.0,  0, 0.0000,     0,22.4,24.9,18.3, 25,    18,    21, 0.7567, 0.8175
M5,25/07/23,15:05:28,     6,  2051,   429,  999.7, 300,24.4,26.8, 0.0,  0, 0.0000,     0,22.4,24.9,18.3, 25,    18,    22, 0.7500, 0.8325
M5,25/07/23,15:05:29,     6,  2052,   430,  999.7, 300,24.4,26.8, 0.0,  0, 0.0000,     0,22.4,24.9,18.3, 25,    19,    23, 0.7331, 0.8580
M5,25/07/23,15:05:30,     6,  2053,   430,  999.7, 300,24.4,26.8, 0.0,  0, 0.0000,     0,22.4,25.0,18.3, 25,    19,    24, 0.7187, 0.8682
M5,25/07/23,15:05:31,     6,  2054,   431,  999.7, 300,24.4,26.8, 0.0,  0, 0.0000,     0,22.4,25.0,18.3, 25,    20,    25, 0.7083, 0.8710
M5,25/07/23,15:05:32,     6,  2055,   431,  999.7, 300,24.4,26.8, 0.0,  0, 0.0000,     0,22.4,25.0,18.3, 25,    20,    26, 0.7016, 0.8538
M5,25/07/23,15:05:33,     6,  2056,   432,  999.7, 300,24.5,26.8, 0.0,  0, 0.0000,     0,22.4,25.0,18.3, 25,    21,    27, 0.7032, 0.8191
M5,25/07/23,15:05:34,     6,  2057,   433,  999.7, 300,24.5,26.8, 0.0,  0, 0.0000,     0,22.4,25.0,18.3, 25,    22,    28, 0.7019, 0.7977
M5,25/07/23,15:05:35,     6,  2058,   433,  999.7, 300,24.5,26.8, 0.0,  0, 0.0000,     0,22.4,25.0,18.3, 25,    22,    29, 0.7009, 0.7865
M5,25/07/23,15:05:36,     6,  2059,   434,  999.7, 300,24.5,26.8, 0.0,  0, 0.0000,     0,22.4,25.0,18.3, 25,    22,    30, 0.6952, 0.7875
M5,25/07/23,15:05:37,     6,  2060,   434,  999.7, 300,24.5,26.8, 0.0,  0, 0.0000,     0,22.4,25.0,18.3, 25,    23,    31, 0.6881, 0.7927
M5,25/07/23,15:05:38,     6,  2061,   434,  999.7, 300,24.5,26.8, 0.0,  0, 0.0000,     0,22.4,25.0,18.3, 25,    23,    32, 0.6828, 0.7954
M5,25/07/23,15:05:39,     6,  2062,   435,  999.7, 300,24.5,26.8, 0.0,  0, 0.0000,     0,22.4,25.0,18.3, 25,    24,    33, 0.6771, 0.7948
M5,25/07/23,15:05:40,     6,  2063,   436,  999.7, 300,24.6,26.8, 0.0,  0, 0.0000,     0,22.4,25.0,18.3, 25,    25,    34, 0.6750, 0.7873
M5,25/07/23,15:05:41,     6,  2064,   436,  999.7, 300,24.6,26.8, 0.0,  0, 0.0000,     0,22.4,25.0,18.3, 25,    25,    35, 0.6700, 0.7858
M5,25/07/23,15:05:42,     6,  2065,   436,  999.7, 300,24.7,26.8, 0.0,  0, 0.0000,     0,22.4,25.0,18.3, 25,    25,    36, 0.6669, 0.7844
M5,25/07/23,15:05:43,     6,  2066,   437,  999.7, 300,24.7,26.8, 0.0,  0, 0.0000,     0,22.4,25.1,18.3, 25,    26,    37, 0.6642, 0.7755
M5,25/07/23,15:05:44,     6,  2067,   437,  999.7, 300,24.7,26.8, 0.0,  0, 0.0000,     0,22.4,25.1,18.3, 25,    26,    38, 0.6603, 0.7727
M5,25/07/23,15:05:45,     6,  2068,   438,  999.7, 300,24.7,26.8, 0.0,  0, 0.0000,     0,22.4,25.1,18.3, 25,    27,    39, 0.6569, 0.7694
M5,25/07/23,15:05:46,     6,  2069,   438,  999.7, 300,24.7,26.8, 0.0,  0, 0.0000,     0,22.4,25.1,18.3, 25,    27,    40, 0.6537, 0.7653
M5,25/07/23,15:05:47,     6,  2070,   439,  999.7, 300,24.7,26.8, 0.0,  0, 0.0000,     0,22.4,25.1,18.3, 25,    28,    41, 0.6517, 0.7618
M5,25/07/23,15:05:48,     6,  2071,   440,  999.7, 300,24.7,26.8, 0.0,  0, 0.0000,     0,22.4,25.1,18.3, 25,    28,    42, 0.6500, 0.7533
M5,25/07/23,15:05:49,     6,  2072,   440,  999.7, 300,24.8,26.8, 0.0,  0, 0.0000,     0,22.4,25.1,18.3, 25,    29,    43, 0.6498, 0.7428
M5,25/07/23,15:05:50,     6,  2073,   441,  999.7, 300,24.8,26.8, 0.0,  0, 0.0000,     0,22.4,25.1,18.3, 25,    30,    44, 0.6500, 0.7303
M5,25/07/23,15:05:51,     6,  2074,   441,  999.7, 300,24.8,26.8, 0.0,  0, 0.0000,     0,22.4,25.1,18.3, 25,    30,    45, 0.6497, 0.7243
M5,25/07/23,15:05:52,     6,  2075,   442,  999.7, 300,24.8,26.8, 0.0,  0, 0.0000,     0,22.4,25.1,18.3, 25,    31,    46, 0.6486, 0.7187
M5,25/07/23,15:05:53,     6,  2076,   442,  999.7, 300,24.8,26.8, 0.0,  0, 0.0000,     0,22.4,25.1,18.3, 25,    31,    47, 0.6468, 0.7169
M5,25/07/23,15:05:54,     6,  2077,   443,  999.7, 300,24.9,26.8, 0.0,  0, 0.0000,     0,22.4,25.1,18.3, 25,    32,    48, 0.6464, 0.7128
M5,25/07/23,15:05:55,     6,  2078,   443,  999.7, 300,24.9,26.8, 0.0,  0, 0.0000,     0,22.4,25.1,18.3, 25,    32,    49, 0.6462, 0.7060
M5,25/07/23,15:05:56,     6,  2079,   444,  999.7, 300,24.9,26.8, 0.0,  0, 0.0000,     0,22.4,25.1,18.3, 25,    33,    50, 0.6462, 0.7009
M5,25/07/23,15:05:57,     6,  2080,   444,  999.7, 300,24.9,26.8, 0.0,  0, 0.0000,     0,22.4,25.1,18.3, 25,    33,    51, 0.6460, 0.6952
M5,25/07/23,15:05:58,     6,  2081,   445,  999.7, 300,24.9,26.8, 0.0,  0, 0.0000,     0,22.4,25.1,18.3, 25,    34,    52, 0.6459, 0.6908
M5,25/07/23,15:05:59,     6,  2082,   445,  999.7, 300,24.9,26.8, 0.0,  0, 0.0000,     0,22.4,25.1,18.3, 25,    34,    53, 0.6456, 0.6870
M5,25/07/23,15:06:00,     6,  2083,   446,  999.7, 300,24.9,26.8, 0.0,  0, 0.0000,     0,22.4,25.1,18.3, 25,    35,    54, 0.6457, 0.6817
M5,25/07/23,15:06:01,     6,  2084,   447,  999.7, 300,24.9,26.8, 0.0,  0, 0.0000,     0,22.4,25.1,18.3, 25,    36,    55, 0.6464, 0.6757
M5,25/07/23,15:06:02,     6,  2085,   447,  999.7, 300,24.9,26.8, 0.0,  0, 0.0000,     0,22.4,25.1,18.3, 25,    36,    56, 0.6468, 0.6707
M5,25/07/23,15:06:03,     6,  2086,   448,  999.7, 300,25.0,26.8, 0.0,  0, 0.0000,     0,22.4,25.1,18.2, 25,    37,    57, 0.6492, 0.6618
M5,25/07/23,15:06:04,     6,  2087,   449,  999.7, 300,25.0,26.8, 0.0,  0, 0.0000,     0,22.4,25.1,18.2, 25,    38,    58, 0.6511, 0.6525
M5,25/07/23,15:06:05,     6,  2088,   449,  999.7, 300,25.0,26.8, 0.0,  0, 0.0000,     0,22.4,25.1,18.2, 25,    38,    59, 0.6529, 0.6456
M5,25/07/23,15:06:06,     6,  2089,   450,  999.7, 300,25.0,26.8, 0.0,  0, 0.0000,     0,22.4,25.1,18.2, 25,    39,    60, 0.6538, 0.6419
R5,25/07/23,15:06:06,     6,  2089,   450,  999.7, 300,25.0,26.8, 0.0,  0, 0.0000,     0,22.4,25.1,18.2, 25,    39,    60, 0.6538, 0.6419
End
Start
M5,25/07/23,15:08:02,     7,  2204,   416,  999.7, 300,23.2,26.7, 0.0,  0, 0.0000,     0,22.1,24.3,39.7, 20,     3,     1, 0.0000, 0.0000
M5,25/07/23,15:08:03,     7,  2205,   418,  999.7, 300,23.2,26.7, 0.0,  0, 0.0000,     0,22.1,24.4,39.7, 20,     5,     2, 0.0000, 0.0000
M5,25/07/23,15:08:04,     7,  2206,   420,  999.7, 300,23.2,26.7, 0.0,  0, 0.0000,     0,22.1,24.4,39.7, 20,     6,     3, 0.0000, 0.0000
M5,25/07/23,15:08:05,     7,  2207,   421,  999.7, 300,23.2,26.7, 0.0,  0, 0.0000,     0,22.1,24.4,39.7, 20,     8,     4, 0.0000, 0.0000
M5,25/07/23,15:08:06,     7,  2208,   422,  999.7, 300,23.2,26.7, 0.0,  0, 0.0000,     0,22.1,24.4,39.7, 20,     9,     5, 0.0000, 0.0000
M5,25/07/23,15:08:07,     7,  2209,   423,  999.7, 300,23.2,26.7, 0.0,  0, 0.0000,     0,22.1,24.5,39.7, 20,    10,     6, 0.0000, 0.0000
M5,25/07/23,15:08:08,     7,  2210,   424,  999.7, 300,23.3,26.7, 0.0,  0, 0.0000,     0,22.1,24.5,39.7, 20,    11,     7, 0.0000, 0.0000
M5,25/07/23,15:08:09,     7,  2211,   425,  999.7, 300,23.3,26.7, 0.0,  0, 0.0000,     0,22.1,24.5,39.7, 20,    12,     8, 0.0000, 0.0000
M5,25/07/23,15:08:10,     7,  2212,   426,  999.7, 300,23.4,26.7, 0.0,  0, 0.0000,     0,22.1,24.5,39.7, 20,    13,     9, 0.0000, 0.0000
M5,25/07/23,15:08:11,     7,  2213,   427,  999.7, 300,23.4,26.7, 0.0,  0, 0.0000,     0,22.1,24.6,39.7, 25,    14,    10, 0.0000, 0.0000
M5,25/07/23,15:08:12,     7,  2214,   428,  999.7, 300,23.4,26.7, 0.0,  0, 0.0000,     0,22.1,24.6,39.7, 25,    14,    11, 0.0000, 0.0000
M5,25/07/23,15:08:13,     7,  2215,   429,  999.7, 300,23.5,26.7, 0.0,  0, 0.0000,     0,22.1,24.6,39.7, 25,    15,    12, 0.0000, 0.0000
M5,25/07/23,15:08:14,     7,  2216,   429,  999.7, 300,23.5,26.7, 0.0,  0, 0.0000,     0,22.1,24.6,39.7, 25,    16,    13, 1.0890, 1.0884
M5,25/07/23,15:08:15,     7,  2217,   430,  999.7, 300,23.6,26.7, 0.0,  0, 0.0000,     0,22.1,24.7,39.7, 25,    17,    14, 1.1170, 1.0589
M5,25/07/23,15:08:16,     7,  2218,   431,  999.7, 300,23.6,26.7, 0.0,  0, 0.0000,     0,22.1,24.7,39.7, 25,    18,    15, 1.1033, 1.1013
M5,25/07/23,15:08:17,     7,  2219,   432,  999.7, 300,23.7,26.7, 0.0,  0, 0.0000,     0,22.1,24.7,39.7, 25,    19,    16, 1.0735, 1.1845
M5,25/07/23,15:08:18,     7,  2220,   432,  999.7, 300,23.7,26.7, 0.0,  0, 0.0000,     0,22.1,24.7,39.7, 25,    19,    17, 1.0087, 1.2869
M5,25/07/23,15:08:19,     7,  2221,   433,  999.7, 300,23.7,26.7, 0.0,  0, 0.0000,     0,22.1,24.7,39.7, 25,    20,    18, 0.9647, 1.2880
M5,25/07/23,15:08:20,     7,  2222,   433,  999.7, 300,23.8,26.7, 0.0,  0, 0.0000,     0,22.1,24.8,39.7, 25,    20,    19, 0.9281, 1.2905
M5,25/07/23,15:08:21,     7,  2223,   434,  999.7, 300,23.8,26.7, 0.0,  0, 0.0000,     0,22.1,24.8,39.7, 25,    21,    20, 0.8989, 1.2499
M5,25/07/23,15:08:22,     7,  2224,   435,  999.7, 300,23.9,26.8, 0.0,  0, 0.0000,     0,22.1,24.8,39.7, 25,    22,    21, 0.8909, 1.1822
M5,25/07/23,15:08:23,     7,  2225,   436,  999.7, 300,23.9,26.8, 0.0,  0, 0.0000,     0,22.1,24.8,39.7, 25,    23,    22, 0.8931, 1.0883
M5,25/07/23,15:08:24,     7,  2226,   437,  999.7, 300,23.9,26.7, 0.0,  0, 0.0000,     0,22.1,24.8,39.7, 25,    23,    23, 0.9005, 1.0208
M5,25/07/23,15:08:25,     7,  2227,   437,  999.7, 300,23.9,26.7, 0.0,  0, 0.0000,     0,22.1,24.8,39.7, 25,    24,    24, 0.9008, 0.9841
M5,25/07/23,15:08:26,     7,  2228,   438,  999.7, 300,23.9,26.7, 0.0,  0, 0.0000,     0,22.1,24.8,39.7, 25,    25,    25, 0.8989, 0.9652
M5,25/07/23,15:08:27,     7,  2229,   439,  999.7, 300,24.0,26.8, 0.0,  0, 0.0000,     0,22.1,24.9,39.7, 25,    25,    26, 0.8987, 0.9589
M5,25/07/23,15:08:28,     7,  2230,   439,  999.7, 300,24.0,26.8, 0.0,  0, 0.0000,     0,22.1,24.9,39.7, 25,    26,    27, 0.8982, 0.9428
M5,25/07/23,15:08:29,     7,  2231,   440,  999.7, 300,24.1,26.8, 0.0,  0, 0.0000,     0,22.1,24.9,39.7, 25,    27,    28, 0.9053, 0.9170
M5,25/07/23,15:08:30,     7,  2232,   441,  999.7, 300,24.1,26.8, 0.0,  0, 0.0000,     0,22.1,24.9,39.7, 25,    28,    29, 0.9099, 0.8946
M5,25/07/23,15:08:31,     7,  2233,   442,  999.7, 300,24.2,26.8, 0.0,  0, 0.0000,     0,22.1,24.9,39.7, 25,    29,    30, 0.9166, 0.8792
M5,25/07/23,15:08:32,     7,  2234,   443,  999.7, 300,24.2,26.8, 0.0,  0, 0.0000,     0,22.1,24.9,39.7, 25,    30,    31, 0.9187, 0.8738
M5,25/07/23,15:08:33,     7,  2235,   443,  999.7, 300,24.2,26.8, 0.0,  0, 0.0000,     0,22.1,24.9,39.7, 25,    30,    32, 0.9210, 0.8773
M5,25/07/23,15:08:34,     7,  2236,   444,  999.7, 300,24.2,26.8, 0.0,  0, 0.0000,     0,22.1,24.9,39.7, 25,    31,    33, 0.9201, 0.8829
M5,25/07/23,15:08:35,     7,  2237,   445,  999.7, 300,24.2,26.8, 0.0,  0, 0.0000,     0,22.1,24.9,39.7, 25,    31,    34, 0.9165, 0.8968
M5,25/07/23,15:08:36,     7,  2238,   445,  999.7, 300,24.3,26.7, 0.0,  0, 0.0000,     0,22.1,24.9,39.7, 25,    32,    35, 0.9158, 0.9044
M5,25/07/23,15:08:37,     7,  2239,   446,  999.7, 300,24.3,26.7, 0.0,  0, 0.0000,     0,22.1,25.0,39.7, 25,    33,    36, 0.9149, 0.9056
M5,25/07/23,15:08:38,     7,  2240,   447,  999.7, 300,24.4,26.8, 0.0,  0, 0.0000,     0,22.1,25.0,39.7, 25,    34,    37, 0.9149, 0.9107
M5,25/07/23,15:08:39,     7,  2241,   448,  999.7, 300,24.4,26.8, 0.0,  0, 0.0000,     0,22.1,25.0,39.7, 25,    35,    38, 0.9156, 0.9054
M5,25/07/23,15:08:40,     7,  2242,   449,  999.7, 300,24.4,26.8, 0.0,  0, 0.0000,     0,22.1,25.0,39.7, 25,    36,    39, 0.9193, 0.8960
M5,25/07/23,15:08:41,     7,  2243,   450,  999.7, 300,24.4,26.8, 0.0,  0, 0.0000,     0,22.1,25.0,39.7, 25,    36,    40, 0.9207, 0.8909
M5,25/07/23,15:08:42,     7,  2244,   451,  999.7, 300,24.4,26.8, 0.0,  0, 0.0000,     0,22.1,25.0,39.7, 25,    37,    41, 0.9235, 0.8814
M5,25/07/23,15:08:43,     7,  2245,   451,  999.7, 300,24.5,26.7, 0.0,  0, 0.0000,     0,22.1,25.0,39.7, 25,    38,    42, 0.9270, 0.8740
M5,25/07/23,15:08:44,     7,  2246,   453,  999.7, 300,24.5,26.7, 0.0,  0, 0.0000,     0,22.1,25.0,39.7, 25,    39,    43, 0.9319, 0.8600
M5,25/07/23,15:08:45,     7,  2247,   453,  999.7, 300,24.5,26.7, 0.0,  0, 0.0000,     0,22.1,25.0,39.7, 25,    40,    44, 0.9374, 0.8504
M5,25/07/23,15:08:46,     7,  2248,   454,  999.7, 300,24.5,26.7, 0.0,  0, 0.0000,     0,22.1,25.0,39.7, 25,    41,    45, 0.9414, 0.8425
M5,25/07/23,15:08:47,     7,  2249,   455,  999.7, 300,24.6,26.8, 0.0,  0, 0.0000,     0,22.1,25.0,39.7, 25,    42,    46, 0.9445, 0.8440
M5,25/07/23,15:08:48,     7,  2250,   456,  999.7, 300,24.6,26.8, 0.0,  0, 0.0000,     0,22.1,25.0,39.7, 25,    43,    47, 0.9473, 0.8418
M5,25/07/23,15:08:49,     7,  2251,   457,  999.7, 300,24.6,26.8, 0.0,  0, 0.0000,     0,22.1,25.0,39.7, 25,    43,    48, 0.9500, 0.8403
M5,25/07/23,15:08:50,     7,  2252,   457,  999.7, 300,24.7,26.8, 0.0,  0, 0.0000,     0,22.1,25.0,39.7, 25,    44,    49, 0.9516, 0.8456
M5,25/07/23,15:08:51,     7,  2253,   458,  999.7, 300,24.7,26.8, 0.0,  0, 0.0000,     0,22.1,25.1,39.7, 25,    44,    50, 0.9512, 0.8547
M5,25/07/23,15:08:52,     7,  2254,   459,  999.7, 300,24.7,26.8, 0.0,  0, 0.0000,     0,22.1,25.1,39.7, 25,    45,    51, 0.9521, 0.8628
M5,25/07/23,15:08:53,     7,  2255,   460,  999.7, 300,24.7,26.8, 0.0,  0, 0.0000,     0,22.1,25.1,39.7, 25,    47,    52, 0.9535, 0.8636
M5,25/07/23,15:08:54,     7,  2256,   461,  999.7, 300,24.8,26.8, 0.0,  0, 0.0000,     0,22.1,25.1,39.7, 25,    47,    53, 0.9553, 0.8647
M5,25/07/23,15:08:55,     7,  2257,   461,  999.7, 300,24.8,26.8, 0.0,  0, 0.0000,     0,22.1,25.1,39.7, 25,    48,    54, 0.9568, 0.8653
M5,25/07/23,15:08:56,     7,  2258,   462,  999.7, 300,24.8,26.8, 0.0,  0, 0.0000,     0,22.1,25.1,39.7, 25,    49,    55, 0.9582, 0.8686
M5,25/07/23,15:08:57,     7,  2259,   463,  999.7, 300,24.8,26.8, 0.0,  0, 0.0000,     0,22.1,25.1,39.7, 25,    50,    56, 0.9586, 0.8728
M5,25/07/23,15:08:58,     7,  2260,   463,  999.7, 300,24.8,26.8, 0.0,  0, 0.0000,     0,22.1,25.1,39.7, 25,    50,    57, 0.9577, 0.8810
M5,25/07/23,15:08:59,     7,  2261,   464,  999.7, 300,24.8,26.7, 0.0,  0, 0.0000,     0,22.1,25.1,39.7, 25,    51,    58, 0.9570, 0.8897
R5,25/07/23,15:08:59,     7,  2261,   464,  999.7, 300,24.8,26.7, 0.0,  0, 0.0000,     0,22.1,25.1,39.7, 25,    51,    58, 0.9570, 0.8897
End
Start
M5,25/07/23,15:09:46,     7,  2307,   414,  999.7, 300,23.4,26.7, 0.0,  0, 0.0000,     0,22.1,24.5,39.7, 20,     3,     1, 0.0000, 0.0000
M5,25/07/23,15:09:47,     7,  2308,   417,  999.7, 300,23.4,26.7, 0.0,  0, 0.0000,     0,22.1,24.5,39.7, 20,     5,     2, 0.0000, 0.0000
M5,25/07/23,15:09:48,     7,  2309,   418,  999.7, 300,23.3,26.7, 0.0,  0, 0.0000,     0,22.1,24.5,39.7, 20,     7,     3, 0.0000, 0.0000
M5,25/07/23,15:09:49,     7,  2310,   420,  999.7, 300,23.3,26.7, 0.0,  0, 0.0000,     0,22.1,24.6,39.7, 20,     8,     4, 0.0000, 0.0000
M5,25/07/23,15:09:50,     7,  2311,   421,  999.7, 300,23.3,26.7, 0.0,  0, 0.0000,     0,22.1,24.6,39.7, 20,    10,     5, 0.0000, 0.0000
M5,25/07/23,15:09:51,     7,  2312,   422,  999.7, 300,23.3,26.7, 0.0,  0, 0.0000,     0,22.1,24.7,39.7, 20,    11,     6, 0.0000, 0.0000
M5,25/07/23,15:09:52,     7,  2313,   423,  999.7, 300,23.3,26.7, 0.0,  0, 0.0000,     0,22.1,24.7,39.7, 20,    11,     7, 0.0000, 0.0000
M5,25/07/23,15:09:53,     7,  2314,   423,  999.7, 300,23.4,26.7, 0.0,  0, 0.0000,     0,22.1,24.7,39.7, 20,    12,     8, 0.0000, 0.0000
M5,25/07/23,15:09:54,     7,  2315,   424,  999.7, 300,23.4,26.7, 0.0,  0, 0.0000,     0,22.1,24.8,39.7, 20,    13,     9, 0.0000, 0.0000
M5,25/07/23,15:09:55,     7,  2316,   425,  999.7, 300,23.4,26.7, 0.0,  0, 0.0000,     0,22.1,24.8,39.9, 25,    14,    10, 0.0000, 0.0000
M5,25/07/23,15:09:56,     7,  2317,   426,  999.7, 300,23.4,26.7, 0.0,  0, 0.0000,     0,22.1,24.8,39.9, 25,    14,    11, 0.0000, 0.0000
M5,25/07/23,15:09:57,     7,  2318,   427,  999.7, 300,23.5,26.8, 0.0,  0, 0.0000,     0,22.1,24.9,39.9, 25,    15,    12, 0.0000, 0.0000
M5,25/07/23,15:09:58,     7,  2319,   428,  999.7, 300,23.5,26.8, 0.0,  0, 0.0000,     0,22.1,24.9,39.9, 25,    16,    13, 1.2007, 0.9030
M5,25/07/23,15:09:59,     7,  2320,   429,  999.7, 300,23.5,26.8, 0.0,  0, 0.0000,     0,22.1,24.9,39.9, 25,    18,    14, 1.2282, 1.0251
M5,25/07/23,15:10:00,     7,  2321,   429,  999.7, 300,23.6,26.7, 0.0,  0, 0.0000,     0,22.1,24.9,39.9, 25,    18,    15, 1.1790, 1.2453
M5,25/07/23,15:10:01,     7,  2322,   430,  999.7, 300,23.6,26.7, 0.0,  0, 0.0000,     0,22.1,25.0,39.9, 25,    19,    16, 1.1182, 1.3480
M5,25/07/23,15:10:02,     7,  2323,   431,  999.7, 300,23.6,26.7, 0.0,  0, 0.0000,     0,22.1,25.0,39.9, 25,    20,    17, 1.0882, 1.3409
M5,25/07/23,15:10:03,     7,  2324,   432,  999.7, 300,23.6,26.7, 0.0,  0, 0.0000,     0,22.1,25.0,39.9, 25,    20,    18, 1.0517, 1.3344
M5,25/07/23,15:10:04,     7,  2325,   432,  999.7, 300,23.7,26.7, 0.0,  0, 0.0000,     0,22.1,25.0,39.9, 25,    21,    19, 1.0352, 1.2960
M5,25/07/23,15:10:05,     7,  2326,   433,  999.7, 300,23.7,26.7, 0.0,  0, 0.0000,     0,22.1,25.1,39.9, 25,    22,    20, 1.0208, 1.2479
M5,25/07/23,15:10:06,     7,  2327,   434,  999.7, 295,23.8,26.7, 0.0,  0, 0.0000,     0,22.1,25.1,39.9, 25,    23,    21, 1.0233, 1.1843
M5,25/07/23,15:10:07,     7,  2328,   435,  999.7, 294,23.8,26.7, 0.0,  0, 0.0000,     0,22.1,25.1,39.9, 25,    24,    22, 1.0213, 1.1401
M5,25/07/23,15:10:08,     7,  2329,   436,  999.7, 302,23.8,26.7, 0.0,  0, 0.0000,     0,22.1,25.1,39.9, 25,    25,    23, 1.0194, 1.1101
M5,25/07/23,15:10:09,     7,  2330,   437,  999.7, 304,23.9,26.8, 0.0,  0, 0.0000,     0,22.1,25.1,39.9, 25,    25,    24, 1.0215, 1.0928
M5,25/07/23,15:10:10,     7,  2331,   438,  999.7, 302,23.9,26.8, 0.0,  0, 0.0000,     0,22.1,25.1,39.9, 25,    26,    25, 1.0197, 1.0772
M5,25/07/23,15:10:11,     7,  2332,   438,  999.7, 301,24.0,26.8, 0.0,  0, 0.0000,     0,22.1,25.2,39.9, 25,    27,    26, 1.0174, 1.0811
M5,25/07/23,15:10:12,     7,  2333,   439,  999.7, 300,24.0,26.8, 0.0,  0, 0.0000,     0,22.1,25.2,39.9, 25,    28,    27, 1.0096, 1.0886
M5,25/07/23,15:10:13,     7,  2334,   439,  999.7, 300,24.1,26.8, 0.0,  0, 0.0000,     0,22.1,25.2,39.9, 25,    28,    28, 1.0011, 1.1117
M5,25/07/23,15:10:14,     7,  2335,   440,  999.7, 300,24.1,26.8, 0.0,  0, 0.0000,     0,22.1,25.2,39.9, 25,    29,    29, 0.9923, 1.1158
M5,25/07/23,15:10:15,     7,  2336,   441,  999.7, 300,24.1,26.8, 0.0,  0, 0.0000,     0,22.1,25.2,39.9, 25,    30,    30, 0.9833, 1.1197
M5,25/07/23,15:10:16,     7,  2337,   442,  999.7, 300,24.3,26.8, 0.0,  0, 0.0000,     0,22.1,25.2,39.7, 25,    31,    31, 0.9825, 1.1100
M5,25/07/23,15:10:17,     7,  2338,   443,  999.7, 300,24.3,26.8, 0.0,  0, 0.0000,     0,22.1,25.2,39.7, 25,    32,    32, 0.9817, 1.0879
M5,25/07/23,15:10:18,     7,  2339,   443,  999.7, 300,24.4,26.8, 0.0,  0, 0.0000,     0,22.1,25.2,39.7, 25,    32,    33, 0.9822, 1.0785
M5,25/07/23,15:10:19,     7,  2340,   444,  999.7, 300,24.4,26.8, 0.0,  0, 0.0000,     0,22.1,25.3,39.7, 25,    33,    34, 0.9781, 1.0738
M5,25/07/23,15:10:20,     7,  2341,   445,  999.7, 300,24.5,26.8, 0.0,  0, 0.0000,     0,22.1,25.3,39.7, 25,    33,    35, 0.9739, 1.0803
M5,25/07/23,15:10:21,     7,  2342,   445,  999.7, 300,24.5,26.8, 0.0,  0, 0.0000,     0,22.1,25.3,39.7, 25,    34,    36, 0.9675, 1.0839
M5,25/07/23,15:10:22,     7,  2343,   446,  999.7, 300,24.5,26.8, 0.0,  0, 0.0000,     0,22.1,25.3,39.7, 25,    35,    37, 0.9626, 1.0815
M5,25/07/23,15:10:23,     7,  2344,   447,  999.7, 300,24.5,26.8, 0.0,  0, 0.0000,     0,22.1,25.3,39.7, 25,    35,    38, 0.9590, 1.0818
M5,25/07/23,15:10:24,     7,  2345,   448,  999.7, 300,24.5,26.8, 0.0,  0, 0.0000,     0,22.1,25.3,39.7, 25,    36,    39, 0.9552, 1.0764
M5,25/07/23,15:10:25,     7,  2346,   448,  999.7, 300,24.6,26.8, 0.0,  0, 0.0000,     0,22.1,25.3,39.7, 25,    37,    40, 0.9527, 1.0742
M5,25/07/23,15:10:26,     7,  2347,   449,  999.7, 300,24.6,26.8, 0.0,  0, 0.0000,     0,22.1,25.3,39.7, 25,    38,    41, 0.9498, 1.0673
M5,25/07/23,15:10:27,     7,  2348,   450,  999.7, 300,24.7,26.8, 0.0,  0, 0.0000,     0,22.1,25.3,39.7, 25,    38,    42, 0.9476, 1.0634
M5,25/07/23,15:10:28,     7,  2349,   451,  999.7, 300,24.7,26.8, 0.0,  0, 0.0000,     0,22.1,25.3,39.7, 25,    39,    43, 0.9452, 1.0561
M5,25/07/23,15:10:29,     7,  2350,   452,  999.7, 300,24.8,26.8, 0.0,  0, 0.0000,     0,22.1,25.3,39.7, 25,    40,    44, 0.9459, 1.0453
M5,25/07/23,15:10:30,     7,  2351,   453,  999.7, 300,24.8,26.8, 0.0,  0, 0.0000,     0,22.1,25.3,39.7, 25,    41,    45, 0.9465, 1.0300
M5,25/07/23,15:10:31,     7,  2352,   453,  999.7, 300,24.8,26.8, 0.0,  0, 0.0000,     0,22.1,25.3,39.7, 25,    42,    46, 0.9464, 1.0190
M5,25/07/23,15:10:32,     7,  2353,   454,  999.7, 300,24.8,26.8, 0.0,  0, 0.0000,     0,22.1,25.3,39.7, 25,    43,    47, 0.9466, 1.0122
M5,25/07/23,15:10:33,     7,  2354,   455,  999.7, 300,24.8,26.8, 0.0,  0, 0.0000,     0,22.1,25.3,39.7, 25,    44,    48, 0.9463, 1.0043
M5,25/07/23,15:10:34,     7,  2355,   455,  999.7, 300,24.9,26.8, 0.0,  0, 0.0000,     0,22.1,25.3,39.7, 25,    44,    49, 0.9456, 1.0024
M5,25/07/23,15:10:35,     7,  2356,   456,  999.7, 300,24.9,26.8, 0.0,  0, 0.0000,     0,22.1,25.3,39.7, 25,    45,    50, 0.9446, 0.9984
M5,25/07/23,15:10:36,     7,  2357,   457,  999.7, 300,24.9,26.8, 0.0,  0, 0.0000,     0,22.1,25.4,39.7, 25,    46,    51, 0.9448, 0.9945
M5,25/07/23,15:10:37,     7,  2358,   458,  999.7, 300,24.9,26.8, 0.0,  0, 0.0000,     0,22.1,25.4,39.9, 25,    47,    52, 0.9445, 0.9891
M5,25/07/23,15:10:38,     7,  2359,   459,  999.7, 300,24.9,26.8, 0.0,  0, 0.0000,     0,22.1,25.4,39.9, 25,    47,    53, 0.9444, 0.9834
M5,25/07/23,15:10:39,     7,  2360,   459,  999.7, 300,25.0,26.8, 0.0,  0, 0.0000,     0,22.1,25.4,39.9, 25,    48,    54, 0.9442, 0.9824
M5,25/07/23,15:10:40,     7,  2361,   460,  999.7, 300,25.0,26.8, 0.0,  0, 0.0000,     0,22.1,25.4,39.9, 25,    49,    55, 0.9435, 0.9796
M5,25/07/23,15:10:41,     7,  2362,   461,  999.7, 300,25.0,26.8, 0.0,  0, 0.0000,     0,22.1,25.4,39.9, 25,    50,    56, 0.9434, 0.9764
M5,25/07/23,15:10:42,     7,  2363,   462,  999.7, 300,25.0,26.8, 0.0,  0, 0.0000,     0,22.1,25.4,39.9, 25,    50,    57, 0.9433, 0.9724
R5,25/07/23,15:10:42,     7,  2363,   462,  999.7, 300,25.0,26.8, 0.0,  0, 0.0000,     0,22.1,25.4,39.9, 25,    50,    57, 0.9433, 0.9724
End
Start
M5,25/07/23,15:11:34,     7,  2415,   409,  999.8, 300,23.3,26.8, 0.0,  0, 0.0000,     0,22.1,24.6,39.9, 20,     2,     1, 0.0000, 0.0000
M5,25/07/23,15:11:35,     7,  2416,   411,  999.8, 300,23.3,26.8, 0.0,  0, 0.0000,     0,22.1,24.6,39.9, 20,     4,     2, 0.0000, 0.0000
M5,25/07/23,15:11:36,     7,  2417,   412,  999.8, 300,23.3,26.8, 0.0,  0, 0.0000,     0,22.1,24.7,39.9, 20,     5,     3, 0.0000, 0.0000
M5,25/07/23,15:11:37,     7,  2418,   413,  999.8, 300,23.3,26.8, 0.0,  0, 0.0000,     0,22.1,24.7,39.9, 20,     6,     4, 0.0000, 0.0000
M5,25/07/23,15:11:38,     7,  2419,   414,  999.8, 300,23.3,26.8, 0.0,  0, 0.0000,     0,22.1,24.7,39.9, 20,     7,     5, 0.0000, 0.0000
M5,25/07/23,15:11:39,     7,  2420,   415,  999.8, 300,23.3,26.8, 0.0,  0, 0.0000,     0,22.1,24.7,39.9, 20,     8,     6, 0.0000, 0.0000
M5,25/07/23,15:11:40,     7,  2421,   416,  999.8, 300,23.3,26.8, 0.0,  0, 0.0000,     0,22.1,24.8,39.9, 20,     9,     7, 0.0000, 0.0000
M5,25/07/23,15:11:41,     7,  2422,   417,  999.8, 300,23.4,26.8, 0.0,  0, 0.0000,     0,22.1,24.8,39.9, 20,    10,     8, 0.0000, 0.0000
M5,25/07/23,15:11:42,     7,  2423,   418,  999.8, 300,23.4,26.8, 0.0,  0, 0.0000,     0,22.1,24.8,39.9, 20,    11,     9, 0.0000, 0.0000
M5,25/07/23,15:11:43,     7,  2424,   418,  999.8, 300,23.5,26.8, 0.0,  0, 0.0000,     0,22.1,24.8,39.9, 25,    11,    10, 0.0000, 0.0000
M5,25/07/23,15:11:44,     7,  2425,   419,  999.8, 300,23.5,26.8, 0.0,  0, 0.0000,     0,22.1,24.8,39.9, 25,    12,    11, 0.0000, 0.0000
M5,25/07/23,15:11:45,     7,  2426,   420,  999.8, 300,23.6,26.8, 0.0,  0, 0.0000,     0,22.1,24.9,39.9, 25,    13,    12, 0.0000, 0.0000
M5,25/07/23,15:11:46,     7,  2427,   420,  999.8, 300,23.6,26.8, 0.0,  0, 0.0000,     0,22.1,24.9,39.9, 25,    14,    13, 0.9577, 0.9564
M5,25/07/23,15:11:47,     7,  2428,   421,  999.8, 300,23.6,26.8, 0.0,  0, 0.0000,     0,22.1,24.9,39.9, 25,    14,    14, 0.9174, 1.0213
M5,25/07/23,15:11:48,     7,  2429,   422,  999.8, 300,23.7,26.8, 0.0,  0, 0.0000,     0,22.1,24.9,39.9, 25,    15,    15, 0.8979, 1.0328
M5,25/07/23,15:11:49,     7,  2430,   422,  999.8, 300,23.7,26.8, 0.0,  0, 0.0000,     0,22.1,24.9,39.9, 25,    16,    16, 0.8751, 1.0123
M5,25/07/23,15:11:50,     7,  2431,   423,  999.8, 300,23.7,26.8, 0.0,  0, 0.0000,     0,22.1,25.0,39.9, 25,    16,    17, 0.8630, 0.9924
M5,25/07/23,15:11:51,     7,  2432,   424,  999.8, 300,23.7,26.8, 0.0,  0, 0.0000,     0,22.1,25.0,39.9, 25,    17,    18, 0.8635, 0.9340
M5,25/07/23,15:11:52,     7,  2433,   425,  999.8, 300,23.8,26.8, 0.0,  0, 0.0000,     0,22.1,25.0,39.9, 25,    18,    19, 0.8773, 0.8898
M5,25/07/23,15:11:53,     7,  2434,   425,  999.8, 300,23.8,26.8, 0.0,  0, 0.0000,     0,22.1,25.0,39.9, 25,    19,    20, 0.8770, 0.8787
M5,25/07/23,15:11:54,     7,  2435,   426,  999.8, 299,23.8,26.8, 0.0,  0, 0.0000,     0,22.1,25.0,39.9, 25,    19,    21, 0.8736, 0.8813
M5,25/07/23,15:11:55,     7,  2436,   427,  999.8, 300,23.9,26.8, 0.0,  0, 0.0000,     0,22.1,25.0,39.9, 25,    20,    22, 0.8728, 0.8911
M5,25/07/23,15:11:56,     7,  2437,   427,  999.8, 300,23.9,26.8, 0.0,  0, 0.0000,     0,22.1,25.0,39.9, 25,    21,    23, 0.8731, 0.8792
M5,25/07/23,15:11:57,     7,  2438,   428,  999.8, 301,24.0,26.8, 0.0,  0, 0.0000,     0,22.1,25.0,39.9, 25,    22,    24, 0.8848, 0.8517
M5,25/07/23,15:11:58,     7,  2439,   429,  999.8, 300,24.0,26.8, 0.0,  0, 0.0000,     0,22.1,25.1,39.9, 25,    22,    25, 0.8923, 0.8297
M5,25/07/23,15:11:59,     7,  2440,   430,  999.8, 300,24.1,26.8, 0.0,  0, 0.0000,     0,22.1,25.1,39.9, 25,    23,    26, 0.8937, 0.8436
M5,25/07/23,15:12:00,     7,  2441,   431,  999.8, 300,24.1,26.8, 0.0,  0, 0.0000,     0,22.1,25.1,39.9, 25,    24,    27, 0.8947, 0.8454
M5,25/07/23,15:12:01,     7,  2442,   431,  999.8, 300,24.1,26.8, 0.0,  0, 0.0000,     0,22.1,25.1,39.9, 25,    25,    28, 0.8988, 0.8445
M5,25/07/23,15:12:02,     7,  2443,   432,  999.8, 300,24.1,26.8, 0.0,  0, 0.0000,     0,22.1,25.1,39.9, 25,    25,    29, 0.8990, 0.8494
M5,25/07/23,15:12:03,     7,  2444,   433,  999.8, 300,24.1,26.8, 0.0,  0, 0.0000,     0,22.1,25.1,39.9, 25,    26,    30, 0.9004, 0.8493
M5,25/07/23,15:12:04,     7,  2445,   434,  999.8, 300,24.2,26.8, 0.0,  0, 0.0000,     0,22.1,25.1,39.9, 25,    27,    31, 0.9026, 0.8568
M5,25/07/23,15:12:05,     7,  2446,   434,  999.8, 300,24.2,26.8, 0.0,  0, 0.0000,     0,22.1,25.1,39.9, 25,    28,    32, 0.9035, 0.8574
M5,25/07/23,15:12:06,     7,  2447,   435,  999.8, 300,24.3,26.8, 0.0,  0, 0.0000,     0,22.1,25.1,39.9, 25,    28,    33, 0.9049, 0.8640
M5,25/07/23,15:12:07,     7,  2448,   436,  999.8, 300,24.3,26.8, 0.0,  0, 0.0000,     0,22.1,25.1,39.9, 25,    29,    34, 0.9054, 0.8647
M5,25/07/23,15:12:08,     7,  2449,   437,  999.8, 300,24.4,26.8, 0.0,  0, 0.0000,     0,22.1,25.1,39.9, 25,    30,    35, 0.9067, 0.8701
M5,25/07/23,15:12:09,     7,  2450,   437,  999.8, 300,24.4,26.8, 0.0,  0, 0.0000,     0,22.1,25.2,39.9, 25,    30,    36, 0.9055, 0.8759
M5,25/07/23,15:12:10,     7,  2451,   438,  999.8, 300,24.4,26.8, 0.0,  0, 0.0000,     0,22.1,25.2,39.9, 25,    31,    37, 0.9024, 0.8879
M5,25/07/23,15:12:11,     7,  2452,   438,  999.8, 300,24.4,26.8, 0.0,  0, 0.0000,     0,22.1,25.2,39.9, 25,    31,    38, 0.8987, 0.9040
M5,25/07/23,15:12:12,     7,  2453,   439,  999.8, 300,24.4,26.8, 0.0,  0, 0.0000,     0,22.1,25.2,39.9, 25,    32,    39, 0.8943, 0.9160
M5,25/07/23,15:12:13,     7,  2454,   440,  999.8, 300,24.5,26.8, 0.0,  0, 0.0000,     0,22.1,25.2,39.9, 25,    33,    40, 0.8916, 0.9267
M5,25/07/23,15:12:14,     7,  2455,   440,  999.8, 300,24.5,26.8, 0.0,  0, 0.0000,     0,22.1,25.2,39.9, 25,    33,    41, 0.8876, 0.9339
M5,25/07/23,15:12:15,     7,  2456,   441,  999.8, 300,24.6,26.8, 0.0,  0, 0.0000,     0,22.1,25.2,39.9, 25,    34,    42, 0.8837, 0.9439
M5,25/07/23,15:12:16,     7,  2457,   441,  999.8, 300,24.6,26.8, 0.0,  0, 0.0000,     0,22.1,25.2,39.9, 25,    34,    43, 0.8783, 0.9541
M5,25/07/23,15:12:17,     7,  2458,   442,  999.8, 300,24.6,26.8, 0.0,  0, 0.0000,     0,22.1,25.2,39.9, 25,    35,    44, 0.8724, 0.9644
M5,25/07/23,15:12:18,     7,  2459,   442,  999.8, 300,24.6,26.8, 0.0,  0, 0.0000,     0,22.1,25.2,39.9, 25,    35,    45, 0.8680, 0.9721
M5,25/07/23,15:12:19,     7,  2460,   443,  999.8, 300,24.6,26.8, 0.0,  0, 0.0000,     0,22.1,25.2,39.9, 25,    36,    46, 0.8644, 0.9724
M5,25/07/23,15:12:20,     7,  2461,   444,  999.8, 300,24.7,26.8, 0.0,  0, 0.0000,     0,22.1,25.2,39.9, 25,    37,    47, 0.8628, 0.9696
M5,25/07/23,15:12:21,     7,  2462,   445,  999.8, 300,24.7,26.8, 0.0,  0, 0.0000,     0,22.1,25.2,39.9, 25,    38,    48, 0.8604, 0.9657
M5,25/07/23,15:12:22,     7,  2463,   445,  999.8, 300,24.7,26.8, 0.0,  0, 0.0000,     0,22.1,25.2,39.9, 25,    39,    49, 0.8589, 0.9626
M5,25/07/23,15:12:23,     7,  2464,   446,  999.8, 300,24.7,26.8, 0.0,  0, 0.0000,     0,22.1,25.2,39.9, 25,    39,    50, 0.8568, 0.9587
M5,25/07/23,15:12:24,     7,  2465,   447,  999.8, 300,24.8,26.8, 0.0,  0, 0.0000,     0,22.1,25.2,39.9, 25,    40,    51, 0.8555, 0.9555
M5,25/07/23,15:12:25,     7,  2466,   447,  999.8, 300,24.8,26.8, 0.0,  0, 0.0000,     0,22.1,25.2,39.9, 25,    41,    52, 0.8536, 0.9516
M5,25/07/23,15:12:26,     7,  2467,   448,  999.8, 300,24.8,26.8, 0.0,  0, 0.0000,     0,22.1,25.2,39.9, 25,    41,    53, 0.8518, 0.9478
M5,25/07/23,15:12:27,     7,  2468,   449,  999.8, 300,24.8,26.8, 0.0,  0, 0.0000,     0,22.1,25.2,39.9, 25,    42,    54, 0.8515, 0.9428
M5,25/07/23,15:12:28,     7,  2469,   450,  999.8, 300,24.8,26.8, 0.0,  0, 0.0000,     0,22.1,25.2,39.9, 25,    43,    55, 0.8504, 0.9375
M5,25/07/23,15:12:29,     7,  2470,   450,  999.8, 300,24.9,26.8, 0.0,  0, 0.0000,     0,22.1,25.2,39.9, 25,    44,    56, 0.8502, 0.9310
M5,25/07/23,15:12:30,     7,  2471,   451,  999.8, 300,24.9,26.8, 0.0,  0, 0.0000,     0,22.1,25.2,39.9, 25,    44,    57, 0.8497, 0.9250
M5,25/07/23,15:12:31,     7,  2472,   452,  999.8, 300,24.9,26.8, 0.0,  0, 0.0000,     0,22.1,25.2,39.9, 25,    45,    58, 0.8495, 0.9203
M5,25/07/23,15:12:32,     7,  2473,   452,  999.8, 300,24.9,26.8, 0.0,  0, 0.0000,     0,22.1,25.3,39.9, 25,    46,    59, 0.8489, 0.9156
M5,25/07/23,15:12:33,     7,  2474,   453,  999.8, 300,24.9,26.8, 0.0,  0, 0.0000,     0,22.1,25.3,39.9, 25,    46,    60, 0.8487, 0.9098
R5,25/07/23,15:12:33,     7,  2474,   453,  999.8, 300,24.9,26.8, 0.0,  0, 0.0000,     0,22.1,25.3,39.9, 25,    46,    60, 0.8487, 0.9098
End
Zero
