Tag(M3),Date,Time,Plot_No,Rec_No,CO2,Pressure,Flow,H2O,Tsen,O2,Error,Aux_V,PAR,Tsoil,Tair,Msoil
Start
M5,01/07/23,17:06:56,     4,  3861,   422, 1009.4, 300,20.2,27.9, 0.0,  0, 0.0000,     0,24.9,25.9,14.7, 20,     1,     1, 0.0000, 0.0000
M5,01/07/23,17:06:57,     4,  3862,   423, 1009.5, 300,20.2,27.9, 0.0,  0, 0.0000,     0,24.9,25.9,14.7, 20,     3,     2, 0.0000, 0.0000
M5,01/07/23,17:06:58,     4,  3863,   424, 1009.5, 299,20.2,27.9, 0.0,  0, 0.0000,     0,24.9,25.9,14.7, 20,     3,     3, 0.0000, 0.0000
M5,01/07/23,17:06:59,     4,  3864,   425, 1009.5, 300,20.3,27.9, 0.0,  0, 0.0000,     0,24.9,25.9,14.7, 20,     4,     4, 0.0000, 0.0000
M5,01/07/23,17:07:00,     4,  3865,   425, 1009.5, 300,20.3,27.9, 0.0,  0, 0.0000,     0,24.9,25.9,14.7, 20,     5,     5, 0.0000, 0.0000
M5,01/07/23,17:07:01,     4,  3866,   426, 1009.4, 300,20.3,27.9, 0.0,  0, 0.0000,     0,24.9,25.9,14.7, 20,     6,     6, 0.0000, 0.0000
M5,01/07/23,17:07:02,     4,  3867,   427, 1009.4, 300,20.3,27.9, 0.0,  0, 0.0000,     0,24.9,25.9,14.7, 20,     7,     7, 0.0000, 0.0000
M5,01/07/23,17:07:03,     4,  3868,   428, 1009.4, 300,20.3,27.9, 0.0,  0, 0.0000,     0,24.9,25.9,14.7, 20,     7,     8, 0.0000, 0.0000
M5,01/07/23,17:07:04,     4,  3869,   428, 1009.4, 300,20.3,27.9, 0.0,  0, 0.0000,     0,24.9,25.9,14.7, 20,     8,     9, 0.0000, 0.0000
M5,01/07/23,17:07:05,     4,  3870,   429, 1009.4, 300,20.3,27.9, 0.0,  0, 0.0000,     0,24.9,25.9,14.7, 25,     8,    10, 0.0000, 0.0000
M5,01/07/23,17:07:06,     4,  3871,   430, 1009.4, 300,20.3,27.9, 0.0,  0, 0.0000,     0,24.9,25.9,14.7, 25,     9,    11, 0.0000, 0.0000
M5,01/07/23,17:07:07,     4,  3872,   430, 1009.4, 300,20.3,27.9, 0.0,  0, 0.0000,     0,24.9,25.9,14.7, 25,    10,    12, 0.0000, 0.0000
M5,01/07/23,17:07:08,     4,  3873,   431, 1009.4, 299,20.4,27.9, 0.0,  0, 0.0000,     0,24.9,25.9,14.7, 25,    11,    13, 0.9033, 1.0569
M5,01/07/23,17:07:09,     4,  3874,   431, 1009.4, 300,20.4,27.9, 0.0,  0, 0.0000,     0,24.9,26.0,14.7, 25,    11,    14, 0.8786, 0.9954
M5,01/07/23,17:07:10,     4,  3875,   432, 1009.4, 300,20.4,27.9, 0.0,  0, 0.0000,     0,24.9,26.0,14.7, 25,    12,    15, 0.8684, 0.9591
M5,01/07/23,17:07:11,     4,  3876,   433, 1009.4, 300,20.4,27.9, 0.0,  0, 0.0000,     0,24.9,26.0,14.7, 25,    13,    16, 0.8589, 0.9310
M5,01/07/23,17:07:12,     4,  3877,   434, 1009.4, 300,20.4,27.9, 0.0,  0, 0.0000,     0,24.9,26.0,14.7, 25,    13,    17, 0.8697, 0.8679
M5,01/07/23,17:07:13,     4,  3878,   434, 1009.4, 300,20.4,27.8, 0.0,  0, 0.0000,     0,24.9,26.0,14.4, 25,    14,    18, 0.8729, 0.8585
M5,01/07/23,17:07:14,     4,  3879,   435, 1009.4, 300,20.4,27.8, 0.0,  0, 0.0000,     0,24.9,26.0,14.4, 25,    15,    19, 0.8830, 0.8315
M5,01/07/23,17:07:15,     4,  3880,   436, 1009.4, 300,20.5,27.9, 0.0,  0, 0.0000,     0,24.9,26.0,14.4, 25,    16,    20, 0.8947, 0.8240
M5,01/07/23,17:07:16,     4,  3881,   437, 1009.4, 300,20.5,27.9, 0.0,  0, 0.0000,     0,24.9,26.0,14.4, 25,    16,    21, 0.9049, 0.8109
M5,01/07/23,17:07:17,     4,  3882,   437, 1009.4, 300,20.5,27.9, 0.0,  0, 0.0000,     0,24.9,26.0,14.4, 25,    17,    22, 0.8971, 0.8652
M5,01/07/23,17:07:18,     4,  3883,   437, 1009.4, 300,20.5,27.9, 0.0,  0, 0.0000,     0,24.9,26.0,14.4, 25,    17,    23, 0.8830, 0.9130
M5,01/07/23,17:07:19,     4,  3884,   438, 1009.4, 300,20.5,27.9, 0.0,  0, 0.0000,     0,24.9,26.0,14.4, 25,    18,    24, 0.8677, 0.9503
M5,01/07/23,17:07:20,     4,  3885,   439, 1009.4, 300,20.6,27.8, 0.0,  0, 0.0000,     0,24.9,26.0,14.4, 25,    18,    25, 0.8576, 0.9646
M5,01/07/23,17:07:21,     4,  3886,   440, 1009.4, 300,20.6,27.8, 0.0,  0, 0.0000,     0,24.9,26.0,14.4, 25,    19,    26, 0.8576, 0.9388
M5,01/07/23,17:07:22,     4,  3887,   440, 1009.4, 300,20.6,27.9, 0.0,  0, 0.0000,     0,24.9,26.0,14.4, 25,    20,    27, 0.8584, 0.9224
M5,01/07/23,17:07:23,     4,  3888,   441, 1009.4, 300,20.6,27.9, 0.0,  0, 0.0000,     0,24.9,26.0,14.4, 25,    21,    28, 0.8610, 0.8991
M5,01/07/23,17:07:24,     4,  3889,   442, 1009.4, 300,20.6,27.8, 0.0,  0, 0.0000,     0,24.9,26.0,14.7, 25,    22,    29, 0.8664, 0.8767
M5,01/07/23,17:07:25,     4,  3890,   442, 1009.4, 300,20.6,27.8, 0.0,  0, 0.0000,     0,24.9,26.0,14.7, 25,    22,    30, 0.8664, 0.8726
M5,01/07/23,17:07:26,     4,  3891,   443, 1009.4, 300,20.7,27.8, 0.0,  0, 0.0000,     0,24.9,26.0,14.7, 25,    23,    31, 0.8670, 0.8717
M5,01/07/23,17:07:27,     4,  3892,   444, 1009.4, 300,20.7,27.8, 0.0,  0, 0.0000,     0,24.9,26.0,14.7, 25,    24,    32, 0.8687, 0.8634
M5,01/07/23,17:07:28,     4,  3893,   444, 1009.4, 300,20.7,27.8, 0.0,  0, 0.0000,     0,24.9,26.0,14.7, 25,    24,    33, 0.8675, 0.8663
M5,01/07/23,17:07:29,     4,  3894,   445, 1009.4, 300,20.7,27.8, 0.0,  0, 0.0000,     0,24.9,26.0,14.7, 25,    25,    34, 0.8632, 0.8822
M5,01/07/23,17:07:30,     4,  3895,   445, 1009.4, 300,20.7,27.8, 0.0,  0, 0.0000,     0,24.9,26.0,14.7, 25,    25,    35, 0.8573, 0.8981
M5,01/07/23,17:07:31,     4,  3896,   446, 1009.4, 300,20.7,27.8, 0.0,  0, 0.0000,     0,24.9,26.0,14.7, 25,    26,    36, 0.8535, 0.9087
M5,01/07/23,17:07:32,     4,  3897,   447, 1009.4, 300,20.7,27.8, 0.0,  0, 0.0000,     0,24.9,26.0,14.7, 25,    26,    37, 0.8496, 0.9133
M5,01/07/23,17:07:33,     4,  3898,   447, 1009.4, 300,20.8,27.8, 0.0,  0, 0.0000,     0,24.9,26.0,14.7, 25,    27,    38, 0.8486, 0.9105
M5,01/07/23,17:07:34,     4,  3899,   448, 1009.4, 300,20.8,27.8, 0.0,  0, 0.0000,     0,24.9,26.0,14.7, 25,    28,    39, 0.8484, 0.9018
M5,01/07/23,17:07:35,     4,  3900,   449, 1009.4, 300,20.8,27.8, 0.0,  0, 0.0000,     0,24.9,26.0,14.7, 25,    29,    40, 0.8490, 0.8917
M5,01/07/23,17:07:36,     4,  3901,   450, 1009.4, 300,20.8,27.8, 0.0,  0, 0.0000,     0,24.9,26.0,14.7, 25,    30,    41, 0.8511, 0.8799
M5,01/07/23,17:07:37,     4,  3902,   451, 1009.4, 300,20.8,27.8, 0.0,  0, 0.0000,     0,24.9,26.0,14.7, 25,    30,    42, 0.8535, 0.8669
M5,01/07/23,17:07:38,     4,  3903,   452, 1009.4, 300,20.8,27.8, 0.0,  0, 0.0000,     0,24.9,26.0,14.7, 25,    31,    43, 0.8568, 0.8540
M5,01/07/23,17:07:39,     4,  3904,   452, 1009.4, 300,20.8,27.8, 0.0,  0, 0.0000,     0,24.9,26.0,14.7, 25,    32,    44, 0.8602, 0.8409
M5,01/07/23,17:07:40,     4,  3905,   453, 1009.4, 300,20.8,27.8, 0.0,  0, 0.0000,     0,24.9,26.0,14.4, 25,    33,    45, 0.8643, 0.8288
M5,01/07/23,17:07:41,     4,  3906,   454, 1009.4, 301,20.8,27.8, 0.0,  0, 0.0000,     0,24.9,26.0,14.4, 25,    34,    46, 0.8665, 0.8236
M5,01/07/23,17:07:42,     4,  3907,   455, 1009.4, 300,20.8,27.8, 0.0,  0, 0.0000,     0,24.9,26.0,14.4, 25,    35,    47, 0.8699, 0.8144
M5,01/07/23,17:07:43,     4,  3908,   456, 1009.4, 300,20.9,27.8, 0.0,  0, 0.0000,     0,24.9,26.0,14.4, 25,    35,    48, 0.8745, 0.8065
M5,01/07/23,17:07:44,     4,  3909,   456, 1009.4, 300,20.9,27.8, 0.0,  0, 0.0000,     0,24.9,26.0,14.4, 25,    36,    49, 0.8775, 0.8010
M5,01/07/23,17:07:45,     4,  3910,   457, 1009.4, 300,20.9,27.8, 0.0,  0, 0.0000,     0,24.9,26.0,14.7, 25,    37,    50, 0.8810, 0.7959
M5,01/07/23,17:07:46,     4,  3911,   458, 1009.4, 299,20.9,27.8, 0.0,  0, 0.0000,     0,24.9,26.0,14.7, 25,    38,    51, 0.8837, 0.7928
M5,01/07/23,17:07:47,     4,  3912,   458, 1009.4, 300,20.9,27.8, 0.0,  0, 0.0000,     0,24.9,26.0,14.7, 25,    38,    52, 0.8860, 0.7921
M5,01/07/23,17:07:48,     4,  3913,   459, 1009.4, 300,20.9,27.8, 0.0,  0, 0.0000,     0,24.9,26.0,14.7, 25,    39,    53, 0.8878, 0.7928
M5,01/07/23,17:07:49,     4,  3914,   460, 1009.4, 300,21.0,27.8, 0.0,  0, 0.0000,     0,24.9,26.0,14.7, 25,    40,    54, 0.8899, 0.7953
M5,01/07/23,17:07:50,     4,  3915,   461, 1009.4, 300,21.0,27.8, 0.0,  0, 0.0000,     0,24.9,26.0,14.7, 25,    40,    55, 0.8916, 0.7960
M5,01/07/23,17:07:51,     4,  3916,   461, 1009.4, 300,21.0,27.8, 0.0,  0, 0.0000,     0,24.9,26.0,14.4, 25,    41,    56, 0.8936, 0.7957
M5,01/07/23,17:07:52,     4,  3917,   462, 1009.4, 300,21.0,27.8, 0.0,  0, 0.0000,     0,24.9,26.0,14.4, 25,    42,    57, 0.8953, 0.7971
M5,01/07/23,17:07:53,     4,  3918,   463, 1009.4, 300,21.0,27.8, 0.0,  0, 0.0000,     0,24.9,26.0,14.4, 25,    43,    58, 0.8971, 0.7974
M5,01/07/23,17:07:54,     4,  3919,   464, 1009.4, 300,21.0,27.8, 0.0,  0, 0.0000,     0,24.9,26.0,14.4, 25,    43,    59, 0.8990, 0.7994
M5,01/07/23,17:07:55,     4,  3920,   464, 1009.4, 300,21.0,27.8, 0.0,  0, 0.0000,     0,24.9,26.0,14.4, 25,    44,    60, 0.9004, 0.8010
R5,01/07/23,17:07:55,     4,  3920,   464, 1009.4, 300,21.0,27.8, 0.0,  0, 0.0000,     0,24.9,26.0,14.4, 25,    44,    60, 0.9004, 0.8010
End
Start
M5,01/07/23,17:08:42,     4,  3966,   420, 1009.4, 300,20.1,27.8, 0.0,  0, 0.0000,     0,24.7,25.7,14.4, 20,     2,     1, 0.0000, 0.0000
M5,01/07/23,17:08:43,     4,  3967,   422, 1009.4, 300,20.1,27.8, 0.0,  0, 0.0000,     0,24.7,25.8,14.4, 20,     4,     2, 0.0000, 0.0000
M5,01/07/23,17:08:44,     4,  3968,   424, 1009.4, 300,20.1,27.8, 0.0,  0, 0.0000,     0,24.7,25.8,14.4, 20,     6,     3, 0.0000, 0.0000
M5,01/07/23,17:08:45,     4,  3969,   425, 1009.4, 300,20.1,27.8, 0.0,  0, 0.0000,     0,24.7,25.8,14.4, 20,     7,     4, 0.0000, 0.0000
M5,01/07/23,17:08:46,     4,  3970,   426, 1009.4, 300,20.2,27.8, 0.0,  0, 0.0000,     0,24.7,25.8,14.4, 20,     8,     5, 0.0000, 0.0000
M5,01/07/23,17:08:47,     4,  3971,   427, 1009.4, 300,20.2,27.8, 0.0,  0, 0.0000,     0,24.7,25.8,14.4, 20,     9,     6, 0.0000, 0.0000
M5,01/07/23,17:08:48,     4,  3972,   428, 1009.4, 300,20.2,27.8, 0.0,  0, 0.0000,     0,24.7,25.8,14.4, 20,    10,     7, 0.0000, 0.0000
M5,01/07/23,17:08:49,     4,  3973,   428, 1009.4, 300,20.2,27.8, 0.0,  0, 0.0000,     0,24.7,25.8,14.4, 20,    11,     8, 0.0000, 0.0000
M5,01/07/23,17:08:50,     4,  3974,   429, 1009.4, 300,20.2,27.8, 0.0,  0, 0.0000,     0,24.7,25.8,14.4, 20,    11,     9, 0.0000, 0.0000
M5,01/07/23,17:08:51,     4,  3975,   430, 1009.4, 300,20.2,27.8, 0.0,  0, 0.0000,     0,24.7,25.8,14.4, 25,    12,    10, 0.0000, 0.0000
M5,01/07/23,17:08:52,     4,  3976,   431, 1009.4, 300,20.2,27.8, 0.0,  0, 0.0000,     0,24.7,25.8,14.4, 25,    13,    11, 0.0000, 0.0000
M5,01/07/23,17:08:53,     4,  3977,   432, 1009.4, 300,20.3,27.8, 0.0,  0, 0.0000,     0,24.7,25.8,14.4, 25,    14,    12, 0.0000, 0.0000
M5,01/07/23,17:08:54,     4,  3978,   433, 1009.4, 300,20.3,27.8, 0.0,  0, 0.0000,     0,24.7,25.8,14.4, 25,    15,    13, 1.1834, 1.3375
M5,01/07/23,17:08:55,     4,  3979,   433, 1009.4, 300,20.3,27.8, 0.0,  0, 0.0000,     0,24.7,25.8,14.4, 25,    16,    14, 1.0646, 1.4767
M5,01/07/23,17:08:56,     4,  3980,   434, 1009.4, 300,20.3,27.8, 0.0,  0, 0.0000,     0,24.7,25.8,14.4, 25,    16,    15, 0.9901, 1.4090
M5,01/07/23,17:08:57,     4,  3981,   435, 1009.4, 300,20.4,27.8, 0.0,  0, 0.0000,     0,24.7,25.8,14.4, 25,    17,    16, 0.9495, 1.3139
M5,01/07/23,17:08:58,     4,  3982,   436, 1009.4, 300,20.4,27.8, 0.0,  0, 0.0000,     0,24.7,25.9,14.4, 25,    18,    17, 0.9557, 1.1413
M5,01/07/23,17:08:59,     4,  3983,   437, 1009.4, 300,20.4,27.8, 0.0,  0, 0.0000,     0,24.7,25.9,14.4, 25,    19,    18, 0.9942, 0.9745
M5,01/07/23,17:09:00,     4,  3984,   438, 1009.4, 300,20.4,27.8, 0.0,  0, 0.0000,     0,24.7,25.9,14.4, 25,    20,    19, 1.0262, 0.8889
M5,01/07/23,17:09:01,     4,  3985,   439, 1009.4, 300,20.4,27.8, 0.0,  0, 0.0000,     0,24.7,25.9,14.4, 25,    21,    20, 1.0538, 0.8503
M5,01/07/23,17:09:02,     4,  3986,   440, 1009.4, 300,20.5,27.8, 0.0,  0, 0.0000,     0,24.7,25.9,14.4, 25,    22,    21, 1.0717, 0.8662
M5,01/07/23,17:09:03,     4,  3987,   440, 1009.4, 300,20.5,27.8, 0.0,  0, 0.0000,     0,24.7,25.9,14.4, 25,    23,    22, 1.0726, 0.9158
M5,01/07/23,17:09:04,     4,  3988,   441, 1009.4, 300,20.5,27.8, 0.0,  0, 0.0000,     0,24.7,25.9,14.4, 25,    23,    23, 1.0744, 0.9555
M5,01/07/23,17:09:05,     4,  3989,   442, 1009.4, 300,20.5,27.8, 0.0,  0, 0.0000,     0,24.7,25.9,14.4, 25,    24,    24, 1.0734, 0.9839
M5,01/07/23,17:09:06,     4,  3990,   443, 1009.4, 300,20.6,27.8, 0.0,  0, 0.0000,     0,24.7,25.9,14.4, 25,    25,    25, 1.0739, 1.0073
M5,01/07/23,17:09:07,     4,  3991,   444, 1009.4, 300,20.6,27.8, 0.0,  0, 0.0000,     0,24.7,25.9,14.4, 25,    26,    26, 1.0767, 1.0095
M5,01/07/23,17:09:08,     4,  3992,   445, 1009.4, 300,20.6,27.8, 0.0,  0, 0.0000,     0,24.7,25.9,14.4, 25,    27,    27, 1.0781, 1.0158
M5,01/07/23,17:09:09,     4,  3993,   445, 1009.4, 300,20.6,27.8, 0.0,  0, 0.0000,     0,24.7,25.9,14.4, 25,    28,    28, 1.0765, 1.0358
M5,01/07/23,17:09:10,     4,  3994,   446, 1009.4, 300,20.6,27.8, 0.0,  0, 0.0000,     0,24.7,25.9,14.4, 25,    28,    29, 1.0710, 1.0590
M5,01/07/23,17:09:11,     4,  3995,   447, 1009.4, 300,20.6,27.8, 0.0,  0, 0.0000,     0,24.7,25.9,14.4, 25,    29,    30, 1.0680, 1.0748
M5,01/07/23,17:09:12,     4,  3996,   448, 1009.4, 300,20.6,27.8, 0.0,  0, 0.0000,     0,24.7,25.9,14.4, 25,    30,    31, 1.0669, 1.0750
M5,01/07/23,17:09:13,     4,  3997,   449, 1009.4, 300,20.7,27.8, 0.0,  0, 0.0000,     0,24.7,25.9,14.4, 25,    31,    32, 1.0668, 1.0760
M5,01/07/23,17:09:14,     4,  3998,   449, 1009.4, 300,20.7,27.8, 0.0,  0, 0.0000,     0,24.7,25.9,14.4, 25,    32,    33, 1.0638, 1.0825
M5,01/07/23,17:09:15,     4,  3999,   450, 1009.4, 300,20.7,27.8, 0.0,  0, 0.0000,     0,24.7,25.9,14.4, 25,    32,    34, 1.0595, 1.0927
M5,01/07/23,17:09:16,     4,  4000,   451, 1009.4, 300,20.7,27.8, 0.0,  0, 0.0000,     0,24.7,25.9,14.4, 25,    33,    35, 1.0558, 1.1025
M5,01/07/23,17:09:17,     4,  4001,   452, 1009.4, 300,20.7,27.8, 0.0,  0, 0.0000,     0,24.7,25.9,14.7, 25,    34,    36, 1.0522, 1.1068
M5,01/07/23,17:09:18,     4,  4002,   452, 1009.4, 300,20.7,27.8, 0.0,  0, 0.0000,     0,24.7,25.9,14.7, 25,    34,    37, 1.0472, 1.1198
M5,01/07/23,17:09:19,     4,  4003,   453, 1009.4, 300,20.7,27.8, 0.0,  0, 0.0000,     0,24.7,25.9,14.7, 25,    35,    38, 1.0424, 1.1256
M5,01/07/23,17:09:20,     4,  4004,   454, 1009.4, 300,20.8,27.8, 0.0,  0, 0.0000,     0,24.7,25.9,14.7, 25,    36,    39, 1.0377, 1.1324
M5,01/07/23,17:09:21,     4,  4005,   454, 1009.4, 300,20.8,27.8, 0.0,  0, 0.0000,     0,24.7,25.9,14.7, 25,    37,    40, 1.0335, 1.1344
M5,01/07/23,17:09:22,     4,  4006,   455, 1009.4, 300,20.8,27.8, 0.0,  0, 0.0000,     0,24.7,25.9,14.4, 25,    37,    41, 1.0298, 1.1382
M5,01/07/23,17:09:23,     4,  4007,   456, 1009.4, 300,20.8,27.8, 0.0,  0, 0.0000,     0,24.7,25.9,14.4, 25,    38,    42, 1.0262, 1.1371
M5,01/07/23,17:09:24,     4,  4008,   457, 1009.4, 300,20.8,27.8, 0.0,  0, 0.0000,     0,24.7,25.9,14.4, 25,    39,    43, 1.0233, 1.1336
M5,01/07/23,17:09:25,     4,  4009,   458, 1009.4, 300,20.8,27.8, 0.0,  0, 0.0000,     0,24.7,25.9,14.4, 25,    40,    44, 1.0215, 1.1287
M5,01/07/23,17:09:26,     4,  4010,   458, 1009.4, 300,20.8,27.8, 0.0,  0, 0.0000,     0,24.7,25.9,14.4, 25,    40,    45, 1.0188, 1.1257
M5,01/07/23,17:09:27,     4,  4011,   459, 1009.4, 300,20.9,27.8, 0.0,  0, 0.0000,     0,24.7,25.9,14.4, 25,    41,    46, 1.0171, 1.1214
M5,01/07/23,17:09:28,     4,  4012,   460, 1009.4, 300,20.9,27.8, 0.0,  0, 0.0000,     0,24.7,25.9,14.4, 25,    42,    47, 1.0155, 1.1156
M5,01/07/23,17:09:29,     4,  4013,   461, 1009.4, 300,20.9,27.8, 0.0,  0, 0.0000,     0,24.7,25.9,14.4, 25,    43,    48, 1.0142, 1.1125
M5,01/07/23,17:09:30,     4,  4014,   461, 1009.4, 300,20.9,27.8, 0.0,  0, 0.0000,     0,24.7,25.9,14.4, 25,    44,    49, 1.0127, 1.1076
M5,01/07/23,17:09:31,     4,  4015,   462, 1009.4, 300,20.9,27.8, 0.0,  0, 0.0000,     0,24.7,25.9,14.4, 25,    44,    50, 1.0108, 1.1043
M5,01/07/23,17:09:32,     4,  4016,   462, 1009.4, 300,20.9,27.8, 0.0,  0, 0.0000,     0,24.7,25.9,14.4, 25,    45,    51, 1.0076, 1.1079
M5,01/07/23,17:09:33,     4,  4017,   463, 1009.4, 300,20.9,27.8, 0.0,  0, 0.0000,     0,24.7,25.9,14.4, 25,    45,    52, 1.0040, 1.1110
M5,01/07/23,17:09:34,     4,  4018,   464, 1009.4, 300,21.0,27.8, 0.0,  0, 0.0000,     0,24.7,25.9,14.4, 25,    46,    53, 1.0009, 1.1143
M5,01/07/23,17:09:35,     4,  4019,   464, 1009.4, 300,21.0,27.8, 0.0,  0, 0.0000,     0,24.7,25.9,14.4, 25,    47,    54, 0.9967, 1.1189
M5,01/07/23,17:09:36,     4,  4020,   465, 1009.4, 300,21.0,27.8, 0.0,  0, 0.0000,     0,24.7,25.9,14.4, 25,    47,    55, 0.9917, 1.1284
M5,01/07/23,17:09:37,     4,  4021,   465, 1009.4, 300,21.0,27.8, 0.0,  0, 0.0000,     0,24.7,25.9,14.4, 25,    47,    56, 0.9865, 1.1355
M5,01/07/23,17:09:38,     4,  4022,   466, 1009.4, 300,21.0,27.8, 0.0,  0, 0.0000,     0,24.7,25.9,14.4, 25,    48,    57, 0.9821, 1.1389
M5,01/07/23,17:09:39,     4,  4023,   467, 1009.4, 300,21.0,27.8, 0.0,  0, 0.0000,     0,24.7,25.9,14.4, 25,    49,    58, 0.9782, 1.1415
M5,01/07/23,17:09:40,     4,  4024,   468, 1009.4, 300,21.0,27.8, 0.0,  0, 0.0000,     0,24.7,25.9,14.4, 25,    50,    59, 0.9747, 1.1411
M5,01/07/23,17:09:41,     4,  4025,   468, 1009.4, 300,21.1,27.8, 0.0,  0, 0.0000,     0,24.7,25.9,14.4, 25,    51,    60, 0.9721, 1.1388
R5,01/07/23,17:09:41,     4,  4025,   468, 1009.4, 300,21.1,27.8, 0.0,  0, 0.0000,     0,24.7,25.9,14.4, 25,    51,    60, 0.9721, 1.1388
End
Start
M5,01/07/23,17:10:28,     4,  4072,   422, 1009.4, 300,20.5,27.7, 0.0,  0, 0.0000,     0,24.4,25.4,14.4, 20,     2,     1, 0.0000, 0.0000
M5,01/07/23,17:10:29,     4,  4073,   423, 1009.4, 300,20.5,27.7, 0.0,  0, 0.0000,     0,24.4,25.4,14.4, 20,     3,     2, 0.0000, 0.0000
M5,01/07/23,17:10:30,     4,  4074,   425, 1009.4, 300,20.5,27.7, 0.0,  0, 0.0000,     0,24.4,25.4,14.4, 20,     5,     3, 0.0000, 0.0000
M5,01/07/23,17:10:31,     4,  4075,   426, 1009.4, 300,20.5,27.7, 0.0,  0, 0.0000,     0,24.4,25.4,14.4, 20,     6,     4, 0.0000, 0.0000
M5,01/07/23,17:10:32,     4,  4076,   427, 1009.4, 300,20.5,27.7, 0.0,  0, 0.0000,     0,24.4,25.4,14.5, 20,     7,     5, 0.0000, 0.0000
M5,01/07/23,17:10:33,     4,  4077,   428, 1009.4, 300,20.5,27.7, 0.0,  0, 0.0000,     0,24.4,25.4,14.5, 20,     8,     6, 0.0000, 0.0000
M5,01/07/23,17:10:34,     4,  4078,   429, 1009.4, 300,20.5,27.7, 0.0,  0, 0.0000,     0,24.4,25.5,14.5, 20,     9,     7, 0.0000, 0.0000
M5,01/07/23,17:10:35,     4,  4079,   430, 1009.4, 300,20.5,27.7, 0.0,  0, 0.0000,     0,24.4,25.5,14.5, 20,    10,     8, 0.0000, 0.0000
M5,01/07/23,17:10:36,     4,  4080,   431, 1009.4, 300,20.5,27.7, 0.0,  0, 0.0000,     0,24.4,25.5,14.5, 20,    11,     9, 0.0000, 0.0000
M5,01/07/23,17:10:37,     4,  4081,   432, 1009.4, 300,20.5,27.7, 0.0,  0, 0.0000,     0,24.4,25.5,14.5, 25,    12,    10, 0.0000, 0.0000
M5,01/07/23,17:10:38,     4,  4082,   432, 1009.4, 300,20.6,27.7, 0.0,  0, 0.0000,     0,24.4,25.5,14.5, 25,    13,    11, 0.0000, 0.0000
M5,01/07/23,17:10:39,     4,  4083,   433, 1009.4, 300,20.6,27.7, 0.0,  0, 0.0000,     0,24.4,25.5,14.5, 25,    13,    12, 0.0000, 0.0000
M5,01/07/23,17:10:40,     4,  4084,   434, 1009.4, 300,20.6,27.7, 0.0,  0, 0.0000,     0,24.4,25.5,14.5, 25,    14,    13, 1.0385, 1.0376
M5,01/07/23,17:10:41,     4,  4085,   435, 1009.4, 300,20.6,27.7, 0.0,  0, 0.0000,     0,24.4,25.5,14.5, 25,    15,    14, 1.0409, 1.0396
M5,01/07/23,17:10:42,     4,  4086,   436, 1009.4, 300,20.6,27.7, 0.0,  0, 0.0000,     0,24.4,25.5,14.5, 25,    16,    15, 1.0103, 1.1013
M5,01/07/23,17:10:43,     4,  4087,   436, 1009.4, 300,20.6,27.7, 0.0,  0, 0.0000,     0,24.4,25.6,14.5, 25,    17,    16, 1.0067, 1.0789
M5,01/07/23,17:10:44,     4,  4088,   437, 1009.4, 300,20.6,27.7, 0.0,  0, 0.0000,     0,24.4,25.6,14.5, 25,    17,    17, 1.0058, 1.0467
M5,01/07/23,17:10:45,     4,  4089,   438, 1009.4, 300,20.7,27.7, 0.0,  0, 0.0000,     0,24.4,25.6,14.5, 25,    18,    18, 0.9955, 1.0610
M5,01/07/23,17:10:46,     4,  4090,   438, 1009.4, 300,20.7,27.7, 0.0,  0, 0.0000,     0,24.4,25.6,14.5, 25,    19,    19, 0.9804, 1.0765
M5,01/07/23,17:10:47,     4,  4091,   439, 1009.4, 300,20.7,27.7, 0.0,  0, 0.0000,     0,24.4,25.6,14.5, 25,    19,    20, 0.9654, 1.0858
M5,01/07/23,17:10:48,     4,  4092,   440, 1009.4, 300,20.7,27.7, 0.0,  0, 0.0000,     0,24.4,25.6,14.5, 25,    20,    21, 0.9609, 1.0661
M5,01/07/23,17:10:49,     4,  4093,   441, 1009.4, 300,20.7,27.7, 0.0,  0, 0.0000,     0,24.4,25.6,14.5, 25,    21,    22, 0.9532, 1.0580
M5,01/07/23,17:10:50,     4,  4094,   441, 1009.4, 300,20.7,27.7, 0.0,  0, 0.0000,     0,24.4,25.6,14.5, 25,    22,    23, 0.9525, 1.0377
M5,01/07/23,17:10:51,     4,  4095,   442, 1009.4, 300,20.7,27.7, 0.0,  0, 0.0000,     0,24.4,25.6,14.5, 25,    22,    24, 0.9480, 1.0289
M5,01/07/23,17:10:52,     4,  4096,   443, 1009.4, 300,20.8,27.7, 0.0,  0, 0.0000,     0,24.4,25.6,14.5, 25,    23,    25, 0.9439, 1.0273
M5,01/07/23,17:10:53,     4,  4097,   443, 1009.4, 300,20.8,27.7, 0.0,  0, 0.0000,     0,24.4,25.6,14.5, 25,    24,    26, 0.9379, 1.0263
M5,01/07/23,17:10:54,     4,  4098,   444, 1009.4, 300,20.8,27.7, 0.0,  0, 0.0000,     0,24.4,25.6,14.5, 25,    24,    27, 0.9368, 1.0151
M5,01/07/23,17:10:55,     4,  4099,   445, 1009.4, 300,20.8,27.7, 0.0,  0, 0.0000,     0,24.4,25.6,14.5, 25,    25,    28, 0.9336, 1.0086
M5,01/07/23,17:10:56,     4,  4100,   446, 1009.4, 300,20.8,27.7, 0.0,  0, 0.0000,     0,24.4,25.6,14.5, 25,    26,    29, 0.9288, 1.0089
M5,01/07/23,17:10:57,     4,  4101,   446, 1009.4, 300,20.8,27.7, 0.0,  0, 0.0000,     0,24.4,25.6,14.5, 25,    26,    30, 0.9226, 1.0195
M5,01/07/23,17:10:58,     4,  4102,   447, 1009.4, 300,20.8,27.7, 0.0,  0, 0.0000,     0,24.4,25.6,14.5, 25,    27,    31, 0.9160, 1.0239
M5,01/07/23,17:10:59,     4,  4103,   447, 1009.4, 300,20.8,27.7, 0.0,  0, 0.0000,     0,24.4,25.6,14.5, 25,    28,    32, 0.9101, 1.0249
M5,01/07/23,17:11:00,     4,  4104,   448, 1009.4, 300,20.8,27.7, 0.0,  0, 0.0000,     0,24.4,25.6,14.5, 25,    28,    33, 0.9027, 1.0307
M5,01/07/23,17:11:01,     4,  4105,   449, 1009.4, 300,20.9,27.7, 0.0,  0, 0.0000,     0,24.4,25.6,14.5, 25,    29,    34, 0.8976, 1.0330
M5,01/07/23,17:11:02,     4,  4106,   449, 1009.4, 300,20.9,27.7, 0.0,  0, 0.0000,     0,24.4,25.6,14.5, 25,    30,    35, 0.8939, 1.0248
M5,01/07/23,17:11:03,     4,  4107,   450, 1009.4, 300,20.9,27.7, 0.0,  0, 0.0000,     0,24.4,25.7,14.5, 25,    30,    36, 0.8922, 1.0111
M5,01/07/23,17:11:04,     4,  4108,   451, 1009.4, 300,20.9,27.7, 0.0,  0, 0.0000,     0,24.4,25.7,14.5, 25,    31,    37, 0.8928, 0.9952
M5,01/07/23,17:11:05,     4,  4109,   452, 1009.4, 300,20.9,27.7, 0.0,  0, 0.0000,     0,24.4,25.7,14.5, 25,    32,    38, 0.8909, 0.9872
M5,01/07/23,17:11:06,     4,  4110,   452, 1009.4, 300,21.0,27.7, 0.0,  0, 0.0000,     0,24.4,25.7,14.5, 25,    32,    39, 0.8898, 0.9810
M5,01/07/23,17:11:07,     4,  4111,   453, 1009.4, 300,21.0,27.7, 0.0,  0, 0.0000,     0,24.4,25.7,14.5, 25,    33,    40, 0.8880, 0.9750
M5,01/07/23,17:11:08,     4,  4112,   454, 1009.4, 300,21.0,27.7, 0.0,  0, 0.0000,     0,24.4,25.7,14.5, 25,    34,    41, 0.8867, 0.9702
M5,01/07/23,17:11:09,     4,  4113,   454, 1009.4, 300,21.0,27.7, 0.0,  0, 0.0000,     0,24.4,25.7,14.5, 25,    34,    42, 0.8850, 0.9655
M5,01/07/23,17:11:10,     4,  4114,   455, 1009.4, 300,21.0,27.7, 0.0,  0, 0.0000,     0,24.4,25.7,14.5, 25,    35,    43, 0.8834, 0.9612
M5,01/07/23,17:11:11,     4,  4115,   456, 1009.4, 300,21.0,27.7, 0.0,  0, 0.0000,     0,24.4,25.7,14.5, 25,    36,    44, 0.8835, 0.9539
M5,01/07/23,17:11:12,     4,  4116,   457, 1009.4, 300,21.0,27.7, 0.0,  0, 0.0000,     0,24.4,25.7,14.5, 25,    37,    45, 0.8839, 0.9441
M5,01/07/23,17:11:13,     4,  4117,   458, 1009.4, 300,21.0,27.7, 0.0,  0, 0.0000,     0,24.4,25.7,14.5, 25,    38,    46, 0.8860, 0.9301
M5,01/07/23,17:11:14,     4,  4118,   458, 1009.4, 300,21.0,27.7, 0.0,  0, 0.0000,     0,24.4,25.7,14.5, 25,    38,    47, 0.8875, 0.9193
M5,01/07/23,17:11:15,     4,  4119,   459, 1009.4, 300,21.0,27.7, 0.0,  0, 0.0000,     0,24.4,25.7,14.5, 25,    39,    48, 0.8889, 0.9116
M5,01/07/23,17:11:16,     4,  4120,   459, 1009.4, 300,21.0,27.7, 0.0,  0, 0.0000,     0,24.4,25.7,14.5, 25,    40,    49, 0.8886, 0.9097
M5,01/07/23,17:11:17,     4,  4121,   460, 1009.4, 300,21.1,27.7, 0.0,  0, 0.0000,     0,24.4,25.7,14.5, 25,    40,    50, 0.8885, 0.9087
M5,01/07/23,17:11:18,     4,  4122,   461, 1009.4, 300,21.1,27.7, 0.0,  0, 0.0000,     0,24.4,25.7,14.5, 25,    41,    51, 0.8880, 0.9079
M5,01/07/23,17:11:19,     4,  4123,   461, 1009.4, 300,21.1,27.7, 0.0,  0, 0.0000,     0,24.4,25.7,14.5, 25,    42,    52, 0.8874, 0.9074
M5,01/07/23,17:11:20,     4,  4124,   462, 1009.4, 300,21.1,27.7, 0.0,  0, 0.0000,     0,24.4,25.7,14.5, 25,    42,    53, 0.8879, 0.9052
M5,01/07/23,17:11:21,     4,  4125,   463, 1009.4, 300,21.1,27.7, 0.0,  0, 0.0000,     0,24.4,25.7,14.5, 25,    43,    54, 0.8878, 0.9033
M5,01/07/23,17:11:22,     4,  4126,   464, 1009.4, 300,21.1,27.7, 0.0,  0, 0.0000,     0,24.4,25.7,14.5, 25,    44,    55, 0.8881, 0.9024
M5,01/07/23,17:11:24,     4,  4127,   464, 1009.4, 300,21.1,27.7, 0.0,  0, 0.0000,     0,24.4,25.7,14.5, 25,    44,    56, 0.8879, 0.9015
M5,01/07/23,17:11:25,     4,  4128,   465, 1009.4, 300,21.2,27.7, 0.0,  0, 0.0000,     0,24.4,25.7,14.5, 25,    45,    57, 0.8885, 0.8994
M5,01/07/23,17:11:26,     4,  4129,   466, 1009.4, 300,21.2,27.7, 0.0,  0, 0.0000,     0,24.4,25.7,14.5, 25,    46,    58, 0.8886, 0.8975
M5,01/07/23,17:11:27,     4,  4130,   466, 1009.4, 300,21.2,27.7, 0.0,  0, 0.0000,     0,24.4,25.7,14.5, 25,    47,    59, 0.8886, 0.8961
M5,01/07/23,17:11:28,     4,  4131,   467, 1009.4, 300,21.2,27.7, 0.0,  0, 0.0000,     0,24.4,25.7,14.5, 25,    47,    60, 0.8890, 0.8934
R5,01/07/23,17:11:28,     4,  4131,   467, 1009.4, 300,21.2,27.7, 0.0,  0, 0.0000,     0,24.4,25.7,14.5, 25,    47,    60, 0.8890, 0.8934
End
Start
M5,01/07/23,17:16:22,     5,  4424,   425, 1009.1, 300,20.2,27.6, 0.0,  0, 0.0000,     0,24.2,25.9, 5.9, 20,     2,     1, 0.0000, 0.0000
M5,01/07/23,17:16:23,     5,  4425,   427, 1009.1, 300,20.3,27.6, 0.0,  0, 0.0000,     0,24.2,25.9, 5.9, 20,     4,     2, 0.0000, 0.0000
M5,01/07/23,17:16:24,     5,  4426,   428, 1009.1, 300,20.3,27.6, 0.0,  0, 0.0000,     0,24.2,25.9, 5.9, 20,     5,     3, 0.0000, 0.0000
M5,01/07/23,17:16:25,     5,  4427,   430, 1009.1, 300,20.3,27.6, 0.0,  0, 0.0000,     0,24.2,25.9, 5.9, 20,     7,     4, 0.0000, 0.0000
M5,01/07/23,17:16:26,     5,  4428,   431, 1009.1, 300,20.3,27.6, 0.0,  0, 0.0000,     0,24.2,25.9, 5.3, 20,     8,     5, 0.0000, 0.0000
M5,01/07/23,17:16:27,     5,  4429,   433, 1009.1, 300,20.3,27.6, 0.0,  0, 0.0000,     0,24.2,25.9, 5.3, 20,    10,     6, 0.0000, 0.0000
M5,01/07/23,17:16:28,     5,  4430,   434, 1009.1, 300,20.3,27.6, 0.0,  0, 0.0000,     0,24.2,25.9, 5.3, 20,    11,     7, 0.0000, 0.0000
M5,01/07/23,17:16:29,     5,  4431,   436, 1009.1, 300,20.3,27.6, 0.0,  0, 0.0000,     0,24.2,25.9, 5.3, 20,    13,     8, 0.0000, 0.0000
M5,01/07/23,17:16:30,     5,  4432,   438, 1009.1, 300,20.4,27.7, 0.0,  0, 0.0000,     0,24.2,25.9, 5.3, 20,    14,     9, 0.0000, 0.0000
M5,01/07/23,17:16:31,     5,  4433,   439, 1009.1, 300,20.4,27.7, 0.0,  0, 0.0000,     0,24.2,25.9, 5.3, 25,    16,    10, 0.0000, 0.0000
M5,01/07/23,17:16:32,     5,  4434,   440, 1009.1, 300,20.4,27.6, 0.0,  0, 0.0000,     0,24.2,25.9, 5.3, 25,    17,    11, 0.0000, 0.0000
M5,01/07/23,17:16:33,     5,  4435,   441, 1009.1, 300,20.4,27.6, 0.0,  0, 0.0000,     0,24.2,25.9, 5.3, 25,    18,    12, 0.0000, 0.0000
M5,01/07/23,17:16:34,     5,  4436,   443, 1009.1, 300,20.4,27.6, 0.0,  0, 0.0000,     0,24.2,25.9, 5.3, 25,    20,    13, 1.7322, 1.5652
M5,01/07/23,17:16:35,     5,  4437,   444, 1009.1, 300,20.4,27.6, 0.0,  0, 0.0000,     0,24.2,25.9, 5.3, 25,    21,    14, 1.7994, 1.5454
M5,01/07/23,17:16:36,     5,  4438,   446, 1009.1, 300,20.4,27.6, 0.0,  0, 0.0000,     0,24.2,25.9, 5.3, 25,    23,    15, 1.8431, 1.5842
M5,01/07/23,17:16:37,     5,  4439,   448, 1009.1, 300,20.5,27.7, 0.0,  0, 0.0000,     0,24.2,25.9, 5.3, 25,    24,    16, 1.9030, 1.5788
M5,01/07/23,17:16:38,     5,  4440,   449, 1009.1, 300,20.5,27.7, 0.0,  0, 0.0000,     0,24.2,26.0, 5.3, 25,    26,    17, 1.9253, 1.6541
M5,01/07/23,17:16:39,     5,  4441,   450, 1009.1, 300,20.5,27.6, 0.0,  0, 0.0000,     0,24.2,26.0, 5.3, 25,    27,    18, 1.9101, 1.7961
M5,01/07/23,17:16:40,     5,  4442,   451, 1009.1, 300,20.5,27.6, 0.0,  0, 0.0000,     0,24.2,26.0, 5.3, 25,    28,    19, 1.8820, 1.9099
M5,01/07/23,17:16:41,     5,  4443,   453, 1009.1, 300,20.5,27.6, 0.0,  0, 0.0000,     0,24.2,26.0, 5.3, 25,    29,    20, 1.8635, 1.9594
M5,01/07/23,17:16:42,     5,  4444,   454, 1009.1, 300,20.5,27.6, 0.0,  0, 0.0000,     0,24.2,26.0, 5.3, 25,    31,    21, 1.8478, 1.9743
M5,01/07/23,17:16:43,     5,  4445,   455, 1009.1, 300,20.5,27.6, 0.0,  0, 0.0000,     0,24.2,26.0, 5.3, 25,    32,    22, 1.8285, 1.9954
M5,01/07/23,17:16:44,     5,  4446,   457, 1009.1, 300,20.5,27.6, 0.0,  0, 0.0000,     0,24.2,26.0, 5.3, 25,    33,    23, 1.8153, 1.9934
M5,01/07/23,17:16:45,     5,  4447,   458, 1009.1, 300,20.5,27.6, 0.0,  0, 0.0000,     0,24.2,26.0, 5.3, 25,    34,    24, 1.7998, 1.9972
M5,01/07/23,17:16:46,     5,  4448,   459, 1009.1, 300,20.6,27.6, 0.0,  0, 0.0000,     0,24.2,26.0, 5.3, 25,    36,    25, 1.7952, 1.9715
M5,01/07/23,17:16:47,     5,  4449,   461, 1009.1, 300,20.6,27.6, 0.0,  0, 0.0000,     0,24.2,26.0, 5.3, 25,    37,    26, 1.7906, 1.9465
M5,01/07/23,17:16:48,     5,  4450,   462, 1009.1, 300,20.6,27.6, 0.0,  0, 0.0000,     0,24.2,26.0, 5.3, 25,    39,    27, 1.7837, 1.9372
M5,01/07/23,17:16:49,     5,  4451,   463, 1009.1, 300,20.6,27.6, 0.0,  0, 0.0000,     0,24.2,26.0, 5.3, 25,    40,    28, 1.7714, 1.9464
M5,01/07/23,17:16:50,     5,  4452,   464, 1009.1, 300,20.6,27.6, 0.0,  0, 0.0000,     0,24.2,26.0, 5.3, 25,    41,    29, 1.7594, 1.9524
M5,01/07/23,17:16:51,     5,  4453,   465, 1009.1, 300,20.6,27.6, 0.0,  0, 0.0000,     0,24.2,26.0, 5.3, 25,    42,    30, 1.7483, 1.9558
M5,01/07/23,17:16:52,     5,  4454,   466, 1009.1, 300,20.6,27.6, 0.0,  0, 0.0000,     0,24.2,26.0, 5.3, 25,    43,    31, 1.7349, 1.9649
M5,01/07/23,17:16:53,     5,  4455,   467, 1009.1, 300,20.6,27.6, 0.0,  0, 0.0000,     0,24.2,26.0, 5.3, 25,    44,    32, 1.7239, 1.9681
M5,01/07/23,17:16:54,     5,  4456,   469, 1009.1, 300,20.6,27.6, 0.0,  0, 0.0000,     0,24.2,26.0, 5.3, 25,    46,    33, 1.7176, 1.9506
M5,01/07/23,17:16:55,     5,  4457,   470, 1009.1, 300,20.6,27.6, 0.0,  0, 0.0000,     0,24.2,26.0, 5.3, 25,    47,    34, 1.7136, 1.9295
M5,01/07/23,17:16:56,     5,  4458,   471, 1009.1, 300,20.6,27.6, 0.0,  0, 0.0000,     0,24.2,26.0, 5.3, 25,    48,    35, 1.7090, 1.9132
M5,01/07/23,17:16:57,     5,  4459,   473, 1009.1, 300,20.6,27.6, 0.0,  0, 0.0000,     0,24.2,26.0, 5.3, 25,    49,    36, 1.7042, 1.9002
M5,01/07/23,17:16:58,     5,  4460,   473, 1009.1, 300,20.6,27.6, 0.0,  0, 0.0000,     0,24.2,26.0, 5.3, 25,    50,    37, 1.6962, 1.9033
R5,01/07/23,17:16:58,     5,  4460,   473, 1009.1, 300,20.6,27.6, 0.0,  0, 0.0000,     0,24.2,26.0, 5.3, 25,    50,    37, 1.6962, 1.9033
End
Start
M5,01/07/23,17:17:44,     5,  4505,   420, 1009.0, 300,20.3,27.6, 0.0,  0, 0.0000,     0,23.9,26.2, 5.9, 20,     3,     1, 0.0000, 0.0000
M5,01/07/23,17:17:45,     5,  4506,   423, 1009.0, 300,20.3,27.6, 0.0,  0, 0.0000,     0,23.9,26.2, 5.9, 20,     6,     2, 0.0000, 0.0000
M5,01/07/23,17:17:46,     5,  4507,   425, 1009.0, 300,20.3,27.6, 0.0,  0, 0.0000,     0,23.9,26.2, 5.9, 20,     8,     3, 0.0000, 0.0000
M5,01/07/23,17:17:47,     5,  4508,   427, 1009.0, 300,20.3,27.6, 0.0,  0, 0.0000,     0,23.9,26.2, 5.9, 20,    10,     4, 0.0000, 0.0000
M5,01/07/23,17:17:48,     5,  4509,   429, 1009.0, 300,20.3,27.6, 0.0,  0, 0.0000,     0,23.9,26.2, 5.9, 20,    12,     5, 0.0000, 0.0000
M5,01/07/23,17:17:49,     5,  4510,   431, 1009.0, 300,20.4,27.6, 0.0,  0, 0.0000,     0,23.9,26.3, 5.9, 20,    14,     6, 0.0000, 0.0000
M5,01/07/23,17:17:50,     5,  4511,   432, 1009.0, 300,20.4,27.6, 0.0,  0, 0.0000,     0,23.9,26.3, 5.9, 20,    15,     7, 0.0000, 0.0000
M5,01/07/23,17:17:51,     5,  4512,   434, 1009.0, 300,20.4,27.6, 0.0,  0, 0.0000,     0,23.9,26.3, 5.9, 20,    17,     8, 0.0000, 0.0000
M5,01/07/23,17:17:52,     5,  4513,   435, 1009.0, 300,20.4,27.6, 0.0,  0, 0.0000,     0,23.9,26.3, 5.9, 20,    18,     9, 0.0000, 0.0000
M5,01/07/23,17:17:53,     5,  4514,   436, 1009.0, 300,20.4,27.6, 0.0,  0, 0.0000,     0,23.9,26.3, 5.9, 25,    19,    10, 0.0000, 0.0000
M5,01/07/23,17:17:54,     5,  4515,   438, 1009.0, 300,20.4,27.6, 0.0,  0, 0.0000,     0,23.9,26.4, 5.9, 25,    21,    11, 0.0000, 0.0000
M5,01/07/23,17:17:55,     5,  4516,   439, 1009.0, 300,20.4,27.6, 0.0,  0, 0.0000,     0,23.9,26.4, 5.9, 25,    22,    12, 0.0000, 0.0000
M5,01/07/23,17:17:56,     5,  4517,   440, 1009.0, 300,20.5,27.6, 0.0,  0, 0.0000,     0,23.9,26.4, 5.9, 25,    23,    13, 1.7769, 1.9379
M5,01/07/23,17:17:57,     5,  4518,   442, 1009.0, 300,20.5,27.6, 0.0,  0, 0.0000,     0,23.9,26.4, 5.9, 25,    25,    14, 1.7530, 1.8744
M5,01/07/23,17:17:58,     5,  4519,   443, 1009.1, 300,20.5,27.6, 0.0,  0, 0.0000,     0,23.9,26.4, 5.9, 25,    26,    15, 1.7766, 1.7586
M5,01/07/23,17:17:59,     5,  4520,   445, 1009.1, 300,20.5,27.6, 0.0,  0, 0.0000,     0,23.9,26.4, 5.9, 25,    28,    16, 1.7750, 1.7659
M5,01/07/23,17:18:00,     5,  4521,   446, 1009.1, 300,20.5,27.6, 0.0,  0, 0.0000,     0,23.9,26.4, 5.9, 25,    29,    17, 1.7543, 1.8177
M5,01/07/23,17:18:01,     5,  4522,   447, 1009.1, 300,20.5,27.6, 0.0,  0, 0.0000,     0,23.9,26.4, 5.9, 25,    30,    18, 1.7310, 1.8556
M5,01/07/23,17:18:02,     5,  4523,   448, 1009.1, 300,20.5,27.6, 0.0,  0, 0.0000,     0,23.9,26.4, 5.9, 25,    31,    19, 1.6961, 1.9060
M5,01/07/23,17:18:03,     5,  4524,   449, 1009.1, 300,20.5,27.6, 0.0,  0, 0.0000,     0,23.9,26.4, 5.9, 25,    32,    20, 1.6827, 1.8864
M5,01/07/23,17:18:04,     5,  4525,   451, 1009.1, 300,20.5,27.6, 0.0,  0, 0.0000,     0,23.9,26.5, 5.9, 25,    34,    21, 1.6846, 1.8181
M5,01/07/23,17:18:05,     5,  4526,   452, 1009.1, 300,20.6,27.6, 0.0,  0, 0.0000,     0,23.9,26.5, 5.9, 25,    35,    22, 1.6889, 1.7686
M5,01/07/23,17:18:06,     5,  4527,   454, 1009.1, 300,20.6,27.6, 0.0,  0, 0.0000,     0,23.9,26.5, 5.9, 25,    37,    23, 1.7060, 1.6937
M5,01/07/23,17:18:07,     5,  4528,   455, 1009.1, 300,20.6,27.6, 0.0,  0, 0.0000,     0,23.9,26.5, 5.9, 25,    38,    24, 1.7242, 1.6381
M5,01/07/23,17:18:08,     5,  4529,   457, 1009.1, 300,20.6,27.6, 0.0,  0, 0.0000,     0,23.9,26.5, 5.9, 25,    40,    25, 1.7423, 1.6003
M5,01/07/23,17:18:09,     5,  4530,   458, 1009.1, 300,20.6,27.6, 0.0,  0, 0.0000,     0,23.9,26.5, 5.9, 25,    41,    26, 1.7593, 1.5744
M5,01/07/23,17:18:10,     5,  4531,   459, 1009.1, 300,20.6,27.6, 0.0,  0, 0.0000,     0,23.9,26.5, 5.9, 25,    42,    27, 1.7654, 1.5979
M5,01/07/23,17:18:11,     5,  4532,   460, 1009.1, 300,20.6,27.6, 0.0,  0, 0.0000,     0,23.9,26.5, 5.9, 25,    43,    28, 1.7616, 1.6409
M5,01/07/23,17:18:12,     5,  4533,   462, 1009.1, 300,20.6,27.6, 0.0,  0, 0.0000,     0,23.9,26.5, 5.9, 25,    45,    29, 1.7598, 1.6708
M5,01/07/23,17:18:13,     5,  4534,   463, 1009.1, 300,20.6,27.6, 0.0,  0, 0.0000,     0,23.9,26.5, 5.9, 25,    46,    30, 1.7552, 1.7002
M5,01/07/23,17:18:14,     5,  4535,   464, 1009.1, 300,20.6,27.6, 0.0,  0, 0.0000,     0,23.9,26.5, 5.9, 25,    47,    31, 1.7520, 1.7186
M5,01/07/23,17:18:15,     5,  4536,   465, 1009.1, 300,20.6,27.6, 0.0,  0, 0.0000,     0,23.9,26.5, 5.9, 25,    48,    32, 1.7476, 1.7380
M5,01/07/23,17:18:16,     5,  4537,   466, 1009.1, 300,20.6,27.6, 0.0,  0, 0.0000,     0,23.9,26.5, 5.9, 25,    49,    33, 1.7400, 1.7641
M5,01/07/23,17:18:17,     5,  4538,   467, 1009.1, 300,20.7,27.6, 0.0,  0, 0.0000,     0,23.9,26.5, 5.9, 25,    50,    34, 1.7330, 1.7859
R5,01/07/23,17:18:17,     5,  4538,   467, 1009.1, 300,20.7,27.6, 0.0,  0, 0.0000,     0,23.9,26.5, 5.9, 25,    50,    34, 1.7330, 1.7859
End
Start
M5,01/07/23,17:19:03,     5,  4584,   420, 1009.1, 300,20.5,27.6, 0.0,  0, 0.0000,     0,23.9,26.3, 5.3, 20,     4,     1, 0.0000, 0.0000
M5,01/07/23,17:19:04,     5,  4585,   423, 1009.1, 300,20.5,27.6, 0.0,  0, 0.0000,     0,23.9,26.3, 5.3, 20,     7,     2, 0.0000, 0.0000
M5,01/07/23,17:19:05,     5,  4586,   425, 1009.1, 300,20.5,27.6, 0.0,  0, 0.0000,     0,23.9,26.4, 5.3, 20,     9,     3, 0.0000, 0.0000
M5,01/07/23,17:19:06,     5,  4587,   427, 1009.1, 300,20.5,27.6, 0.0,  0, 0.0000,     0,23.9,26.4, 5.3, 20,    11,     4, 0.0000, 0.0000
M5,01/07/23,17:19:07,     5,  4588,   429, 1009.1, 300,20.5,27.6, 0.0,  0, 0.0000,     0,23.9,26.4, 5.9, 20,    14,     5, 0.0000, 0.0000
M5,01/07/23,17:19:08,     5,  4589,   431, 1009.1, 300,20.5,27.6, 0.0,  0, 0.0000,     0,23.9,26.4, 5.9, 20,    15,     6, 0.0000, 0.0000
M5,01/07/23,17:19:09,     5,  4590,   433, 1009.1, 300,20.5,27.6, 0.0,  0, 0.0000,     0,23.9,26.4, 5.9, 20,    17,     7, 0.0000, 0.0000
M5,01/07/23,17:19:10,     5,  4591,   434, 1009.1, 300,20.6,27.6, 0.0,  0, 0.0000,     0,23.9,26.4, 5.9, 20,    18,     8, 0.0000, 0.0000
M5,01/07/23,17:19:11,     5,  4592,   436, 1009.1, 301,20.6,27.6, 0.0,  0, 0.0000,     0,23.9,26.4, 5.9, 20,    20,     9, 0.0000, 0.0000
M5,01/07/23,17:19:12,     5,  4593,   437, 1009.1, 300,20.6,27.6, 0.0,  0, 0.0000,     0,23.7,26.4, 5.9, 25,    21,    10, 0.0000, 0.0000
M5,01/07/23,17:19:13,     5,  4594,   439, 1009.1, 300,20.6,27.6, 0.0,  0, 0.0000,     0,23.7,26.4, 5.9, 25,    23,    11, 0.0000, 0.0000
M5,01/07/23,17:19:14,     5,  4595,   440, 1009.1, 300,20.6,27.6, 0.0,  0, 0.0000,     0,23.7,26.4, 5.9, 25,    24,    12, 0.0000, 0.0000
M5,01/07/23,17:19:15,     5,  4596,   441, 1009.1, 300,20.6,27.6, 0.0,  0, 0.0000,     0,23.7,26.5, 5.9, 25,    25,    13, 1.7408, 2.3924
M5,01/07/23,17:19:16,     5,  4597,   443, 1009.1, 300,20.6,27.6, 0.0,  0, 0.0000,     0,23.7,26.5, 5.9, 25,    27,    14, 1.6989, 2.0651
M5,01/07/23,17:19:17,     5,  4598,   444, 1009.1, 300,20.6,27.6, 0.0,  0, 0.0000,     0,23.9,26.5, 5.3, 25,    28,    15, 1.6657, 1.9486
M5,01/07/23,17:19:18,     5,  4599,   445, 1009.1, 300,20.6,27.6, 0.0,  0, 0.0000,     0,23.9,26.5, 5.3, 25,    29,    16, 1.6618, 1.8230
M5,01/07/23,17:19:19,     5,  4600,   446, 1009.1, 300,20.7,27.6, 0.0,  0, 0.0000,     0,23.9,26.5, 5.3, 25,    30,    17, 1.6657, 1.7551
M5,01/07/23,17:19:20,     5,  4601,   448, 1009.1, 300,20.7,27.6, 0.0,  0, 0.0000,     0,23.9,26.5, 5.3, 25,    32,    18, 1.6718, 1.7023
M5,01/07/23,17:19:21,     5,  4602,   449, 1009.1, 300,20.7,27.6, 0.0,  0, 0.0000,     0,23.9,26.5, 5.3, 25,    33,    19, 1.6692, 1.7025
M5,01/07/23,17:19:22,     5,  4603,   450, 1009.1, 299,20.7,27.6, 0.0,  0, 0.0000,     0,23.9,26.5, 5.3, 25,    34,    20, 1.6716, 1.6829
M5,01/07/23,17:19:23,     5,  4604,   451, 1009.1, 300,20.7,27.6, 0.0,  0, 0.0000,     0,23.7,26.5, 5.9, 25,    35,    21, 1.6693, 1.6894
M5,01/07/23,17:19:24,     5,  4605,   453, 1009.1, 300,20.7,27.6, 0.0,  0, 0.0000,     0,23.7,26.5, 5.9, 25,    37,    22, 1.6701, 1.6793
M5,01/07/23,17:19:25,     5,  4606,   454, 1009.1, 300,20.7,27.6, 0.0,  0, 0.0000,     0,23.7,26.5, 5.9, 25,    38,    23, 1.6734, 1.6652
M5,01/07/23,17:19:26,     5,  4607,   456, 1009.1, 300,20.7,27.6, 0.0,  0, 0.0000,     0,23.7,26.5, 5.9, 25,    40,    24, 1.6839, 1.6350
M5,01/07/23,17:19:27,     5,  4608,   457, 1009.1, 300,20.7,27.6, 0.0,  0, 0.0000,     0,23.7,26.5, 5.9, 25,    41,    25, 1.6973, 1.6021
M5,01/07/23,17:19:28,     5,  4609,   458, 1009.1, 300,20.8,27.6, 0.0,  0, 0.0000,     0,23.7,26.5, 5.9, 25,    42,    26, 1.7047, 1.6031
M5,01/07/23,17:19:29,     5,  4610,   459, 1009.1, 300,20.8,27.6, 0.0,  0, 0.0000,     0,23.7,26.5, 5.9, 25,    43,    27, 1.7023, 1.6300
M5,01/07/23,17:19:30,     5,  4611,   460, 1009.1, 300,20.8,27.6, 0.0,  0, 0.0000,     0,23.7,26.5, 5.9, 25,    44,    28, 1.6952, 1.6680
M5,01/07/23,17:19:31,     5,  4612,   462, 1009.1, 300,20.8,27.6, 0.0,  0, 0.0000,     0,23.7,26.5, 5.9, 25,    46,    29, 1.6910, 1.6855
M5,01/07/23,17:19:32,     5,  4613,   463, 1009.1, 300,20.8,27.6, 0.0,  0, 0.0000,     0,23.7,26.5, 5.9, 25,    47,    30, 1.6919, 1.6822
M5,01/07/23,17:19:33,     5,  4614,   465, 1009.1, 300,20.8,27.6, 0.0,  0, 0.0000,     0,23.9,26.5, 5.9, 25,    49,    31, 1.6999, 1.6601
M5,01/07/23,17:19:34,     5,  4615,   466, 1009.1, 300,20.8,27.6, 0.0,  0, 0.0000,     0,23.9,26.5, 5.9, 25,    50,    32, 1.7085, 1.6361
R5,01/07/23,17:19:34,     5,  4615,   466, 1009.1, 300,20.8,27.6, 0.0,  0, 0.0000,     0,23.9,26.5, 5.9, 25,    50,    32, 1.7085, 1.6361
End
Start
M5,01/07/23,17:22:58,     6,  4817,   430, 1009.0, 300,20.5,27.6, 0.0,  0, 0.0000,     0,23.7,26.3,14.8, 20,     2,     1, 0.0000, 0.0000
M5,01/07/23,17:22:59,     6,  4818,   432, 1009.0, 300,20.5,27.6, 0.0,  0, 0.0000,     0,23.7,26.3,14.8, 20,     4,     2, 0.0000, 0.0000
M5,01/07/23,17:23:00,     6,  4819,   433, 1009.0, 300,20.5,27.6, 0.0,  0, 0.0000,     0,23.7,26.3,14.8, 20,     5,     3, 0.0000, 0.0000
M5,01/07/23,17:23:01,     6,  4820,   434, 1009.0, 300,20.5,27.6, 0.0,  0, 0.0000,     0,23.7,26.3,14.8, 20,     6,     4, 0.0000, 0.0000
M5,01/07/23,17:23:02,     6,  4821,   435, 1009.0, 300,20.5,27.6, 0.0,  0, 0.0000,     0,23.7,26.3,14.8, 20,     7,     5, 0.0000, 0.0000
M5,01/07/23,17:23:03,     6,  4822,   436, 1009.0, 300,20.5,27.6, 0.0,  0, 0.0000,     0,23.7,26.3,14.9, 20,     7,     6, 0.0000, 0.0000
M5,01/07/23,17:23:04,     6,  4823,   436, 1009.0, 300,20.6,27.6, 0.0,  0, 0.0000,     0,23.7,26.3,14.9, 20,     8,     7, 0.0000, 0.0000
M5,01/07/23,17:23:05,     6,  4824,   437, 1009.0, 300,20.6,27.6, 0.0,  0, 0.0000,     0,23.7,26.3,14.9, 20,     9,     8, 0.0000, 0.0000
M5,01/07/23,17:23:06,     6,  4825,   438, 1009.0, 300,20.6,27.6, 0.0,  0, 0.0000,     0,23.7,26.3,14.9, 20,    10,     9, 0.0000, 0.0000
M5,01/07/23,17:23:07,     6,  4826,   439, 1009.0, 300,20.6,27.6, 0.0,  0, 0.0000,     0,23.7,26.3,14.9, 25,    11,    10, 0.0000, 0.0000
M5,01/07/23,17:23:08,     6,  4827,   440, 1009.0, 300,20.6,27.6, 0.0,  0, 0.0000,     0,23.7,26.3,14.9, 25,    11,    11, 0.0000, 0.0000
M5,01/07/23,17:23:09,     6,  4828,   440, 1009.0, 300,20.6,27.6, 0.0,  0, 0.0000,     0,23.7,26.3,14.9, 25,    12,    12, 0.0000, 0.0000
M5,01/07/23,17:23:10,     6,  4829,   441, 1009.0, 300,20.6,27.6, 0.0,  0, 0.0000,     0,23.7,26.3,14.9, 25,    12,    13, 0.6964, 0.8512
M5,01/07/23,17:23:11,     6,  4830,   441, 1009.0, 299,20.7,27.6, 0.0,  0, 0.0000,     0,23.7,26.3,14.9, 25,    13,    14, 0.7159, 0.7190
M5,01/07/23,17:23:12,     6,  4831,   442, 1009.0, 300,20.7,27.6, 0.0,  0, 0.0000,     0,23.7,26.3,14.9, 25,    14,    15, 0.7080, 0.7301
M5,01/07/23,17:23:13,     6,  4832,   442, 1009.0, 300,20.7,27.6, 0.0,  0, 0.0000,     0,23.7,26.3,14.9, 25,    14,    16, 0.7008, 0.7484
M5,01/07/23,17:23:14,     6,  4833,   443, 1009.0, 300,20.7,27.6, 0.0,  0, 0.0000,     0,23.7,26.3,14.9, 25,    15,    17, 0.7066, 0.7099
M5,01/07/23,17:23:15,     6,  4834,   443, 1009.0, 300,20.7,27.6, 0.0,  0, 0.0000,     0,23.7,26.3,14.9, 25,    15,    18, 0.6916, 0.7505
M5,01/07/23,17:23:16,     6,  4835,   444, 1009.0, 300,20.7,27.6, 0.0,  0, 0.0000,     0,23.7,26.4,14.9, 25,    15,    19, 0.6788, 0.7621
M5,01/07/23,17:23:17,     6,  4836,   445, 1009.0, 300,20.7,27.6, 0.0,  0, 0.0000,     0,23.7,26.4,14.9, 25,    16,    20, 0.6789, 0.7326
M5,01/07/23,17:23:18,     6,  4837,   445, 1009.0, 300,20.8,27.6, 0.0,  0, 0.0000,     0,23.7,26.4,14.9, 25,    17,    21, 0.6868, 0.6985
M5,01/07/23,17:23:19,     6,  4838,   446, 1009.0, 300,20.8,27.6, 0.0,  0, 0.0000,     0,23.7,26.4,14.9, 25,    17,    22, 0.6884, 0.6879
M5,01/07/23,17:23:20,     6,  4839,   447, 1009.0, 300,20.8,27.6, 0.0,  0, 0.0000,     0,23.7,26.4,14.9, 25,    18,    23, 0.7003, 0.6537
M5,01/07/23,17:23:21,     6,  4840,   447, 1009.0, 300,20.8,27.6, 0.0,  0, 0.0000,     0,23.7,26.4,14.9, 25,    19,    24, 0.7189, 0.6047
M5,01/07/23,17:23:22,     6,  4841,   448, 1009.0, 300,20.8,27.6, 0.0,  0, 0.0000,     0,23.7,26.4,14.9, 25,    20,    25, 0.7450, 0.5535
M5,01/07/23,17:23:23,     6,  4842,   449, 1009.0, 300,20.8,27.6, 0.0, 21, 0.0000,     0,23.7,26.4,14.9, 25,    21,    26, 0.7633, 0.5333
M5,01/07/23,17:23:24,     6,  4843,   450, 1009.0, 300,20.8,27.6, 0.0, 21, 0.0000,     0,23.7,26.4,14.9, 25,    21,    27, 0.7776, 0.5319
M5,01/07/23,17:23:25,     6,  4844,   450, 1009.0, 300,20.9,27.6, 0.0, 21, 0.0000,     0,23.7,26.4,14.9, 25,    22,    28, 0.7862, 0.5526
M5,01/07/23,17:23:26,     6,  4845,   451, 1009.0, 300,20.9,27.6, 0.0,  0, 0.0000,     0,23.7,26.4,14.9, 25,    23,    29, 0.7928, 0.5719
M5,01/07/23,17:23:27,     6,  4846,   452, 1009.0, 300,20.8,27.6, 0.0,  0, 0.0000,     0,23.7,26.4,14.9, 25,    23,    30, 0.8006, 0.5813
M5,01/07/23,17:23:28,     6,  4847,   452, 1009.0, 300,20.8,27.6, 0.0,  0, 0.0000,     0,23.7,26.4,14.9, 25,    24,    31, 0.8073, 0.5944
M5,01/07/23,17:23:29,     6,  4848,   453, 1009.0, 300,20.9,27.6, 0.0,  0, 0.0000,     0,23.7,26.4,14.9, 25,    25,    32, 0.8153, 0.6018
M5,01/07/23,17:23:30,     6,  4849,   454, 1009.0, 300,20.9,27.6, 0.0,  0, 0.0000,     0,23.7,26.4,14.9, 25,    26,    33, 0.8257, 0.5982
M5,01/07/23,17:23:31,     6,  4850,   455, 1009.0, 300,20.9,27.6, 0.0, 21, 0.0000,     0,23.7,26.4,14.9, 25,    27,    34, 0.8359, 0.5962
M5,01/07/23,17:23:32,     6,  4851,   456, 1009.0, 300,20.9,27.6, 0.0,  0, 0.0000,     0,23.7,26.4,14.9, 25,    27,    35, 0.8435, 0.6095
M5,01/07/23,17:23:33,     6,  4852,   456, 1009.0, 300,20.9,27.6, 0.0,  0, 0.0000,     0,23.7,26.4,14.9, 25,    28,    36, 0.8451, 0.6354
M5,01/07/23,17:23:34,     6,  4853,   456, 1009.0, 300,20.9,27.6, 0.0,  0, 0.0000,     0,23.7,26.4,14.9, 25,    28,    37, 0.8435, 0.6693
M5,01/07/23,17:23:35,     6,  4854,   457, 1009.0, 300,20.9,27.6, 0.0,  0, 0.0000,     0,23.7,26.4,14.9, 25,    29,    38, 0.8419, 0.6963
M5,01/07/23,17:23:36,     6,  4855,   458, 1009.0, 300,20.9,27.6, 0.0,  0, 0.0000,     0,23.7,26.4,14.9, 25,    29,    39, 0.8410, 0.7182
M5,01/07/23,17:23:37,     6,  4856,   458, 1009.0, 300,20.9,27.6, 0.0,  0, 0.0000,     0,23.7,26.4,14.9, 25,    30,    40, 0.8387, 0.7403
M5,01/07/23,17:23:38,     6,  4857,   459, 1009.0, 300,21.0,27.6, 0.0,  0, 0.0000,     0,23.7,26.4,14.9, 25,    30,    41, 0.8375, 0.7582
M5,01/07/23,17:23:39,     6,  4858,   459, 1009.0, 300,21.0,27.6, 0.0,  0, 0.0000,     0,23.7,26.4,14.9, 25,    31,    42, 0.8361, 0.7715
M5,01/07/23,17:23:40,     6,  4859,   460, 1009.0, 300,21.0,27.6, 0.0,  0, 0.0000,     0,23.7,26.4,14.9, 25,    32,    43, 0.8349, 0.7819
M5,01/07/23,17:23:41,     6,  4860,   461, 1009.0, 300,21.0,27.6, 0.0,  0, 0.0000,     0,23.7,26.4,14.9, 25,    33,    44, 0.8350, 0.7875
M5,01/07/23,17:23:42,     6,  4861,   462, 1009.0, 300,21.0,27.6, 0.0,  0, 0.0000,     0,23.7,26.4,14.9, 25,    33,    45, 0.8350, 0.7920
M5,01/07/23,17:23:43,     6,  4862,   462, 1009.0, 300,21.0,27.6, 0.0,  0, 0.0000,     0,23.7,26.4,14.9, 25,    34,    46, 0.8354, 0.7961
M5,01/07/23,17:23:44,     6,  4863,   463, 1009.0, 300,21.0,27.6, 0.0,  0, 0.0000,     0,23.7,26.4,14.9, 25,    35,    47, 0.8354, 0.7991
M5,01/07/23,17:23:45,     6,  4864,   464, 1009.0, 300,21.0,27.6, 0.0,  0, 0.0000,     0,23.7,26.4,14.9, 25,    36,    48, 0.8376, 0.7965
M5,01/07/23,17:23:46,     6,  4865,   464, 1009.0, 300,21.0,27.6, 0.0,  0, 0.0000,     0,23.7,26.4,14.9, 25,    36,    49, 0.8382, 0.7972
M5,01/07/23,17:23:47,     6,  4866,   465, 1009.0, 300,21.0,27.6, 0.0,  0, 0.0000,     0,23.7,26.4,14.9, 25,    36,    50, 0.8366, 0.8062
M5,01/07/23,17:23:48,     6,  4867,   465, 1009.0, 300,21.1,27.6, 0.0,  0, 0.0000,     0,23.7,26.4,14.9, 25,    37,    51, 0.8354, 0.8134
M5,01/07/23,17:23:49,     6,  4868,   466, 1009.0, 300,21.1,27.6, 0.0,  0, 0.0000,     0,23.7,26.4,14.9, 25,    38,    52, 0.8343, 0.8188
M5,01/07/23,17:23:50,     6,  4869,   467, 1009.0, 300,21.1,27.6, 0.0,  0, 0.0000,     0,23.7,26.4,14.9, 25,    38,    53, 0.8331, 0.8257
M5,01/07/23,17:23:51,     6,  4870,   467, 1009.0, 300,21.1,27.6, 0.0,  0, 0.0000,     0,23.7,26.4,14.6, 25,    39,    54, 0.8318, 0.8307
M5,01/07/23,17:23:52,     6,  4871,   468, 1009.0, 300,21.1,27.6, 0.0,  0, 0.0000,     0,23.7,26.4,14.6, 25,    39,    55, 0.8309, 0.8348
M5,01/07/23,17:23:53,     6,  4872,   469, 1009.0, 300,21.1,27.6, 0.0,  0, 0.0000,     0,23.7,26.4,14.6, 25,    40,    56, 0.8300, 0.8374
M5,01/07/23,17:23:54,     6,  4873,   469, 1009.0, 300,21.1,27.6, 0.0,  0, 0.0000,     0,23.7,26.3,14.6, 25,    41,    57, 0.8297, 0.8371
M5,01/07/23,17:23:55,     6,  4874,   470, 1009.0, 300,21.1,27.6, 0.0,  0, 0.0000,     0,23.7,26.3,14.6, 25,    42,    58, 0.8297, 0.8367
M5,01/07/23,17:23:56,     6,  4875,   470, 1009.0, 300,21.1,27.6, 0.0,  0, 0.0000,     0,23.7,26.3,14.6, 25,    42,    59, 0.8286, 0.8397
M5,01/07/23,17:23:57,     6,  4876,   471, 1009.0, 300,21.1,27.6, 0.0,  0, 0.0000,     0,23.7,26.4,14.6, 25,    42,    60, 0.8271, 0.8457
R5,01/07/23,17:23:57,     6,  4876,   471, 1009.0, 300,21.1,27.6, 0.0,  0, 0.0000,     0,23.7,26.4,14.6, 25,    42,    60, 0.8271, 0.8457
End
Start
M5,01/07/23,17:24:41,     6,  4920,   418, 1009.0, 300,20.4,27.6, 0.0,  0, 0.0000,     0,23.5,26.1,14.7, 20,     2,     1, 0.0000, 0.0000
M5,01/07/23,17:24:42,     6,  4921,   419, 1009.0, 300,20.4,27.6, 0.0,  0, 0.0000,     0,23.5,26.1,14.7, 20,     3,     2, 0.0000, 0.0000
M5,01/07/23,17:24:43,     6,  4922,   420, 1009.0, 300,20.4,27.5, 0.0,  0, 0.0000,     0,23.5,26.1,14.7, 20,     4,     3, 0.0000, 0.0000
M5,01/07/23,17:24:44,     6,  4923,   420, 1009.0, 300,20.4,27.5, 0.0,  0, 0.0000,     0,23.5,26.1,14.7, 20,     4,     4, 0.0000, 0.0000
M5,01/07/23,17:24:45,     6,  4924,   421, 1008.9, 300,20.4,27.5, 0.0,  0, 0.0000,     0,23.5,26.1,14.7, 20,     5,     5, 0.0000, 0.0000
M5,01/07/23,17:24:46,     6,  4925,   421, 1008.9, 300,20.4,27.5, 0.0,  0, 0.0000,     0,23.5,26.1,14.7, 20,     5,     6, 0.0000, 0.0000
M5,01/07/23,17:24:47,     6,  4926,   422, 1008.9, 300,20.4,27.5, 0.0,  0, 0.0000,     0,23.5,26.1,14.7, 20,     6,     7, 0.0000, 0.0000
M5,01/07/23,17:24:48,     6,  4927,   423, 1008.9, 300,20.4,27.5, 0.0,  0, 0.0000,     0,23.5,26.1,14.7, 20,     7,     8, 0.0000, 0.0000
M5,01/07/23,17:24:49,     6,  4928,   424, 1008.9, 300,20.4,27.5, 0.0,  0, 0.0000,     0,23.5,26.1,14.7, 20,     8,     9, 0.0000, 0.0000
M5,01/07/23,17:24:50,     6,  4929,   424, 1008.9, 300,20.4,27.5, 0.0,  0, 0.0000,     0,23.5,26.2,14.7, 25,     8,    10, 0.0000, 0.0000
M5,01/07/23,17:24:51,     6,  4930,   425, 1008.9, 300,20.4,27.5, 0.0,  0, 0.0000,     0,23.5,26.2,14.7, 25,     9,    11, 0.0000, 0.0000
M5,01/07/23,17:24:52,     6,  4931,   425, 1008.9, 300,20.4,27.5, 0.0,  0, 0.0000,     0,23.5,26.2,14.7, 25,     9,    12, 0.0000, 0.0000
M5,01/07/23,17:24:53,     6,  4932,   426, 1008.9, 300,20.4,27.5, 0.0,  0, 0.0000,     0,23.5,26.2,14.7, 25,    10,    13, 0.6852, 1.1463
M5,01/07/23,17:24:54,     6,  4933,   426, 1008.9, 300,20.4,27.5, 0.0,  0, 0.0000,     0,23.5,26.2,14.7, 25,    10,    14, 0.6863, 0.8617
M5,01/07/23,17:24:55,     6,  4934,   427, 1008.9, 300,20.4,27.5, 0.0,  0, 0.0000,     0,23.5,26.2,14.7, 25,    11,    15, 0.7051, 0.7226
M5,01/07/23,17:24:56,     6,  4935,   428, 1008.9, 300,20.4,27.5, 0.0,  0, 0.0000,     0,23.5,26.2,14.7, 25,    12,    16, 0.7246, 0.6648
M5,01/07/23,17:24:57,     6,  4936,   428, 1008.9, 300,20.5,27.5, 0.0,  0, 0.0000,     0,23.5,26.2,14.7, 25,    12,    17, 0.7428, 0.6473
M5,01/07/23,17:24:58,     6,  4937,   429, 1008.9, 300,20.5,27.5, 0.0,  0, 0.0000,     0,23.5,26.2,14.7, 25,    13,    18, 0.7558, 0.6456
M5,01/07/23,17:24:59,     6,  4938,   429, 1008.9, 300,20.5,27.5, 0.0,  0, 0.0000,     0,23.5,26.2,14.7, 25,    13,    19, 0.7451, 0.7155
M5,01/07/23,17:25:00,     6,  4939,   430, 1008.9, 300,20.5,27.5, 0.0,  0, 0.0000,     0,23.5,26.2,14.7, 25,    14,    20, 0.7327, 0.7574
M5,01/07/23,17:25:01,     6,  4940,   430, 1008.9, 300,20.5,27.5, 0.0,  0, 0.0000,     0,23.5,26.2,14.7, 25,    14,    21, 0.7294, 0.7644
M5,01/07/23,17:25:02,     6,  4941,   431, 1009.0, 300,20.5,27.5, 0.0,  0, 0.0000,     0,23.5,26.2,14.7, 25,    15,    22, 0.7426, 0.7126
M5,01/07/23,17:25:03,     6,  4942,   432, 1009.0, 300,20.5,27.5, 0.0,  0, 0.0000,     0,23.5,26.2,14.7, 25,    16,    23, 0.7652, 0.6491
M5,01/07/23,17:25:04,     6,  4943,   433, 1009.0, 300,20.6,27.5, 0.0,  0, 0.0000,     0,23.5,26.3,14.7, 25,    17,    24, 0.7822, 0.6255
M5,01/07/23,17:25:05,     6,  4944,   433, 1009.0, 300,20.6,27.5, 0.0,  0, 0.0000,     0,23.5,26.3,14.7, 25,    18,    25, 0.7894, 0.6363
M5,01/07/23,17:25:06,     6,  4945,   434, 1009.0, 300,20.6,27.5, 0.0,  0, 0.0000,     0,23.5,26.3,14.7, 25,    18,    26, 0.7959, 0.6499
M5,01/07/23,17:25:07,     6,  4946,   435, 1009.0, 300,20.6,27.5, 0.0,  0, 0.0000,     0,23.5,26.3,14.7, 25,    19,    27, 0.8041, 0.6513
M5,01/07/23,17:25:08,     6,  4947,   436, 1009.0, 300,20.6,27.5, 0.0,  0, 0.0000,     0,23.5,26.3,14.7, 25,    20,    28, 0.8110, 0.6596
M5,01/07/23,17:25:09,     6,  4948,   436, 1009.0, 300,20.6,27.5, 0.0,  0, 0.0000,     0,23.5,26.3,14.7, 25,    20,    29, 0.8158, 0.6701
M5,01/07/23,17:25:10,     6,  4949,   437, 1009.0, 300,20.6,27.5, 0.0,  0, 0.0000,     0,23.5,26.3,14.7, 25,    21,    30, 0.8208, 0.6833
M5,01/07/23,17:25:11,     6,  4950,   438, 1009.0, 300,20.6,27.5, 0.0,  0, 0.0000,     0,23.5,26.3,14.8, 25,    22,    31, 0.8237, 0.6953
M5,01/07/23,17:25:12,     6,  4951,   438, 1009.0, 300,20.6,27.5, 0.0,  0, 0.0000,     0,23.5,26.3,14.8, 25,    22,    32, 0.8281, 0.6999
M5,01/07/23,17:25:13,     6,  4952,   439, 1009.0, 300,20.7,27.5, 0.0,  0, 0.0000,     0,23.5,26.3,14.8, 25,    23,    33, 0.8341, 0.7004
M5,01/07/23,17:25:14,     6,  4953,   440, 1009.0, 300,20.7,27.5, 0.0,  0, 0.0000,     0,23.5,26.3,14.8, 25,    24,    34, 0.8364, 0.7111
M5,01/07/23,17:25:15,     6,  4954,   440, 1009.0, 300,20.7,27.5, 0.0,  0, 0.0000,     0,23.5,26.3,14.8, 25,    24,    35, 0.8374, 0.7291
M5,01/07/23,17:25:16,     6,  4955,   441, 1009.0, 300,20.7,27.5, 0.0,  0, 0.0000,     0,23.5,26.3,14.8, 25,    25,    36, 0.8374, 0.7431
M5,01/07/23,17:25:17,     6,  4956,   442, 1009.0, 300,20.7,27.5, 0.0,  0, 0.0000,     0,23.5,26.3,14.7, 25,    26,    37, 0.8379, 0.7551
M5,01/07/23,17:25:18,     6,  4957,   442, 1009.0, 300,20.7,27.5, 0.0,  0, 0.0000,     0,23.5,26.3,14.7, 25,    26,    38, 0.8393, 0.7597
M5,01/07/23,17:25:19,     6,  4958,   443, 1009.0, 300,20.7,27.5, 0.0,  0, 0.0000,     0,23.5,26.3,14.7, 25,    27,    39, 0.8417, 0.7600
M5,01/07/23,17:25:20,     6,  4959,   444, 1009.0, 300,20.7,27.5, 0.0,  0, 0.0000,     0,23.5,26.3,14.7, 25,    28,    40, 0.8437, 0.7620
M5,01/07/23,17:25:21,     6,  4960,   444, 1009.0, 300,20.7,27.5, 0.0,  0, 0.0000,     0,23.5,26.3,14.7, 25,    29,    41, 0.8448, 0.7666
M5,01/07/23,17:25:22,     6,  4961,   445, 1009.0, 300,20.8,27.5, 0.0,  0, 0.0000,     0,23.3,26.3,14.7, 25,    29,    42, 0.8477, 0.7683
M5,01/07/23,17:25:23,     6,  4962,   446, 1009.0, 300,20.8,27.5, 0.0,  0, 0.0000,     0,23.3,26.3,14.7, 25,    30,    43, 0.8482, 0.7743
M5,01/07/23,17:25:24,     6,  4963,   447, 1009.0, 300,20.8,27.5, 0.0,  0, 0.0000,     0,23.3,26.3,14.7, 25,    31,    44, 0.8500, 0.7768
M5,01/07/23,17:25:25,     6,  4964,   447, 1009.0, 300,20.8,27.5, 0.0,  0, 0.0000,     0,23.3,26.3,14.7, 25,    31,    45, 0.8511, 0.7796
M5,01/07/23,17:25:26,     6,  4965,   448, 1009.0, 300,20.8,27.5, 0.0,  0, 0.0000,     0,23.3,26.3,14.7, 25,    32,    46, 0.8511, 0.7862
M5,01/07/23,17:25:27,     6,  4966,   448, 1009.0, 300,20.8,27.5, 0.0,  0, 0.0000,     0,23.3,26.3,14.8, 25,    33,    47, 0.8512, 0.7925
M5,01/07/23,17:25:28,     6,  4967,   449, 1009.0, 300,20.8,27.5, 0.0,  0, 0.0000,     0,23.3,26.3,14.8, 25,    33,    48, 0.8503, 0.8010
M5,01/07/23,17:25:29,     6,  4968,   450, 1009.0, 300,20.9,27.5, 0.0,  0, 0.0000,     0,23.3,26.3,14.8, 25,    34,    49, 0.8499, 0.8087
M5,01/07/23,17:25:31,     6,  4969,   450, 1009.0, 300,20.9,27.5, 0.0,  0, 0.0000,     0,23.3,26.3,14.8, 25,    34,    50, 0.8491, 0.8146
M5,01/07/23,17:25:32,     6,  4970,   451, 1009.0, 300,20.9,27.5, 0.0,  0, 0.0000,     0,23.3,26.3,14.8, 25,    35,    51, 0.8482, 0.8227
M5,01/07/23,17:25:33,     6,  4971,   451, 1009.0, 300,20.9,27.5, 0.0,  0, 0.0000,     0,23.3,26.3,14.8, 25,    35,    52, 0.8463, 0.8313
M5,01/07/23,17:25:34,     6,  4972,   452, 1009.0, 300,20.9,27.5, 0.0,  0, 0.0000,     0,23.3,26.3,14.8, 25,    36,    53, 0.8447, 0.8382
M5,01/07/23,17:25:35,     6,  4973,   453, 1009.0, 300,20.9,27.5, 0.0,  0, 0.0000,     0,23.3,26.3,14.8, 25,    37,    54, 0.8433, 0.8434
M5,01/07/23,17:25:36,     6,  4974,   453, 1009.0, 300,20.9,27.5, 0.0,  0, 0.0000,     0,23.3,26.3,14.8, 25,    37,    55, 0.8420, 0.8474
M5,01/07/23,17:25:37,     6,  4975,   454, 1009.0, 300,20.9,27.5, 0.0,  0, 0.0000,     0,23.3,26.3,14.8, 25,    38,    56, 0.8410, 0.8506
M5,01/07/23,17:25:38,     6,  4976,   455, 1009.0, 300,20.9,27.5, 0.0,  0, 0.0000,     0,23.3,26.3,14.8, 25,    39,    57, 0.8405, 0.8509
M5,01/07/23,17:25:39,     6,  4977,   455, 1009.0, 300,20.9,27.5, 0.0,  0, 0.0000,     0,23.3,26.3,14.8, 25,    39,    58, 0.8399, 0.8531
M5,01/07/23,17:25:40,     6,  4978,   456, 1009.0, 299,20.9,27.5, 0.0,  0, 0.0000,     0,23.3,26.3,14.8, 25,    40,    59, 0.8387, 0.8563
M5,01/07/23,17:25:41,     6,  4979,   456, 1009.0, 299,21.0,27.5, 0.0,  0, 0.0000,     0,23.3,26.3,14.8, 25,    41,    60, 0.8378, 0.8589
R5,01/07/23,17:25:41,     6,  4979,   456, 1009.0, 299,21.0,27.5, 0.0,  0, 0.0000,     0,23.3,26.3,14.8, 25,    41,    60, 0.8378, 0.8589
End
Start
M5,01/07/23,17:26:27,     6,  5025,   418, 1008.9, 300,20.6,27.5, 0.0,  0, 0.0000,     0,23.3,26.1,14.7, 20,     0,     1, 0.0000, 0.0000
M5,01/07/23,17:26:28,     6,  5026,   419, 1008.9, 300,20.6,27.5, 0.0,  0, 0.0000,     0,23.3,26.1,14.7, 20,     1,     2, 0.0000, 0.0000
M5,01/07/23,17:26:29,     6,  5027,   419, 1008.9, 300,20.6,27.5, 0.0,  0, 0.0000,     0,23.3,26.1,14.7, 20,     2,     3, 0.0000, 0.0000
M5,01/07/23,17:26:30,     6,  5028,   420, 1008.9, 300,20.6,27.5, 0.0,  0, 0.0000,     0,23.3,26.1,14.7, 20,     3,     4, 0.0000, 0.0000
M5,01/07/23,17:26:31,     6,  5029,   421, 1008.9, 300,20.6,27.5, 0.0,  0, 0.0000,     0,23.3,26.1,14.7, 20,     3,     5, 0.0000, 0.0000
M5,01/07/23,17:26:32,     6,  5030,   422, 1008.9, 300,20.6,27.5, 0.0,  0, 0.0000,     0,23.3,26.1,14.8, 20,     4,     6, 0.0000, 0.0000
M5,01/07/23,17:26:33,     6,  5031,   423, 1008.9, 300,20.6,27.5, 0.0,  0, 0.0000,     0,23.3,26.1,14.8, 20,     5,     7, 0.0000, 0.0000
M5,01/07/23,17:26:34,     6,  5032,   423, 1008.9, 300,20.7,27.5, 0.0,  0, 0.0000,     0,23.3,26.1,14.8, 20,     5,     8, 0.0000, 0.0000
M5,01/07/23,17:26:35,     6,  5033,   424, 1008.9, 300,20.7,27.5, 0.0,  0, 0.0000,     0,23.3,26.1,14.8, 20,     6,     9, 0.0000, 0.0000
M5,01/07/23,17:26:36,     6,  5034,   424, 1008.9, 299,20.7,27.5, 0.0,  0, 0.0000,     0,23.3,26.1,14.8, 25,     7,    10, 0.0000, 0.0000
M5,01/07/23,17:26:37,     6,  5035,   425, 1008.9, 299,20.7,27.5, 0.0,  0, 0.0000,     0,23.3,26.1,14.8, 25,     7,    11, 0.0000, 0.0000
M5,01/07/23,17:26:38,     6,  5036,   425, 1008.9, 300,20.7,27.5, 0.0,  0, 0.0000,     0,23.3,26.1,14.6, 25,     7,    12, 0.0000, 0.0000
M5,01/07/23,17:26:39,     6,  5037,   425, 1008.9, 300,20.7,27.5, 0.0,  0, 0.0000,     0,23.3,26.1,14.6, 25,     8,    13, 0.4043, 0.5581
M5,01/07/23,17:26:40,     6,  5038,   426, 1008.9, 300,20.7,27.5, 0.0, 21, 0.0000,     0,23.3,26.1,14.6, 25,     8,    14, 0.4829, 0.3064
M5,01/07/23,17:26:41,     6,  5039,   427, 1008.9, 300,20.8,27.5, 0.0, 21, 0.0000,     0,23.3,26.1,14.6, 25,     9,    15, 0.5580, 0.2458
M5,01/07/23,17:26:42,     6,  5040,   428, 1008.9, 300,20.8,27.5, 0.0, 21, 0.0000,     0,23.3,26.1,14.6, 25,    10,    16, 0.6495, 0.1708
M5,01/07/23,17:26:43,     6,  5041,   429, 1008.9, 300,20.8,27.5, 0.0, 21, 0.0000,     0,23.3,26.1,14.8, 25,    11,    17, 0.7374, 0.1482
M5,01/07/23,17:26:44,     6,  5042,   430, 1008.9, 300,20.8,27.5, 0.0, 21, 0.0000,     0,23.3,26.1,14.8, 25,    12,    18, 0.7985, 0.2047
M5,01/07/23,17:26:45,     6,  5043,   430, 1008.9, 300,20.8,27.5, 0.0, 21, 0.0000,     0,23.3,26.1,14.8, 25,    12,    19, 0.8311, 0.3155
M5,01/07/23,17:26:46,     6,  5044,   431, 1008.9, 300,20.8,27.5, 0.0, 21, 0.0000,     0,23.3,26.1,14.8, 25,    13,    20, 0.8687, 0.3735
M5,01/07/23,17:26:47,     6,  5045,   432, 1008.9, 300,20.8,27.5, 0.0, 21, 0.0000,     0,23.3,26.1,14.8, 25,    14,    21, 0.8880, 0.4591
M5,01/07/23,17:26:48,     6,  5046,   432, 1008.9, 300,20.8,27.5, 0.0, 21, 0.0000,     0,23.3,26.1,14.6, 25,    15,    22, 0.8992, 0.5462
M5,01/07/23,17:26:49,     6,  5047,   433, 1008.9, 300,20.8,27.5, 0.0, 21, 0.0000,     0,23.3,26.1,14.6, 25,    15,    23, 0.9087, 0.6046
M5,01/07/23,17:26:50,     6,  5048,   434, 1008.9, 300,20.9,27.5, 0.0,  0, 0.0000,     0,23.3,26.1,14.6, 25,    16,    24, 0.9137, 0.6632
M5,01/07/23,17:26:51,     6,  5049,   434, 1008.9, 300,20.9,27.5, 0.0,  0, 0.0000,     0,23.3,26.1,14.6, 25,    17,    25, 0.9101, 0.7293
M5,01/07/23,17:26:52,     6,  5050,   435, 1008.9, 300,20.9,27.5, 0.0,  0, 0.0000,     0,23.3,26.1,14.6, 25,    17,    26, 0.9019, 0.7922
M5,01/07/23,17:26:53,     6,  5051,   435, 1008.9, 300,20.9,27.5, 0.0,  0, 0.0000,     0,23.3,26.1,14.6, 25,    17,    27, 0.8880, 0.8594
M5,01/07/23,17:26:54,     6,  5052,   436, 1008.9, 300,20.9,27.5, 0.0,  0, 0.0000,     0,23.3,26.1,14.8, 25,    18,    28, 0.8703, 0.9213
M5,01/07/23,17:26:55,     6,  5053,   436, 1008.9, 300,20.9,27.5, 0.0,  0, 0.0000,     0,23.3,26.1,14.8, 25,    18,    29, 0.8546, 0.9656
M5,01/07/23,17:26:56,     6,  5054,   437, 1008.9, 300,20.9,27.5, 0.0,  0, 0.0000,     0,23.3,26.1,14.8, 25,    19,    30, 0.8448, 0.9773
M5,01/07/23,17:26:57,     6,  5055,   438, 1008.9, 300,20.9,27.5, 0.0,  0, 0.0000,     0,23.3,26.1,14.8, 25,    20,    31, 0.8382, 0.9799
M5,01/07/23,17:26:58,     6,  5056,   438, 1008.9, 300,20.9,27.5, 0.0,  0, 0.0000,     0,23.3,26.1,14.8, 25,    20,    32, 0.8324, 0.9754
M5,01/07/23,17:26:59,     6,  5057,   439, 1008.9, 300,20.9,27.5, 0.0,  0, 0.0000,     0,23.3,26.1,14.8, 25,    21,    33, 0.8259, 0.9743
M5,01/07/23,17:27:00,     6,  5058,   439, 1008.9, 300,21.0,27.5, 0.0,  0, 0.0000,     0,23.3,26.1,14.8, 25,    22,    34, 0.8216, 0.9691
M5,01/07/23,17:27:01,     6,  5059,   440, 1008.9, 300,21.0,27.5, 0.0,  0, 0.0000,     0,23.3,26.1,14.8, 25,    22,    35, 0.8140, 0.9728
M5,01/07/23,17:27:02,     6,  5060,   440, 1008.9, 300,21.0,27.5, 0.0,  0, 0.0000,     0,23.3,26.1,14.8, 25,    22,    36, 0.8065, 0.9780
M5,01/07/23,17:27:03,     6,  5061,   441, 1009.0, 300,21.0,27.5, 0.0,  0, 0.0000,     0,23.3,26.1,14.8, 25,    23,    37, 0.7986, 0.9813
M5,01/07/23,17:27:04,     6,  5062,   441, 1009.0, 300,21.0,27.5, 0.0,  0, 0.0000,     0,23.3,26.1,14.6, 25,    23,    38, 0.7915, 0.9838
M5,01/07/23,17:27:05,     6,  5063,   442, 1009.0, 300,21.0,27.5, 0.0,  0, 0.0000,     0,23.3,26.1,14.6, 25,    24,    39, 0.7855, 0.9795
M5,01/07/23,17:27:06,     6,  5064,   442, 1009.0, 300,21.0,27.5, 0.0,  0, 0.0000,     0,23.3,26.1,14.6, 25,    24,    40, 0.7800, 0.9762
M5,01/07/23,17:27:07,     6,  5065,   443, 1009.0, 300,21.0,27.5, 0.0,  0, 0.0000,     0,23.3,26.1,14.6, 25,    25,    41, 0.7743, 0.9724
M5,01/07/23,17:27:08,     6,  5066,   444, 1009.0, 300,21.0,27.5, 0.0,  0, 0.0000,     0,23.3,26.1,14.6, 25,    26,    42, 0.7709, 0.9605
M5,01/07/23,17:27:09,     6,  5067,   444, 1009.0, 300,21.0,27.5, 0.0,  0, 0.0000,     0,23.3,26.1,14.6, 25,    26,    43, 0.7687, 0.9474
M5,01/07/23,17:27:10,     6,  5068,   445, 1009.0, 300,21.0,27.5, 0.0,  0, 0.0000,     0,23.3,26.1,14.8, 25,    27,    44, 0.7669, 0.9333
M5,01/07/23,17:27:11,     6,  5069,   445, 1009.0, 300,21.1,27.5, 0.0,  0, 0.0000,     0,23.3,26.1,14.8, 25,    28,    45, 0.7651, 0.9230
M5,01/07/23,17:27:12,     6,  5070,   446, 1009.0, 300,21.1,27.5, 0.0,  0, 0.0000,     0,23.3,26.1,14.8, 25,    28,    46, 0.7618, 0.9178
M5,01/07/23,17:27:13,     6,  5071,   446, 1009.0, 300,21.1,27.5, 0.0,  0, 0.0000,     0,23.3,26.1,14.8, 25,    28,    47, 0.7590, 0.9140
M5,01/07/23,17:27:14,     6,  5072,   447, 1009.0, 300,21.1,27.5, 0.0,  0, 0.0000,     0,23.3,26.1,14.8, 25,    29,    48, 0.7565, 0.9072
M5,01/07/23,17:27:15,     6,  5073,   448, 1009.0, 300,21.1,27.5, 0.0,  0, 0.0000,     0,23.3,26.1,14.8, 25,    30,    49, 0.7546, 0.8988
M5,01/07/23,17:27:16,     6,  5074,   448, 1009.0, 300,21.1,27.5, 0.0,  0, 0.0000,     0,23.3,26.1,14.8, 25,    30,    50, 0.7534, 0.8895
M5,01/07/23,17:27:17,     6,  5075,   449, 1009.0, 300,21.1,27.5, 0.0,  0, 0.0000,     0,23.3,26.1,14.8, 25,    31,    51, 0.7533, 0.8767
M5,01/07/23,17:27:18,     6,  5076,   450, 1009.0, 300,21.1,27.5, 0.0,  0, 0.0000,     0,23.3,26.1,14.8, 25,    32,    52, 0.7544, 0.8623
M5,01/07/23,17:27:19,     6,  5077,   451, 1009.0, 300,21.1,27.5, 0.0,  0, 0.0000,     0,23.3,26.1,14.8, 25,    33,    53, 0.7561, 0.8461
M5,01/07/23,17:27:20,     6,  5078,   451, 1009.0, 300,21.1,27.5, 0.0,  0, 0.0000,     0,23.3,26.1,14.8, 25,    33,    54, 0.7573, 0.8339
M5,01/07/23,17:27:21,     6,  5079,   452, 1009.0, 300,21.1,27.5, 0.0,  0, 0.0000,     0,23.3,26.2,14.8, 25,    34,    55, 0.7573, 0.8268
M5,01/07/23,17:27:22,     6,  5080,   452, 1009.0, 300,21.1,27.5, 0.0,  0, 0.0000,     0,23.3,26.1,14.8, 25,    34,    56, 0.7568, 0.8222
M5,01/07/23,17:27:23,     6,  5081,   452, 1009.0, 300,21.1,27.5, 0.0,  0, 0.0000,     0,23.3,26.1,14.8, 25,    35,    57, 0.7556, 0.8210
M5,01/07/23,17:27:24,     6,  5082,   453, 1009.0, 300,21.1,27.5, 0.0,  0, 0.0000,     0,23.3,26.1,14.8, 25,    35,    58, 0.7536, 0.8225
M5,01/07/23,17:27:25,     6,  5083,   453, 1009.0, 300,21.2,27.5, 0.0,  0, 0.0000,     0,23.3,26.1,14.8, 25,    35,    59, 0.7521, 0.8245
M5,01/07/23,17:27:26,     6,  5084,   454, 1009.0, 300,21.2,27.5, 0.0,  0, 0.0000,     0,23.3,26.1,14.6, 25,    36,    60, 0.7505, 0.8243
R5,01/07/23,17:27:26,     6,  5084,   454, 1009.0, 300,21.2,27.5, 0.0,  0, 0.0000,     0,23.3,26.1,14.6, 25,    36,    60, 0.7505, 0.8243
End
Zero
