Tag(M3),Date,Time,Plot_No,Rec_No,CO2,Pressure,Flow,H2O,Tsen,O2,Error,Aux_V,PAR,Tsoil,Tair,Msoil
Start
M5,25/07/23,10:58:59,     1,  2725,   449, 1000.2, 300,21.7,24.9, 0.0,  0, 0.0000,     0,21.5,23.0,17.3, 20,     2,     1, 0.0000, 0.0000
M5,25/07/23,10:59:00,     1,  2726,   450, 1000.2, 300,21.7,24.9, 0.0,  0, 0.0000,     0,21.5,23.0,17.3, 20,     4,     2, 0.0000, 0.0000
M5,25/07/23,10:59:01,     1,  2727,   452, 1000.2, 300,21.7,24.9, 0.0,  0, 0.0000,     0,21.5,22.9,17.3, 20,     5,     3, 0.0000, 0.0000
M5,25/07/23,10:59:02,     1,  2728,   452, 1000.2, 300,21.7,24.9, 0.0,  0, 0.0000,     0,21.5,22.9,17.3, 20,     6,     4, 0.0000, 0.0000
M5,25/07/23,10:59:03,     1,  2729,   453, 1000.2, 300,21.7,24.9, 0.0,  0, 0.0000,     0,21.5,22.9,17.3, 20,     7,     5, 0.0000, 0.0000
M5,25/07/23,10:59:04,     1,  2730,   454, 1000.2, 300,21.8,24.9, 0.0,  0, 0.0000,     0,21.5,22.9,17.3, 20,     8,     6, 0.0000, 0.0000
M5,25/07/23,10:59:05,     1,  2731,   454, 1000.2, 300,21.8,24.9, 0.0,  0, 0.0000,     0,21.5,22.9,17.3, 20,     8,     7, 0.0000, 0.0000
M5,25/07/23,10:59:06,     1,  2732,   455, 1000.2, 300,21.8,24.9, 0.0,  0, 0.0000,     0,21.5,22.9,17.3, 20,     9,     8, 0.0000, 0.0000
M5,25/07/23,10:59:07,     1,  2733,   456, 1000.2, 300,21.8,24.9, 0.0,  0, 0.0000,     0,21.5,22.9,17.3, 20,    10,     9, 0.0000, 0.0000
M5,25/07/23,10:59:08,     1,  2734,   457, 1000.2, 300,21.8,24.9, 0.0,  0, 0.0000,     0,21.5,22.9,17.3, 25,    11,    10, 0.0000, 0.0000
M5,25/07/23,10:59:09,     1,  2735,   458, 1000.2, 300,21.9,24.9, 0.0,  0, 0.0000,     0,21.5,22.9,17.3, 25,    12,    11, 0.0000, 0.0000
M5,25/07/23,10:59:10,     1,  2736,   459, 1000.2, 300,21.9,24.9, 0.0,  0, 0.0000,     0,21.5,22.9,17.3, 25,    12,    12, 0.0000, 0.0000
M5,25/07/23,10:59:11,     1,  2737,   459, 1000.2, 300,21.9,24.9, 0.0,  0, 0.0000,     0,21.5,22.9,17.3, 25,    13,    13, 0.8943, 1.0366
M5,25/07/23,10:59:12,     1,  2738,   460, 1000.2, 300,21.9,24.9, 0.0,  0, 0.0000,     0,21.5,22.9,17.3, 25,    14,    14, 0.9138, 0.8969
M5,25/07/23,10:59:13,     1,  2739,   461, 1000.2, 300,21.9,24.9, 0.0,  0, 0.0000,     0,21.5,22.9,17.3, 25,    15,    15, 0.9383, 0.8528
M5,25/07/23,10:59:14,     1,  2740,   462, 1000.2, 300,21.9,24.9, 0.0,  0, 0.0000,     0,21.5,22.9,17.3, 25,    16,    16, 0.9462, 0.8655
M5,25/07/23,10:59:15,     1,  2741,   463, 1000.2, 300,22.0,24.9, 0.0,  0, 0.0000,     0,21.5,22.9,17.3, 25,    16,    17, 0.9618, 0.8736
M5,25/07/23,10:59:16,     1,  2742,   463, 1000.2, 300,22.0,24.9, 0.0,  0, 0.0000,     0,21.5,22.9,17.3, 25,    17,    18, 0.9704, 0.8765
M5,25/07/23,10:59:17,     1,  2743,   465, 1000.2, 300,22.0,24.9, 0.0,  0, 0.0000,     0,21.5,22.9,17.3, 25,    18,    19, 0.9996, 0.8225
M5,25/07/23,10:59:18,     1,  2744,   465, 1000.2, 300,22.1,24.9, 0.0,  0, 0.0000,     0,21.5,22.9,17.3, 25,    19,    20, 1.0209, 0.8283
M5,25/07/23,10:59:19,     1,  2745,   466, 1000.2, 300,22.1,24.9, 0.0,  0, 0.0000,     0,21.5,22.9,17.3, 25,    20,    21, 1.0231, 0.8727
M5,25/07/23,10:59:20,     1,  2746,   467, 1000.2, 300,22.1,24.9, 0.0,  0, 0.0000,     0,21.5,22.9,17.3, 25,    20,    22, 1.0128, 0.9463
M5,25/07/23,10:59:21,     1,  2747,   467, 1000.2, 300,22.1,24.9, 0.0,  0, 0.0000,     0,21.5,22.9,17.3, 25,    21,    23, 0.9940, 1.0162
M5,25/07/23,10:59:22,     1,  2748,   468, 1000.2, 300,22.2,24.9, 0.0,  0, 0.0000,     0,21.5,22.9,17.1, 25,    22,    24, 0.9806, 1.0612
M5,25/07/23,10:59:23,     1,  2749,   468, 1000.2, 300,22.2,24.9, 0.0,  0, 0.0000,     0,21.5,22.9,17.1, 25,    22,    25, 0.9660, 1.0847
M5,25/07/23,10:59:24,     1,  2750,   469, 1000.2, 300,22.2,24.9, 0.0,  0, 0.0000,     0,21.5,22.9,17.1, 25,    23,    26, 0.9571, 1.0842
M5,25/07/23,10:59:25,     1,  2751,   470, 1000.2, 300,22.2,24.9, 0.0,  0, 0.0000,     0,21.5,22.9,17.1, 25,    24,    27, 0.9534, 1.0721
M5,25/07/23,10:59:26,     1,  2752,   471, 1000.2, 300,22.2,24.9, 0.0,  0, 0.0000,     0,21.5,22.9,17.1, 25,    25,    28, 0.9511, 1.0534
M5,25/07/23,10:59:27,     1,  2753,   472, 1000.2, 300,22.3,24.9, 0.0,  0, 0.0000,     0,21.5,22.9,17.3, 25,    25,    29, 0.9496, 1.0442
M5,25/07/23,10:59:28,     1,  2754,   472, 1000.2, 300,22.3,24.9, 0.0,  0, 0.0000,     0,21.5,22.9,17.3, 25,    26,    30, 0.9458, 1.0373
M5,25/07/23,10:59:29,     1,  2755,   473, 1000.2, 300,22.3,24.9, 0.0,  0, 0.0000,     0,21.5,22.9,17.3, 25,    27,    31, 0.9420, 1.0347
M5,25/07/23,10:59:30,     1,  2756,   474, 1000.2, 300,22.3,24.9, 0.0,  0, 0.0000,     0,21.5,22.9,17.3, 25,    28,    32, 0.9395, 1.0256
M5,25/07/23,10:59:31,     1,  2757,   475, 1000.2, 300,22.3,24.9, 0.0,  0, 0.0000,     0,21.5,22.9,17.3, 25,    29,    33, 0.9385, 1.0130
M5,25/07/23,10:59:32,     1,  2758,   475, 1000.2, 300,22.4,24.9, 0.0,  0, 0.0000,     0,21.5,22.9,17.3, 25,    29,    34, 0.9387, 1.0069
M5,25/07/23,10:59:33,     1,  2759,   476, 1000.2, 300,22.4,24.9, 0.0,  0, 0.0000,     0,21.5,22.9,17.3, 25,    30,    35, 0.9365, 1.0024
M5,25/07/23,10:59:34,     1,  2760,   477, 1000.2, 300,22.4,24.9, 0.0,  0, 0.0000,     0,21.5,22.9,17.3, 25,    30,    36, 0.9334, 1.0054
M5,25/07/23,10:59:35,     1,  2761,   477, 1000.2, 300,22.4,24.9, 0.0,  0, 0.0000,     0,21.5,22.9,17.3, 25,    31,    37, 0.9280, 1.0124
M5,25/07/23,10:59:36,     1,  2762,   478, 1000.2, 300,22.5,24.9, 0.0,  0, 0.0000,     0,21.5,22.9,17.3, 25,    31,    38, 0.9223, 1.0229
M5,25/07/23,10:59:37,     1,  2763,   478, 1000.2, 300,22.5,24.9, 0.0,  0, 0.0000,     0,21.5,22.9,17.3, 25,    32,    39, 0.9164, 1.0288
M5,25/07/23,10:59:38,     1,  2764,   479, 1000.2, 300,22.5,24.9, 0.0,  0, 0.0000,     0,21.5,22.9,17.4, 25,    33,    40, 0.9119, 1.0326
M5,25/07/23,10:59:39,     1,  2765,   480, 1000.2, 300,22.5,24.9, 0.0,  0, 0.0000,     0,21.5,22.9,17.4, 25,    34,    41, 0.9070, 1.0339
M5,25/07/23,10:59:40,     1,  2766,   480, 1000.2, 300,22.5,24.9, 0.0,  0, 0.0000,     0,21.5,22.9,17.4, 25,    34,    42, 0.9014, 1.0373
M5,25/07/23,10:59:41,     1,  2767,   481, 1000.2, 300,22.5,24.9, 0.0,  0, 0.0000,     0,21.5,22.9,17.4, 25,    35,    43, 0.8969, 1.0388
M5,25/07/23,10:59:42,     1,  2768,   482, 1000.2, 300,22.5,24.9, 0.0,  0, 0.0000,     0,21.5,22.9,17.4, 25,    36,    44, 0.8934, 1.0342
M5,25/07/23,10:59:43,     1,  2769,   482, 1000.2, 300,22.6,24.9, 0.0,  0, 0.0000,     0,21.5,22.9,17.3, 25,    36,    45, 0.8909, 1.0296
M5,25/07/23,10:59:44,     1,  2770,   483, 1000.2, 300,22.6,24.9, 0.0,  0, 0.0000,     0,21.5,23.0,17.3, 25,    37,    46, 0.8872, 1.0272
M5,25/07/23,10:59:45,     1,  2771,   484, 1000.2, 300,22.6,24.9, 0.0,  0, 0.0000,     0,21.5,23.0,17.3, 25,    37,    47, 0.8835, 1.0275
M5,25/07/23,10:59:46,     1,  2772,   484, 1000.2, 300,22.6,24.9, 0.0,  0, 0.0000,     0,21.5,23.0,17.3, 25,    38,    48, 0.8789, 1.0286
M5,25/07/23,10:59:47,     1,  2773,   485, 1000.2, 300,22.6,24.9, 0.0,  0, 0.0000,     0,21.5,23.0,17.3, 25,    39,    49, 0.8756, 1.0250
M5,25/07/23,10:59:48,     1,  2774,   486, 1000.2, 300,22.6,24.9, 0.0,  0, 0.0000,     0,21.5,23.0,17.3, 25,    39,    50, 0.8730, 1.0211
M5,25/07/23,10:59:49,     1,  2775,   486, 1000.2, 300,22.6,24.9, 0.0,  0, 0.0000,     0,21.5,23.0,17.3, 25,    40,    51, 0.8689, 1.0212
M5,25/07/23,10:59:50,     1,  2776,   486, 1000.2, 300,22.7,24.9, 0.0,  0, 0.0000,     0,21.5,23.0,17.3, 25,    40,    52, 0.8649, 1.0226
M5,25/07/23,10:59:51,     1,  2777,   487, 1000.2, 300,22.7,24.9, 0.0,  0, 0.0000,     0,21.5,23.0,17.3, 25,    41,    53, 0.8611, 1.0218
M5,25/07/23,10:59:52,     1,  2778,   488, 1000.2, 300,22.7,24.9, 0.0,  0, 0.0000,     0,21.5,23.0,17.3, 25,    41,    54, 0.8575, 1.0225
M5,25/07/23,10:59:53,     1,  2779,   488, 1000.2, 300,22.7,24.9, 0.0,  0, 0.0000,     0,21.5,23.0,17.3, 25,    42,    55, 0.8526, 1.0254
M5,25/07/23,10:59:54,     1,  2780,   488, 1000.2, 300,22.7,24.9, 0.0,  0, 0.0000,     0,21.5,23.0,17.3, 25,    42,    56, 0.8475, 1.0287
M5,25/07/23,10:59:55,     1,  2781,   489, 1000.2, 300,22.7,24.9, 0.0,  0, 0.0000,     0,21.5,23.0,17.3, 25,    43,    57, 0.8435, 1.0299
M5,25/07/23,10:59:56,     1,  2782,   490, 1000.2, 300,22.7,24.9, 0.0,  0, 0.0000,     0,21.5,23.0,17.3, 25,    44,    58, 0.8400, 1.0269
M5,25/07/23,10:59:57,     1,  2783,   491, 1000.2, 300,22.8,24.9, 0.0,  0, 0.0000,     0,21.5,23.0,17.3, 25,    45,    59, 0.8385, 1.0194
M5,25/07/23,10:59:58,     1,  2784,   492, 1000.2, 300,22.8,24.9, 0.0,  0, 0.0000,     0,21.5,23.0,17.3, 25,    45,    60, 0.8367, 1.0113
R5,25/07/23,10:59:58,     1,  2784,   492, 1000.2, 300,22.8,24.9, 0.0,  0, 0.0000,     0,21.5,23.0,17.3, 25,    45,    60, 0.8367, 1.0113
End
Start
M5,25/07/23,11:00:48,     1,  2834,   415, 1000.2, 300,21.9,25.0, 0.0,  0, 0.0000,     0,21.5,23.3,15.3, 20,     2,     1, 0.0000, 0.0000
M5,25/07/23,11:00:49,     1,  2835,   419, 1000.2, 300,21.9,25.0, 0.0,  0, 0.0000,     0,21.5,23.3,15.3, 20,     6,     2, 0.0000, 0.0000
M5,25/07/23,11:00:50,     1,  2836,   422, 1000.2, 300,21.8,25.0, 0.0,  0, 0.0000,     0,21.5,23.3,15.3, 20,     9,     3, 0.0000, 0.0000
M5,25/07/23,11:00:51,     1,  2837,   425, 1000.2, 300,21.8,25.0, 0.0,  0, 0.0000,     0,21.5,23.3,15.3, 20,    12,     4, 0.0000, 0.0000
M5,25/07/23,11:00:52,     1,  2838,   427, 1000.2, 300,21.8,25.0, 0.0,  0, 0.0000,     0,21.5,23.3,15.3, 20,    14,     5, 0.0000, 0.0000
M5,25/07/23,11:00:53,     1,  2839,   428, 1000.2, 300,21.8,25.0, 0.0,  0, 0.0000,     0,21.5,23.3,15.3, 20,    15,     6, 0.0000, 0.0000
M5,25/07/23,11:00:54,     1,  2840,   429, 1000.2, 300,21.8,25.0, 0.0,  0, 0.0000,     0,21.5,23.3,15.3, 20,    16,     7, 0.0000, 0.0000
M5,25/07/23,11:00:55,     1,  2841,   430, 1000.2, 300,21.8,25.0, 0.0,  0, 0.0000,     0,21.5,23.3,15.3, 20,    17,     8, 0.0000, 0.0000
M5,25/07/23,11:00:56,     1,  2842,   431, 1000.2, 300,21.8,25.0, 0.0,  0, 0.0000,     0,21.5,23.3,15.3, 20,    18,     9, 0.0000, 0.0000
M5,25/07/23,11:00:57,     1,  2843,   431, 1000.2, 300,21.8,25.0, 0.0,  0, 0.0000,     0,21.5,23.3,15.3, 25,    18,    10, 0.0000, 0.0000
M5,25/07/23,11:00:58,     1,  2844,   432, 1000.2, 300,21.8,25.0, 0.0,  0, 0.0000,     0,21.5,23.3,15.3, 25,    19,    11, 0.0000, 0.0000
M5,25/07/23,11:00:59,     1,  2845,   433, 1000.2, 300,21.8,25.0, 0.0,  0, 0.0000,     0,21.5,23.3,15.3, 25,    20,    12, 0.0000, 0.0000
M5,25/07/23,11:01:00,     1,  2846,   433, 1000.2, 300,21.8,25.0, 0.0,  0, 0.0000,     0,21.5,23.3,15.3, 25,    21,    13, 0.8582, 0.7077
M5,25/07/23,11:01:01,     1,  2847,   434, 1000.2, 300,21.8,25.0, 0.0,  0, 0.0000,     0,21.5,23.3,15.3, 25,    21,    14, 0.9038, 0.7322
M5,25/07/23,11:01:02,     1,  2848,   435, 1000.2, 300,21.8,25.0, 0.0,  0, 0.0000,     0,21.5,23.3,15.3, 25,    22,    15, 0.9000, 0.8279
M5,25/07/23,11:01:03,     1,  2849,   436, 1000.2, 300,21.8,25.0, 0.0,  0, 0.0000,     0,21.5,23.3,15.5, 25,    23,    16, 0.8881, 0.8870
M5,25/07/23,11:01:04,     1,  2850,   436, 1000.2, 300,21.8,25.0, 0.0,  0, 0.0000,     0,21.5,23.3,15.5, 25,    23,    17, 0.8788, 0.9191
M5,25/07/23,11:01:05,     1,  2851,   437, 1000.2, 300,21.8,25.0, 0.0,  0, 0.0000,     0,21.5,23.3,15.5, 25,    24,    18, 0.8544, 0.9654
M5,25/07/23,11:01:06,     1,  2852,   437, 1000.2, 300,21.9,25.0, 0.0,  0, 0.0000,     0,21.5,23.3,15.5, 25,    24,    19, 0.8315, 0.9976
M5,25/07/23,11:01:07,     1,  2853,   438, 1000.2, 300,21.9,25.0, 0.0,  0, 0.0000,     0,21.5,23.3,15.5, 25,    25,    20, 0.8065, 1.0135
M5,25/07/23,11:01:08,     1,  2854,   438, 1000.2, 300,21.9,25.0, 0.0,  0, 0.0000,     0,21.5,23.3,15.5, 25,    26,    21, 0.7936, 0.9948
M5,25/07/23,11:01:09,     1,  2855,   439, 1000.2, 300,21.9,25.0, 0.0,  0, 0.0000,     0,21.5,23.3,15.5, 25,    26,    22, 0.7851, 0.9630
M5,25/07/23,11:01:10,     1,  2856,   440, 1000.2, 300,21.9,25.0, 0.0,  0, 0.0000,     0,21.5,23.3,15.5, 25,    27,    23, 0.7757, 0.9486
M5,25/07/23,11:01:11,     1,  2857,   440, 1000.2, 300,21.9,25.0, 0.0,  0, 0.0000,     0,21.5,23.3,15.5, 25,    27,    24, 0.7648, 0.9387
M5,25/07/23,11:01:12,     1,  2858,   441, 1000.1, 300,21.9,25.0, 0.0,  0, 0.0000,     0,21.5,23.3,15.5, 25,    28,    25, 0.7587, 0.9168
M5,25/07/23,11:01:13,     1,  2859,   441, 1000.1, 300,22.0,25.0, 0.0,  0, 0.0000,     0,21.5,23.3,15.5, 25,    28,    26, 0.7546, 0.9064
M5,25/07/23,11:01:14,     1,  2860,   442, 1000.1, 300,22.0,25.0, 0.0,  0, 0.0000,     0,21.5,23.3,15.5, 25,    29,    27, 0.7459, 0.9015
M5,25/07/23,11:01:15,     1,  2861,   442, 1000.1, 300,22.1,25.0, 0.0,  0, 0.0000,     0,21.5,23.3,15.5, 25,    30,    28, 0.7418, 0.8877
M5,25/07/23,11:01:16,     1,  2862,   443, 1000.1, 300,22.1,25.0, 0.0,  0, 0.0000,     0,21.5,23.3,15.5, 25,    30,    29, 0.7389, 0.8685
M5,25/07/23,11:01:17,     1,  2863,   444, 1000.1, 300,22.1,25.0, 0.0,  0, 0.0000,     0,21.5,23.3,15.5, 25,    31,    30, 0.7363, 0.8581
M5,25/07/23,11:01:18,     1,  2864,   444, 1000.1, 300,22.1,25.0, 0.0,  0, 0.0000,     0,21.5,23.3,15.5, 25,    32,    31, 0.7365, 0.8352
M5,25/07/23,11:01:19,     1,  2865,   445, 1000.1, 300,22.1,25.0, 0.0,  0, 0.0000,     0,21.5,23.3,15.5, 25,    32,    32, 0.7394, 0.8075
M5,25/07/23,11:01:20,     1,  2866,   445, 1000.1, 300,22.2,25.0, 0.0,  0, 0.0000,     0,21.5,23.3,15.5, 25,    33,    33, 0.7398, 0.8004
M5,25/07/23,11:01:21,     1,  2867,   446, 1000.1, 300,22.2,25.0, 0.0,  0, 0.0000,     0,21.5,23.3,15.5, 25,    33,    34, 0.7377, 0.7968
M5,25/07/23,11:01:22,     1,  2868,   446, 1000.1, 300,22.2,25.0, 0.0,  0, 0.0000,     0,21.5,23.3,15.5, 25,    34,    35, 0.7359, 0.7972
M5,25/07/23,11:01:23,     1,  2869,   447, 1000.1, 300,22.2,25.0, 0.0,  0, 0.0000,     0,21.5,23.3,15.5, 25,    34,    36, 0.7327, 0.7982
M5,25/07/23,11:01:24,     1,  2870,   447, 1000.1, 300,22.3,25.0, 0.0,  0, 0.0000,     0,21.5,23.3,15.5, 25,    34,    37, 0.7287, 0.8063
M5,25/07/23,11:01:25,     1,  2871,   448, 1000.1, 300,22.3,25.0, 0.0,  0, 0.0000,     0,21.5,23.3,15.5, 25,    35,    38, 0.7224, 0.8166
M5,25/07/23,11:01:26,     1,  2872,   448, 1000.1, 300,22.3,25.0, 0.0,  0, 0.0000,     0,21.5,23.3,15.5, 25,    35,    39, 0.7166, 0.8238
M5,25/07/23,11:01:27,     1,  2873,   449, 1000.1, 300,22.3,25.0, 0.0,  0, 0.0000,     0,21.5,23.3,15.5, 25,    36,    40, 0.7130, 0.8247
M5,25/07/23,11:01:28,     1,  2874,   449, 1000.2, 300,22.3,25.0, 0.0,  0, 0.0000,     0,21.5,23.3,15.5, 25,    36,    41, 0.7089, 0.8248
M5,25/07/23,11:01:29,     1,  2875,   450, 1000.2, 300,22.3,25.0, 0.0,  0, 0.0000,     0,21.5,23.3,15.5, 25,    37,    42, 0.7056, 0.8249
M5,25/07/23,11:01:30,     1,  2876,   450, 1000.2, 300,22.3,25.0, 0.0,  0, 0.0000,     0,21.5,23.3,15.3, 25,    37,    43, 0.7018, 0.8238
M5,25/07/23,11:01:31,     1,  2877,   451, 1000.2, 300,22.4,25.0, 0.0,  0, 0.0000,     0,21.5,23.3,15.3, 25,    38,    44, 0.7001, 0.8198
M5,25/07/23,11:01:32,     1,  2878,   452, 1000.1, 300,22.4,25.0, 0.0,  0, 0.0000,     0,21.5,23.3,15.3, 25,    39,    45, 0.6984, 0.8118
M5,25/07/23,11:01:33,     1,  2879,   452, 1000.1, 300,22.4,25.0, 0.0,  0, 0.0000,     0,21.5,23.3,15.3, 25,    39,    46, 0.6982, 0.8030
M5,25/07/23,11:01:34,     1,  2880,   453, 1000.1, 300,22.4,25.0, 0.0,  0, 0.0000,     0,21.5,23.3,15.3, 25,    40,    47, 0.6966, 0.7970
M5,25/07/23,11:01:35,     1,  2881,   453, 1000.1, 300,22.4,25.0, 0.0,  0, 0.0000,     0,21.5,23.3,15.5, 25,    40,    48, 0.6941, 0.7950
M5,25/07/23,11:01:36,     1,  2882,   453, 1000.1, 300,22.5,25.0, 0.0,  0, 0.0000,     0,21.5,23.3,15.5, 25,    40,    49, 0.6906, 0.7986
M5,25/07/23,11:01:37,     1,  2883,   454, 1000.1, 300,22.5,25.0, 0.0,  0, 0.0000,     0,21.5,23.3,15.5, 25,    41,    50, 0.6863, 0.8031
M5,25/07/23,11:01:38,     1,  2884,   454, 1000.1, 300,22.5,25.0, 0.0,  0, 0.0000,     0,21.5,23.3,15.5, 25,    41,    51, 0.6835, 0.8040
M5,25/07/23,11:01:39,     1,  2885,   455, 1000.1, 300,22.5,25.0, 0.0,  0, 0.0000,     0,21.5,23.3,15.5, 25,    42,    52, 0.6804, 0.8036
M5,25/07/23,11:01:40,     1,  2886,   455, 1000.1, 300,22.6,25.0, 0.0,  0, 0.0000,     0,21.5,23.3,15.5, 25,    43,    53, 0.6789, 0.8011
M5,25/07/23,11:01:41,     1,  2887,   456, 1000.1, 300,22.6,25.0, 0.0,  0, 0.0000,     0,21.5,23.3,15.5, 25,    43,    54, 0.6772, 0.7958
M5,25/07/23,11:01:42,     1,  2888,   457, 1000.1, 300,22.6,25.0, 0.0,  0, 0.0000,     0,21.5,23.3,15.5, 25,    44,    55, 0.6756, 0.7909
M5,25/07/23,11:01:43,     1,  2889,   457, 1000.1, 300,22.6,25.0, 0.0,  0, 0.0000,     0,21.5,23.3,15.5, 25,    44,    56, 0.6739, 0.7888
M5,25/07/23,11:01:44,     1,  2890,   457, 1000.1, 300,22.6,25.0, 0.0,  0, 0.0000,     0,21.5,23.3,15.5, 25,    45,    57, 0.6719, 0.7860
M5,25/07/23,11:01:46,     1,  2891,   458, 1000.1, 300,22.6,25.0, 0.0,  0, 0.0000,     0,21.5,23.3,15.5, 25,    45,    58, 0.6704, 0.7837
M5,25/07/23,11:01:47,     1,  2892,   458, 1000.1, 300,22.6,25.0, 0.0,  0, 0.0000,     0,21.5,23.3,15.5, 25,    46,    59, 0.6686, 0.7808
M5,25/07/23,11:01:48,     1,  2893,   459, 1000.1, 300,22.7,25.0, 0.0,  0, 0.0000,     0,21.5,23.3,15.5, 25,    46,    60, 0.6671, 0.7782
R5,25/07/23,11:01:48,     1,  2893,   459, 1000.1, 300,22.7,25.0, 0.0,  0, 0.0000,     0,21.5,23.3,15.5, 25,    46,    60, 0.6671, 0.7782
End
Start
M5,25/07/23,11:02:32,     1,  2937,   424, 1000.2, 300,21.2,25.0, 0.0,  0, 0.0000,     0,21.5,23.5,15.2, 20,     1,     1, 0.0000, 0.0000
M5,25/07/23,11:02:33,     1,  2938,   425, 1000.2, 300,21.2,25.0, 0.0,  0, 0.0000,     0,21.5,23.5,15.2, 20,     2,     2, 0.0000, 0.0000
M5,25/07/23,11:02:34,     1,  2939,   426, 1000.2, 300,21.2,25.1, 0.0,  0, 0.0000,     0,21.5,23.5,15.2, 20,     3,     3, 0.0000, 0.0000
M5,25/07/23,11:02:35,     1,  2940,   427, 1000.2, 300,21.2,25.1, 0.0,  0, 0.0000,     0,21.5,23.5,15.4, 20,     4,     4, 0.0000, 0.0000
M5,25/07/23,11:02:36,     1,  2941,   427, 1000.2, 300,21.2,25.1, 0.0,  0, 0.0000,     0,21.5,23.5,15.4, 20,     5,     5, 0.0000, 0.0000
M5,25/07/23,11:02:37,     1,  2942,   428, 1000.2, 300,21.3,25.1, 0.0,  0, 0.0000,     0,21.5,23.5,15.4, 20,     5,     6, 0.0000, 0.0000
M5,25/07/23,11:02:38,     1,  2943,   428, 1000.2, 300,21.3,25.1, 0.0,  0, 0.0000,     0,21.5,23.5,15.4, 20,     6,     7, 0.0000, 0.0000
M5,25/07/23,11:02:39,     1,  2944,   429, 1000.2, 300,21.3,25.1, 0.0,  0, 0.0000,     0,21.5,23.5,15.4, 20,     6,     8, 0.0000, 0.0000
M5,25/07/23,11:02:40,     1,  2945,   429, 1000.2, 300,21.3,25.1, 0.0,  0, 0.0000,     0,21.5,23.5,15.4, 20,     7,     9, 0.0000, 0.0000
M5,25/07/23,11:02:41,     1,  2946,   430, 1000.2, 300,21.3,25.1, 0.0,  0, 0.0000,     0,21.5,23.5,15.4, 25,     7,    10, 0.0000, 0.0000
M5,25/07/23,11:02:42,     1,  2947,   430, 1000.2, 300,21.3,25.1, 0.0,  0, 0.0000,     0,21.5,23.5,15.4, 25,     7,    11, 0.0000, 0.0000
M5,25/07/23,11:02:43,     1,  2948,   430, 1000.2, 300,21.4,25.1, 0.0,  0, 0.0000,     0,21.5,23.5,15.4, 25,     8,    12, 0.0000, 0.0000
M5,25/07/23,11:02:44,     1,  2949,   431, 1000.2, 300,21.4,25.1, 0.0, 21, 0.0000,     0,21.5,23.5,15.4, 25,     9,    13, 0.6695, 0.2213
M5,25/07/23,11:02:45,     1,  2950,   432, 1000.2, 300,21.4,25.1, 0.0, 21, 0.0000,     0,21.5,23.5,15.2, 25,     9,    14, 0.7288, 0.3798
M5,25/07/23,11:02:46,     1,  2951,   432, 1000.2, 300,21.5,25.1, 0.0,  0, 0.0000,     0,21.5,23.5,15.2, 25,    10,    15, 0.7349, 0.5699
M5,25/07/23,11:02:47,     1,  2952,   433, 1000.2, 300,21.5,25.1, 0.0,  0, 0.0000,     0,21.5,23.5,15.2, 25,    10,    16, 0.6983, 0.7242
M5,25/07/23,11:02:48,     1,  2953,   433, 1000.2, 300,21.5,25.1, 0.0,  0, 0.0000,     0,21.5,23.5,15.2, 25,    10,    17, 0.6449, 0.8516
M5,25/07/23,11:02:49,     1,  2954,   433, 1000.2, 300,21.5,25.1, 0.0,  0, 0.0000,     0,21.5,23.5,15.2, 25,    11,    18, 0.6154, 0.8451
M5,25/07/23,11:02:50,     1,  2955,   434, 1000.2, 300,21.6,25.1, 0.0,  0, 0.0000,     0,21.5,23.5,15.2, 25,    11,    19, 0.6053, 0.8099
M5,25/07/23,11:02:51,     1,  2956,   435, 1000.2, 300,21.6,25.1, 0.0,  0, 0.0000,     0,21.5,23.5,15.4, 25,    12,    20, 0.6054, 0.7387
M5,25/07/23,11:02:52,     1,  2957,   435, 1000.2, 300,21.6,25.1, 0.0,  0, 0.0000,     0,21.5,23.5,15.4, 25,    13,    21, 0.6135, 0.6705
M5,25/07/23,11:02:53,     1,  2958,   436, 1000.2, 300,21.7,25.1, 0.0,  0, 0.0000,     0,21.5,23.5,15.4, 25,    13,    22, 0.6282, 0.6204
M5,25/07/23,11:02:54,     1,  2959,   437, 1000.2, 300,21.7,25.1, 0.0,  0, 0.0000,     0,21.5,23.5,15.4, 25,    14,    23, 0.6401, 0.5810
M5,25/07/23,11:02:55,     1,  2960,   437, 1000.2, 300,21.8,25.1, 0.0,  0, 0.0000,     0,21.5,23.5,15.4, 25,    14,    24, 0.6456, 0.5845
M5,25/07/23,11:02:56,     1,  2961,   437, 1000.2, 300,21.8,25.1, 0.0,  0, 0.0000,     0,21.5,23.5,15.4, 25,    15,    25, 0.6465, 0.5910
M5,25/07/23,11:02:57,     1,  2962,   438, 1000.2, 300,21.8,25.1, 0.0,  0, 0.0000,     0,21.5,23.5,15.4, 25,    15,    26, 0.6521, 0.5888
M5,25/07/23,11:02:58,     1,  2963,   439, 1000.2, 300,21.8,25.1, 0.0,  0, 0.0000,     0,21.5,23.5,15.4, 25,    16,    27, 0.6571, 0.5814
M5,25/07/23,11:02:59,     1,  2964,   439, 1000.2, 300,21.8,25.1, 0.0,  0, 0.0000,     0,21.5,23.5,15.4, 25,    17,    28, 0.6631, 0.5729
M5,25/07/23,11:03:00,     1,  2965,   440, 1000.2, 300,21.9,25.1, 0.0,  0, 0.0000,     0,21.5,23.5,15.4, 25,    17,    29, 0.6657, 0.5860
M5,25/07/23,11:03:01,     1,  2966,   440, 1000.2, 300,21.9,25.1, 0.0,  0, 0.0000,     0,21.5,23.5,15.4, 25,    17,    30, 0.6627, 0.6066
M5,25/07/23,11:03:02,     1,  2967,   440, 1000.2, 300,22.0,25.1, 0.0,  0, 0.0000,     0,21.5,23.5,15.4, 25,    18,    31, 0.6595, 0.6329
M5,25/07/23,11:03:03,     1,  2968,   441, 1000.2, 300,22.0,25.1, 0.0,  0, 0.0000,     0,21.5,23.5,15.4, 25,    18,    32, 0.6527, 0.6573
M5,25/07/23,11:03:04,     1,  2969,   441, 1000.2, 300,22.0,25.1, 0.0,  0, 0.0000,     0,21.5,23.5,15.4, 25,    19,    33, 0.6484, 0.6747
M5,25/07/23,11:03:05,     1,  2970,   442, 1000.2, 300,22.0,25.1, 0.0,  0, 0.0000,     0,21.5,23.5,15.4, 25,    19,    34, 0.6436, 0.6846
M5,25/07/23,11:03:06,     1,  2971,   443, 1000.2, 300,22.1,25.1, 0.0,  0, 0.0000,     0,21.5,23.5,15.4, 25,    20,    35, 0.6443, 0.6799
M5,25/07/23,11:03:07,     1,  2972,   443, 1000.2, 300,22.1,25.1, 0.0,  0, 0.0000,     0,21.5,23.5,15.2, 25,    21,    36, 0.6451, 0.6697
M5,25/07/23,11:03:08,     1,  2973,   444, 1000.2, 300,22.1,25.1, 0.0,  0, 0.0000,     0,21.5,23.5,15.2, 25,    21,    37, 0.6439, 0.6680
M5,25/07/23,11:03:09,     1,  2974,   444, 1000.2, 300,22.2,25.1, 0.0,  0, 0.0000,     0,21.5,23.5,15.2, 25,    21,    38, 0.6441, 0.6680
M5,25/07/23,11:03:10,     1,  2975,   444, 1000.2, 300,22.2,25.1, 0.0,  0, 0.0000,     0,21.5,23.5,15.2, 25,    22,    39, 0.6416, 0.6712
M5,25/07/23,11:03:11,     1,  2976,   445, 1000.2, 300,22.2,25.1, 0.0,  0, 0.0000,     0,21.5,23.5,15.2, 25,    22,    40, 0.6414, 0.6696
M5,25/07/23,11:03:12,     1,  2977,   446, 1000.2, 300,22.2,25.1, 0.0,  0, 0.0000,     0,21.5,23.5,15.4, 25,    23,    41, 0.6416, 0.6636
M5,25/07/23,11:03:13,     1,  2978,   446, 1000.2, 300,22.3,25.1, 0.0,  0, 0.0000,     0,21.5,23.5,15.4, 25,    24,    42, 0.6435, 0.6562
M5,25/07/23,11:03:14,     1,  2979,   447, 1000.2, 300,22.3,25.1, 0.0,  0, 0.0000,     0,21.5,23.5,15.4, 25,    24,    43, 0.6441, 0.6503
M5,25/07/23,11:03:15,     1,  2980,   447, 1000.2, 300,22.3,25.1, 0.0,  0, 0.0000,     0,21.5,23.5,15.4, 25,    25,    44, 0.6438, 0.6487
M5,25/07/23,11:03:16,     1,  2981,   448, 1000.2, 300,22.3,25.1, 0.0,  0, 0.0000,     0,21.5,23.5,15.4, 25,    25,    45, 0.6433, 0.6518
M5,25/07/23,11:03:17,     1,  2982,   448, 1000.2, 300,22.3,25.1, 0.0,  0, 0.0000,     0,21.5,23.5,15.4, 25,    25,    46, 0.6411, 0.6568
M5,25/07/23,11:03:18,     1,  2983,   448, 1000.2, 300,22.4,25.1, 0.0,  0, 0.0000,     0,21.5,23.5,15.4, 25,    26,    47, 0.6391, 0.6641
M5,25/07/23,11:03:19,     1,  2984,   449, 1000.2, 300,22.4,25.1, 0.0,  0, 0.0000,     0,21.5,23.5,15.4, 25,    26,    48, 0.6374, 0.6660
M5,25/07/23,11:03:20,     1,  2985,   450, 1000.2, 300,22.4,25.1, 0.0,  0, 0.0000,     0,21.5,23.5,15.4, 25,    27,    49, 0.6371, 0.6651
M5,25/07/23,11:03:21,     1,  2986,   450, 1000.2, 300,22.4,25.1, 0.0,  0, 0.0000,     0,21.5,23.5,15.4, 25,    28,    50, 0.6377, 0.6586
M5,25/07/23,11:03:22,     1,  2987,   451, 1000.2, 300,22.4,25.1, 0.0,  0, 0.0000,     0,21.5,23.5,15.4, 25,    28,    51, 0.6374, 0.6561
M5,25/07/23,11:03:23,     1,  2988,   451, 1000.2, 300,22.4,25.1, 0.0,  0, 0.0000,     0,21.5,23.5,15.4, 25,    29,    52, 0.6377, 0.6547
M5,25/07/23,11:03:24,     1,  2989,   452, 1000.2, 300,22.4,25.1, 0.0,  0, 0.0000,     0,21.5,23.5,15.4, 25,    29,    53, 0.6374, 0.6530
M5,25/07/23,11:03:25,     1,  2990,   452, 1000.2, 300,22.5,25.1, 0.0,  0, 0.0000,     0,21.5,23.5,15.4, 25,    30,    54, 0.6375, 0.6522
M5,25/07/23,11:03:26,     1,  2991,   453, 1000.2, 300,22.5,25.1, 0.0,  0, 0.0000,     0,21.5,23.5,15.4, 25,    30,    55, 0.6370, 0.6511
M5,25/07/23,11:03:27,     1,  2992,   453, 1000.2, 300,22.5,25.1, 0.0,  0, 0.0000,     0,21.5,23.5,15.4, 25,    30,    56, 0.6367, 0.6528
M5,25/07/23,11:03:28,     1,  2993,   454, 1000.2, 300,22.5,25.1, 0.0,  0, 0.0000,     0,21.5,23.5,15.6, 25,    31,    57, 0.6363, 0.6516
M5,25/07/23,11:03:29,     1,  2994,   454, 1000.2, 300,22.6,25.1, 0.0,  0, 0.0000,     0,21.5,23.5,15.6, 25,    32,    58, 0.6366, 0.6514
M5,25/07/23,11:03:30,     1,  2995,   455, 1000.2, 300,22.6,25.1, 0.0,  0, 0.0000,     0,21.5,23.5,15.6, 25,    32,    59, 0.6362, 0.6505
M5,25/07/23,11:03:31,     1,  2996,   455, 1000.2, 300,22.6,25.1, 0.0,  0, 0.0000,     0,21.5,23.5,15.6, 25,    32,    60, 0.6353, 0.6515
R5,25/07/23,11:03:31,     1,  2996,   455, 1000.2, 300,22.6,25.1, 0.0,  0, 0.0000,     0,21.5,23.5,15.6, 25,    32,    60, 0.6353, 0.6515
End
Start
M5,25/07/23,11:07:42,     2,  3245,   437, 1000.1, 300,21.0,25.3, 0.0,  0, 0.0000,     0,21.7,24.1,10.3, 20,     1,     1, 0.0000, 0.0000
M5,25/07/23,11:07:43,     2,  3246,   438, 1000.1, 300,21.0,25.3, 0.0,  0, 0.0000,     0,21.7,24.1,10.3, 20,     2,     2, 0.0000, 0.0000
M5,25/07/23,11:07:44,     2,  3247,   439, 1000.1, 300,21.0,25.3, 0.0,  0, 0.0000,     0,21.7,24.1,10.3, 20,     3,     3, 0.0000, 0.0000
M5,25/07/23,11:07:45,     2,  3248,   440, 1000.1, 300,21.0,25.3, 0.0,  0, 0.0000,     0,21.7,24.1,10.3, 20,     4,     4, 0.0000, 0.0000
M5,25/07/23,11:07:46,     2,  3249,   441, 1000.1, 300,21.0,25.3, 0.0,  0, 0.0000,     0,21.7,24.1,10.1, 20,     5,     5, 0.0000, 0.0000
M5,25/07/23,11:07:47,     2,  3250,   441, 1000.1, 300,21.1,25.3, 0.0,  0, 0.0000,     0,21.7,24.1,10.1, 20,     6,     6, 0.0000, 0.0000
M5,25/07/23,11:07:48,     2,  3251,   442, 1000.1, 300,21.1,25.3, 0.0,  0, 0.0000,     0,21.7,24.1,10.1, 20,     7,     7, 0.0000, 0.0000
M5,25/07/23,11:07:49,     2,  3252,   443, 1000.1, 300,21.1,25.3, 0.0,  0, 0.0000,     0,21.7,24.1,10.1, 20,     7,     8, 0.0000, 0.0000
M5,25/07/23,11:07:50,     2,  3253,   443, 1000.1, 300,21.1,25.3, 0.0,  0, 0.0000,     0,21.7,24.1,10.1, 20,     8,     9, 0.0000, 0.0000
M5,25/07/23,11:07:51,     2,  3254,   444, 1000.1, 300,21.2,25.3, 0.0,  0, 0.0000,     0,21.7,24.2,10.3, 25,     9,    10, 0.0000, 0.0000
M5,25/07/23,11:07:52,     2,  3255,   445, 1000.1, 300,21.2,25.3, 0.0,  0, 0.0000,     0,21.7,24.2,10.3, 25,     9,    11, 0.0000, 0.0000
M5,25/07/23,11:07:53,     2,  3256,   446, 1000.1, 300,21.2,25.3, 0.0,  0, 0.0000,     0,21.7,24.2,10.3, 25,    10,    12, 0.0000, 0.0000
M5,25/07/23,11:07:54,     2,  3257,   447, 1000.1, 300,21.2,25.3, 0.0,  0, 0.0000,     0,21.7,24.2,10.3, 25,    11,    13, 1.0156, 1.0146
M5,25/07/23,11:07:55,     2,  3258,   447, 1000.1, 300,21.2,25.3, 0.0,  0, 0.0000,     0,21.7,24.2,10.3, 25,    12,    14, 0.9728, 1.0873
M5,25/07/23,11:07:56,     2,  3259,   448, 1000.1, 300,21.3,25.3, 0.0,  0, 0.0000,     0,21.7,24.2,10.3, 25,    13,    15, 0.9738, 1.0443
M5,25/07/23,11:07:57,     2,  3260,   449, 1000.1, 300,21.3,25.3, 0.0,  0, 0.0000,     0,21.7,24.2,10.3, 25,    13,    16, 0.9664, 1.0208
M5,25/07/23,11:07:58,     2,  3261,   449, 1000.1, 300,21.4,25.3, 0.0,  0, 0.0000,     0,21.7,24.2,10.3, 25,    14,    17, 0.9567, 1.0390
M5,25/07/23,11:07:59,     2,  3262,   450, 1000.1, 300,21.4,25.3, 0.0,  0, 0.0000,     0,21.7,24.2,10.3, 25,    15,    18, 0.9390, 1.0471
M5,25/07/23,11:08:00,     2,  3263,   451, 1000.1, 300,21.4,25.3, 0.0,  0, 0.0000,     0,21.7,24.2,10.3, 25,    15,    19, 0.9230, 1.0479
M5,25/07/23,11:08:01,     2,  3264,   452, 1000.1, 300,21.5,25.3, 0.0,  0, 0.0000,     0,21.7,24.2,10.3, 25,    16,    20, 0.9228, 1.0209
M5,25/07/23,11:08:02,     2,  3265,   452, 1000.1, 300,21.5,25.3, 0.0,  0, 0.0000,     0,21.7,24.2,10.3, 25,    17,    21, 0.9078, 1.0302
M5,25/07/23,11:08:03,     2,  3266,   453, 1000.1, 300,21.5,25.3, 0.0,  0, 0.0000,     0,21.7,24.2,10.3, 25,    18,    22, 0.9051, 1.0111
M5,25/07/23,11:08:04,     2,  3267,   454, 1000.1, 300,21.5,25.3, 0.0,  0, 0.0000,     0,21.7,24.2,10.3, 25,    18,    23, 0.8989, 0.9980
M5,25/07/23,11:08:05,     2,  3268,   454, 1000.1, 300,21.6,25.3, 0.0,  0, 0.0000,     0,21.7,24.3,10.3, 25,    19,    24, 0.8955, 0.9918
M5,25/07/23,11:08:06,     2,  3269,   455, 1000.1, 300,21.6,25.3, 0.0,  0, 0.0000,     0,21.7,24.3,10.3, 25,    20,    25, 0.8895, 0.9845
M5,25/07/23,11:08:07,     2,  3270,   456, 1000.1, 300,21.7,25.3, 0.0,  0, 0.0000,     0,21.7,24.3,10.3, 25,    20,    26, 0.8823, 0.9932
M5,25/07/23,11:08:08,     2,  3271,   456, 1000.1, 300,21.7,25.3, 0.0,  0, 0.0000,     0,21.7,24.3,10.3, 25,    21,    27, 0.8743, 0.9925
M5,25/07/23,11:08:09,     2,  3272,   457, 1000.1, 300,21.7,25.3, 0.0,  0, 0.0000,     0,21.7,24.3,10.3, 25,    21,    28, 0.8677, 0.9877
M5,25/07/23,11:08:10,     2,  3273,   458, 1000.1, 300,21.7,25.3, 0.0,  0, 0.0000,     0,21.7,24.3,10.3, 25,    22,    29, 0.8639, 0.9824
M5,25/07/23,11:08:11,     2,  3274,   458, 1000.1, 300,21.7,25.3, 0.0,  0, 0.0000,     0,21.7,24.3,10.3, 25,    23,    30, 0.8564, 0.9829
M5,25/07/23,11:08:12,     2,  3275,   459, 1000.1, 300,21.8,25.3, 0.0,  0, 0.0000,     0,21.7,24.3,10.3, 25,    23,    31, 0.8500, 0.9897
M5,25/07/23,11:08:13,     2,  3276,   459, 1000.1, 300,21.8,25.3, 0.0,  0, 0.0000,     0,21.7,24.3,10.7, 25,    24,    32, 0.8408, 0.9950
M5,25/07/23,11:08:14,     2,  3277,   460, 1000.1, 300,21.8,25.3, 0.0,  0, 0.0000,     0,21.7,24.3,10.7, 25,    24,    33, 0.8344, 0.9939
M5,25/07/23,11:08:15,     2,  3278,   460, 1000.1, 300,21.8,25.3, 0.0,  0, 0.0000,     0,21.7,24.3,10.7, 25,    25,    34, 0.8285, 0.9873
M5,25/07/23,11:08:16,     2,  3279,   461, 1000.1, 300,21.8,25.3, 0.0,  0, 0.0000,     0,21.7,24.3,10.7, 25,    26,    35, 0.8238, 0.9779
M5,25/07/23,11:08:17,     2,  3280,   462, 1000.1, 300,21.9,25.3, 0.0,  0, 0.0000,     0,21.7,24.3,10.7, 25,    26,    36, 0.8207, 0.9744
M5,25/07/23,11:08:18,     2,  3281,   462, 1000.1, 300,21.9,25.3, 0.0,  0, 0.0000,     0,21.7,24.3,10.1, 25,    27,    37, 0.8179, 0.9607
M5,25/07/23,11:08:19,     2,  3282,   463, 1000.1, 300,22.0,25.3, 0.0,  0, 0.0000,     0,21.7,24.3,10.1, 25,    28,    38, 0.8180, 0.9435
M5,25/07/23,11:08:20,     2,  3283,   464, 1000.1, 300,22.0,25.3, 0.0,  0, 0.0000,     0,21.7,24.3,10.1, 25,    29,    39, 0.8187, 0.9229
M5,25/07/23,11:08:21,     2,  3284,   465, 1000.1, 300,22.0,25.3, 0.0,  0, 0.0000,     0,21.7,24.3,10.1, 25,    29,    40, 0.8201, 0.9069
M5,25/07/23,11:08:22,     2,  3285,   465, 1000.1, 300,22.0,25.3, 0.0,  0, 0.0000,     0,21.7,24.3,10.1, 25,    30,    41, 0.8205, 0.8928
M5,25/07/23,11:08:23,     2,  3286,   466, 1000.1, 300,22.0,25.3, 0.0,  0, 0.0000,     0,21.7,24.3,10.1, 25,    31,    42, 0.8198, 0.8849
M5,25/07/23,11:08:24,     2,  3287,   467, 1000.1, 300,22.1,25.3, 0.0,  0, 0.0000,     0,21.7,24.3,10.1, 25,    31,    43, 0.8201, 0.8786
M5,25/07/23,11:08:25,     2,  3288,   467, 1000.1, 300,22.1,25.3, 0.0,  0, 0.0000,     0,21.7,24.3,10.1, 25,    32,    44, 0.8205, 0.8685
M5,25/07/23,11:08:26,     2,  3289,   468, 1000.1, 300,22.1,25.3, 0.0,  0, 0.0000,     0,21.7,24.3,10.1, 25,    33,    45, 0.8210, 0.8644
M5,25/07/23,11:08:27,     2,  3290,   469, 1000.1, 300,22.1,25.3, 0.0,  0, 0.0000,     0,21.7,24.3,10.1, 25,    33,    46, 0.8197, 0.8627
M5,25/07/23,11:08:28,     2,  3291,   469, 1000.1, 300,22.2,25.3, 0.0,  0, 0.0000,     0,21.7,24.3,10.1, 25,    34,    47, 0.8184, 0.8642
M5,25/07/23,11:08:29,     2,  3292,   470, 1000.1, 300,22.2,25.3, 0.0,  0, 0.0000,     0,21.7,24.3,10.3, 25,    34,    48, 0.8159, 0.8667
M5,25/07/23,11:08:30,     2,  3293,   470, 1000.1, 300,22.2,25.3, 0.0,  0, 0.0000,     0,21.7,24.3,10.3, 25,    35,    49, 0.8146, 0.8683
M5,25/07/23,11:08:31,     2,  3294,   471, 1000.1, 300,22.2,25.3, 0.0,  0, 0.0000,     0,21.7,24.3,10.3, 25,    36,    50, 0.8136, 0.8653
M5,25/07/23,11:08:32,     2,  3295,   471, 1000.1, 300,22.2,25.3, 0.0,  0, 0.0000,     0,21.7,24.3,10.3, 25,    36,    51, 0.8113, 0.8670
M5,25/07/23,11:08:33,     2,  3296,   472, 1000.1, 300,22.3,25.3, 0.0,  0, 0.0000,     0,21.7,24.3,10.3, 25,    36,    52, 0.8088, 0.8728
M5,25/07/23,11:08:34,     2,  3297,   472, 1000.1, 300,22.3,25.3, 0.0,  0, 0.0000,     0,21.7,24.3,10.3, 25,    37,    53, 0.8055, 0.8779
M5,25/07/23,11:08:35,     2,  3298,   473, 1000.1, 300,22.3,25.3, 0.0,  0, 0.0000,     0,21.7,24.3,10.3, 25,    37,    54, 0.8031, 0.8812
M5,25/07/23,11:08:36,     2,  3299,   473, 1000.1, 300,22.3,25.3, 0.0,  0, 0.0000,     0,21.7,24.3,10.3, 25,    38,    55, 0.8001, 0.8843
M5,25/07/23,11:08:37,     2,  3300,   474, 1000.1, 300,22.3,25.3, 0.0,  0, 0.0000,     0,21.7,24.3,10.3, 25,    38,    56, 0.7966, 0.8912
M5,25/07/23,11:08:38,     2,  3301,   474, 1000.1, 300,22.3,25.3, 0.0,  0, 0.0000,     0,21.7,24.3,10.3, 25,    38,    57, 0.7916, 0.9007
M5,25/07/23,11:08:39,     2,  3302,   474, 1000.1, 300,22.3,25.3, 0.0,  0, 0.0000,     0,21.7,24.3,10.1, 25,    39,    58, 0.7868, 0.9086
M5,25/07/23,11:08:40,     2,  3303,   475, 1000.1, 300,22.4,25.3, 0.0,  0, 0.0000,     0,21.7,24.3,10.1, 25,    39,    59, 0.7826, 0.9157
M5,25/07/23,11:08:41,     2,  3304,   475, 1000.1, 300,22.4,25.3, 0.0,  0, 0.0000,     0,21.7,24.3,10.1, 25,    40,    60, 0.7776, 0.9228
R5,25/07/23,11:08:41,     2,  3304,   475, 1000.1, 300,22.4,25.3, 0.0,  0, 0.0000,     0,21.7,24.3,10.1, 25,    40,    60, 0.7776, 0.9228
End
Start
M5,25/07/23,11:09:28,     2,  3351,   431, 1000.1, 300,21.1,25.3, 0.0,  0, 0.0000,     0,21.7,24.2,10.3, 20,     1,     1, 0.0000, 0.0000
M5,25/07/23,11:09:29,     2,  3352,   432, 1000.1, 300,21.1,25.3, 0.0,  0, 0.0000,     0,21.7,24.2,10.3, 20,     2,     2, 0.0000, 0.0000
M5,25/07/23,11:09:30,     2,  3353,   433, 1000.1, 300,21.2,25.3, 0.0,  0, 0.0000,     0,21.7,24.2,10.3, 20,     3,     3, 0.0000, 0.0000
M5,25/07/23,11:09:31,     2,  3354,   433, 1000.1, 300,21.2,25.3, 0.0,  0, 0.0000,     0,21.7,24.2,10.3, 20,     4,     4, 0.0000, 0.0000
M5,25/07/23,11:09:32,     2,  3355,   434, 1000.1, 300,21.2,25.3, 0.0,  0, 0.0000,     0,21.7,24.2,10.3, 20,     4,     5, 0.0000, 0.0000
M5,25/07/23,11:09:33,     2,  3356,   435, 1000.1, 300,21.2,25.3, 0.0,  0, 0.0000,     0,21.7,24.2,10.5, 20,     5,     6, 0.0000, 0.0000
M5,25/07/23,11:09:34,     2,  3357,   435, 1000.1, 300,21.2,25.3, 0.0,  0, 0.0000,     0,21.7,24.2,10.5, 20,     6,     7, 0.0000, 0.0000
M5,25/07/23,11:09:35,     2,  3358,   436, 1000.1, 300,21.3,25.3, 0.0,  0, 0.0000,     0,21.7,24.2,10.5, 20,     6,     8, 0.0000, 0.0000
M5,25/07/23,11:09:36,     2,  3359,   437, 1000.1, 300,21.3,25.3, 0.0,  0, 0.0000,     0,21.7,24.2,10.5, 20,     7,     9, 0.0000, 0.0000
M5,25/07/23,11:09:37,     2,  3360,   437, 1000.1, 300,21.3,25.3, 0.0,  0, 0.0000,     0,21.7,24.2,10.5, 25,     7,    10, 0.0000, 0.0000
M5,25/07/23,11:09:38,     2,  3361,   438, 1000.1, 300,21.3,25.3, 0.0,  0, 0.0000,     0,21.7,24.2,10.3, 25,     8,    11, 0.0000, 0.0000
M5,25/07/23,11:09:39,     2,  3362,   438, 1000.1, 300,21.4,25.3, 0.0,  0, 0.0000,     0,21.7,24.2,10.3, 25,     9,    12, 0.0000, 0.0000
M5,25/07/23,11:09:40,     2,  3363,   439, 1000.1, 300,21.4,25.3, 0.0, 21, 0.0000,     0,21.7,24.2,10.3, 25,    10,    13, 0.9315, 0.6311
M5,25/07/23,11:09:41,     2,  3364,   440, 1000.1, 300,21.4,25.3, 0.0,  0, 0.0000,     0,21.7,24.2,10.3, 25,    10,    14, 0.9284, 0.8138
M5,25/07/23,11:09:42,     2,  3365,   441, 1000.1, 300,21.5,25.3, 0.0,  0, 0.0000,     0,21.7,24.3,10.3, 25,    11,    15, 0.9159, 0.9146
M5,25/07/23,11:09:43,     2,  3366,   441, 1000.1, 300,21.5,25.3, 0.0,  0, 0.0000,     0,21.7,24.3,10.3, 25,    12,    16, 0.8954, 0.9555
M5,25/07/23,11:09:44,     2,  3367,   442, 1000.1, 300,21.5,25.3, 0.0,  0, 0.0000,     0,21.7,24.3,10.3, 25,    12,    17, 0.8836, 0.9694
M5,25/07/23,11:09:45,     2,  3368,   442, 1000.1, 300,21.5,25.3, 0.0,  0, 0.0000,     0,21.7,24.3,10.3, 25,    13,    18, 0.8572, 1.0003
M5,25/07/23,11:09:46,     2,  3369,   443, 1000.1, 300,21.6,25.3, 0.0,  0, 0.0000,     0,21.7,24.3,10.3, 25,    13,    19, 0.8358, 1.0264
M5,25/07/23,11:09:47,     2,  3370,   444, 1000.1, 300,21.6,25.3, 0.0,  0, 0.0000,     0,21.7,24.3,10.3, 25,    14,    20, 0.8199, 1.0050
M5,25/07/23,11:09:48,     2,  3371,   444, 1000.1, 300,21.6,25.3, 0.0,  0, 0.0000,     0,21.7,24.3,10.3, 25,    15,    21, 0.8102, 0.9738
M5,25/07/23,11:09:49,     2,  3372,   445, 1000.1, 300,21.7,25.3, 0.0,  0, 0.0000,     0,21.7,24.3,10.3, 25,    16,    22, 0.8134, 0.9251
M5,25/07/23,11:09:50,     2,  3373,   446, 1000.1, 300,21.7,25.3, 0.0,  0, 0.0000,     0,21.7,24.3,10.3, 25,    16,    23, 0.8078, 0.9091
M5,25/07/23,11:09:51,     2,  3374,   446, 1000.1, 300,21.7,25.3, 0.0,  0, 0.0000,     0,21.7,24.3,10.3, 25,    16,    24, 0.7969, 0.9261
M5,25/07/23,11:09:52,     2,  3375,   446, 1000.1, 300,21.7,25.3, 0.0,  0, 0.0000,     0,21.7,24.3,10.3, 25,    17,    25, 0.7835, 0.9352
M5,25/07/23,11:09:53,     2,  3376,   447, 1000.1, 300,21.8,25.3, 0.0,  0, 0.0000,     0,21.7,24.3,10.3, 25,    18,    26, 0.7763, 0.9285
M5,25/07/23,11:09:54,     2,  3377,   448, 1000.1, 300,21.8,25.3, 0.0,  0, 0.0000,     0,21.7,24.3,10.3, 25,    18,    27, 0.7707, 0.9120
M5,25/07/23,11:09:55,     2,  3378,   448, 1000.1, 300,21.8,25.3, 0.0,  0, 0.0000,     0,21.7,24.3,10.3, 25,    19,    28, 0.7673, 0.8923
M5,25/07/23,11:09:56,     2,  3379,   449, 1000.1, 300,21.9,25.3, 0.0,  0, 0.0000,     0,21.7,24.3,10.3, 25,    20,    29, 0.7708, 0.8652
M5,25/07/23,11:09:57,     2,  3380,   450, 1000.1, 300,21.9,25.3, 0.0,  0, 0.0000,     0,21.7,24.3,10.3, 25,    20,    30, 0.7673, 0.8568
M5,25/07/23,11:09:58,     2,  3381,   450, 1000.1, 300,21.9,25.3, 0.0,  0, 0.0000,     0,21.7,24.3,10.3, 25,    21,    31, 0.7668, 0.8473
M5,25/07/23,11:09:59,     2,  3382,   451, 1000.1, 300,21.9,25.3, 0.0,  0, 0.0000,     0,21.7,24.3,10.3, 25,    21,    32, 0.7656, 0.8351
M5,25/07/23,11:10:00,     2,  3383,   452, 1000.1, 300,22.0,25.3, 0.0,  0, 0.0000,     0,21.7,24.3,10.3, 25,    22,    33, 0.7663, 0.8241
M5,25/07/23,11:10:01,     2,  3384,   452, 1000.1, 300,22.0,25.3, 0.0,  0, 0.0000,     0,21.7,24.3,10.3, 25,    23,    34, 0.7665, 0.8120
M5,25/07/23,11:10:02,     2,  3385,   453, 1000.1, 300,22.0,25.3, 0.0,  0, 0.0000,     0,21.7,24.3,10.3, 25,    23,    35, 0.7666, 0.8083
M5,25/07/23,11:10:03,     2,  3386,   453, 1000.1, 300,22.0,25.3, 0.0,  0, 0.0000,     0,21.7,24.3,10.3, 25,    24,    36, 0.7628, 0.8131
M5,25/07/23,11:10:04,     2,  3387,   454, 1000.1, 300,22.0,25.3, 0.0,  0, 0.0000,     0,21.7,24.3,10.3, 25,    24,    37, 0.7571, 0.8238
M5,25/07/23,11:10:05,     2,  3388,   454, 1000.1, 300,22.1,25.3, 0.0,  0, 0.0000,     0,21.7,24.3,10.3, 25,    24,    38, 0.7526, 0.8334
M5,25/07/23,11:10:06,     2,  3389,   455, 1000.1, 300,22.1,25.3, 0.0,  0, 0.0000,     0,21.7,24.3,10.3, 25,    25,    39, 0.7484, 0.8357
M5,25/07/23,11:10:07,     2,  3390,   456, 1000.1, 300,22.2,25.3, 0.0,  0, 0.0000,     0,21.7,24.3,10.3, 25,    26,    40, 0.7479, 0.8309
M5,25/07/23,11:10:08,     2,  3391,   456, 1000.1, 300,22.2,25.3, 0.0,  0, 0.0000,     0,21.7,24.3,10.3, 25,    27,    41, 0.7467, 0.8231
M5,25/07/23,11:10:09,     2,  3392,   457, 1000.1, 300,22.2,25.3, 0.0,  0, 0.0000,     0,21.7,24.3,10.3, 25,    27,    42, 0.7454, 0.8187
M5,25/07/23,11:10:10,     2,  3393,   457, 1000.1, 300,22.2,25.3, 0.0,  0, 0.0000,     0,21.7,24.3,10.3, 25,    28,    43, 0.7443, 0.8124
M5,25/07/23,11:10:11,     2,  3394,   458, 1000.1, 300,22.2,25.3, 0.0,  0, 0.0000,     0,21.7,24.4,10.3, 25,    28,    44, 0.7428, 0.8085
M5,25/07/23,11:10:12,     2,  3395,   458, 1000.1, 300,22.2,25.3, 0.0,  0, 0.0000,     0,21.7,24.4,10.3, 25,    29,    45, 0.7410, 0.8110
M5,25/07/23,11:10:13,     2,  3396,   458, 1000.1, 300,22.2,25.3, 0.0,  0, 0.0000,     0,21.7,24.4,10.3, 25,    29,    46, 0.7363, 0.8190
M5,25/07/23,11:10:14,     2,  3397,   459, 1000.1, 300,22.3,25.3, 0.0,  0, 0.0000,     0,21.7,24.4,10.3, 25,    29,    47, 0.7324, 0.8258
M5,25/07/23,11:10:15,     2,  3398,   459, 1000.1, 300,22.3,25.3, 0.0,  0, 0.0000,     0,21.7,24.4,10.3, 25,    30,    48, 0.7281, 0.8304
M5,25/07/23,11:10:16,     2,  3399,   460, 1000.1, 300,22.3,25.3, 0.0,  0, 0.0000,     0,21.7,24.4,10.3, 25,    30,    49, 0.7253, 0.8316
M5,25/07/23,11:10:17,     2,  3400,   461, 1000.1, 300,22.3,25.3, 0.0,  0, 0.0000,     0,21.7,24.4,10.3, 25,    31,    50, 0.7223, 0.8311
M5,25/07/23,11:10:18,     2,  3401,   461, 1000.1, 300,22.3,25.3, 0.0,  0, 0.0000,     0,21.7,24.4,10.3, 25,    32,    51, 0.7193, 0.8305
M5,25/07/23,11:10:19,     2,  3402,   462, 1000.1, 300,22.4,25.3, 0.0,  0, 0.0000,     0,21.7,24.4,10.3, 25,    32,    52, 0.7179, 0.8282
M5,25/07/23,11:10:20,     2,  3403,   463, 1000.1, 300,22.4,25.3, 0.0,  0, 0.0000,     0,21.7,24.4,10.3, 25,    33,    53, 0.7169, 0.8210
M5,25/07/23,11:10:21,     2,  3404,   464, 1000.1, 300,22.4,25.3, 0.0,  0, 0.0000,     0,21.7,24.4,10.3, 25,    34,    54, 0.7174, 0.8113
M5,25/07/23,11:10:22,     2,  3405,   464, 1000.1, 300,22.4,25.3, 0.0,  0, 0.0000,     0,21.7,24.4,10.3, 25,    34,    55, 0.7171, 0.8032
M5,25/07/23,11:10:23,     2,  3406,   465, 1000.1, 300,22.5,25.3, 0.0,  0, 0.0000,     0,21.7,24.4,10.3, 25,    35,    56, 0.7181, 0.7931
M5,25/07/23,11:10:24,     2,  3407,   466, 1000.1, 300,22.5,25.3, 0.0,  0, 0.0000,     0,21.7,24.4,10.3, 25,    36,    57, 0.7189, 0.7830
M5,25/07/23,11:10:26,     2,  3408,   466, 1000.1, 300,22.5,25.3, 0.0,  0, 0.0000,     0,21.7,24.4,10.3, 25,    36,    58, 0.7197, 0.7756
M5,25/07/23,11:10:27,     2,  3409,   467, 1000.1, 300,22.5,25.3, 0.0,  0, 0.0000,     0,21.7,24.4,10.3, 25,    37,    59, 0.7199, 0.7695
M5,25/07/23,11:10:28,     2,  3410,   467, 1000.1, 300,22.5,25.3, 0.0,  0, 0.0000,     0,21.7,24.4,10.3, 25,    37,    60, 0.7197, 0.7651
R5,25/07/23,11:10:28,     2,  3410,   467, 1000.1, 300,22.5,25.3, 0.0,  0, 0.0000,     0,21.7,24.4,10.3, 25,    37,    60, 0.7197, 0.7651
End
Start
M5,25/07/23,11:11:12,     2,  3454,   414, 1000.1, 300,20.9,25.3, 0.0,  0, 0.0000,     0,21.7,24.2,10.3, 20,     2,     1, 0.0000, 0.0000
M5,25/07/23,11:11:13,     2,  3455,   416, 1000.1, 300,20.9,25.3, 0.0,  0, 0.0000,     0,21.7,24.2,10.3, 20,     4,     2, 0.0000, 0.0000
M5,25/07/23,11:11:14,     2,  3456,   417, 1000.1, 300,20.9,25.3, 0.0,  0, 0.0000,     0,21.7,24.3,10.3, 20,     5,     3, 0.0000, 0.0000
M5,25/07/23,11:11:15,     2,  3457,   418, 1000.1, 300,20.9,25.3, 0.0,  0, 0.0000,     0,21.7,24.3,10.3, 20,     6,     4, 0.0000, 0.0000
M5,25/07/23,11:11:16,     2,  3458,   419, 1000.1, 300,20.9,25.3, 0.0,  0, 0.0000,     0,21.7,24.3,10.3, 20,     7,     5, 0.0000, 0.0000
M5,25/07/23,11:11:17,     2,  3459,   420, 1000.1, 300,20.9,25.3, 0.0,  0, 0.0000,     0,21.7,24.3,10.3, 20,     7,     6, 0.0000, 0.0000
M5,25/07/23,11:11:18,     2,  3460,   420, 1000.1, 300,20.9,25.3, 0.0,  0, 0.0000,     0,21.7,24.3,10.3, 20,     8,     7, 0.0000, 0.0000
M5,25/07/23,11:11:19,     2,  3461,   421, 1000.1, 300,21.0,25.3, 0.0,  0, 0.0000,     0,21.7,24.3,10.3, 20,     9,     8, 0.0000, 0.0000
M5,25/07/23,11:11:20,     2,  3462,   422, 1000.1, 300,21.0,25.3, 0.0,  0, 0.0000,     0,21.7,24.3,10.3, 20,    10,     9, 0.0000, 0.0000
M5,25/07/23,11:11:21,     2,  3463,   423, 1000.1, 300,21.0,25.3, 0.0,  0, 0.0000,     0,21.7,24.3,10.3, 25,    10,    10, 0.0000, 0.0000
M5,25/07/23,11:11:22,     2,  3464,   423, 1000.1, 300,21.0,25.4, 0.0,  0, 0.0000,     0,21.7,24.3,10.3, 25,    11,    11, 0.0000, 0.0000
M5,25/07/23,11:11:23,     2,  3465,   424, 1000.1, 300,21.0,25.4, 0.0,  0, 0.0000,     0,21.7,24.3,10.3, 25,    12,    12, 0.0000, 0.0000
M5,25/07/23,11:11:24,     2,  3466,   425, 1000.1, 300,21.1,25.4, 0.0,  0, 0.0000,     0,21.7,24.3,10.3, 25,    12,    13, 0.8705, 1.0188
M5,25/07/23,11:11:25,     2,  3467,   425, 1000.1, 300,21.1,25.4, 0.0,  0, 0.0000,     0,21.7,24.3,10.3, 25,    13,    14, 0.8455, 0.9584
M5,25/07/23,11:11:26,     2,  3468,   426, 1000.1, 300,21.2,25.4, 0.0,  0, 0.0000,     0,21.7,24.4,10.3, 25,    14,    15, 0.8384, 0.9262
M5,25/07/23,11:11:27,     2,  3469,   427, 1000.1, 300,21.2,25.4, 0.0,  0, 0.0000,     0,21.7,24.4,10.3, 25,    15,    16, 0.8496, 0.8480
M5,25/07/23,11:11:28,     2,  3470,   428, 1000.1, 300,21.2,25.4, 0.0,  0, 0.0000,     0,21.7,24.4,10.3, 25,    15,    17, 0.8497, 0.8400
M5,25/07/23,11:11:29,     2,  3471,   428, 1000.1, 300,21.2,25.4, 0.0,  0, 0.0000,     0,21.7,24.4,10.3, 25,    16,    18, 0.8634, 0.8155
M5,25/07/23,11:11:30,     2,  3472,   429, 1000.1, 300,21.2,25.4, 0.0,  0, 0.0000,     0,21.7,24.4,10.3, 25,    17,    19, 0.8753, 0.7924
M5,25/07/23,11:11:31,     2,  3473,   430, 1000.1, 300,21.3,25.4, 0.0,  0, 0.0000,     0,21.7,24.4,10.3, 25,    18,    20, 0.8915, 0.7830
M5,25/07/23,11:11:32,     2,  3474,   431, 1000.1, 300,21.3,25.4, 0.0,  0, 0.0000,     0,21.7,24.4,10.3, 25,    18,    21, 0.9022, 0.7770
M5,25/07/23,11:11:33,     2,  3475,   432, 1000.1, 300,21.4,25.4, 0.0,  0, 0.0000,     0,21.7,24.4,10.3, 25,    19,    22, 0.9155, 0.7806
M5,25/07/23,11:11:34,     2,  3476,   432, 1000.1, 300,21.4,25.4, 0.0,  0, 0.0000,     0,21.7,24.4,10.3, 25,    20,    23, 0.9124, 0.8189
M5,25/07/23,11:11:35,     2,  3477,   433, 1000.1, 300,21.4,25.4, 0.0,  0, 0.0000,     0,21.7,24.4,10.3, 25,    20,    24, 0.9002, 0.8850
M5,25/07/23,11:11:36,     2,  3478,   433, 1000.1, 300,21.4,25.4, 0.0,  0, 0.0000,     0,21.7,24.4,10.3, 25,    21,    25, 0.8837, 0.9359
M5,25/07/23,11:11:37,     2,  3479,   434, 1000.1, 300,21.4,25.4, 0.0,  0, 0.0000,     0,21.7,24.4,10.3, 25,    21,    26, 0.8668, 0.9745
M5,25/07/23,11:11:38,     2,  3480,   434, 1000.1, 300,21.5,25.4, 0.0,  0, 0.0000,     0,21.7,24.4,10.3, 25,    22,    27, 0.8568, 0.9920
M5,25/07/23,11:11:39,     2,  3481,   435, 1000.1, 300,21.5,25.4, 0.0,  0, 0.0000,     0,21.7,24.4,10.3, 25,    22,    28, 0.8468, 0.9945
M5,25/07/23,11:11:40,     2,  3482,   435, 1000.1, 300,21.6,25.4, 0.0,  0, 0.0000,     0,21.7,24.4,10.3, 25,    23,    29, 0.8376, 1.0007
M5,25/07/23,11:11:41,     2,  3483,   436, 1000.1, 300,21.6,25.4, 0.0,  0, 0.0000,     0,21.7,24.4,10.3, 25,    24,    30, 0.8291, 0.9965
M5,25/07/23,11:11:42,     2,  3484,   437, 1000.1, 300,21.7,25.4, 0.0,  0, 0.0000,     0,21.7,24.4,10.3, 25,    24,    31, 0.8219, 0.9972
M5,25/07/23,11:11:43,     2,  3485,   437, 1000.1, 300,21.7,25.4, 0.0,  0, 0.0000,     0,21.7,24.4,10.3, 25,    25,    32, 0.8126, 0.9970
M5,25/07/23,11:11:44,     2,  3486,   438, 1000.1, 300,21.7,25.4, 0.0,  0, 0.0000,     0,21.7,24.5,10.3, 25,    25,    33, 0.8053, 0.9900
M5,25/07/23,11:11:45,     2,  3487,   439, 1000.1, 300,21.7,25.4, 0.0,  0, 0.0000,     0,21.7,24.5,10.3, 25,    26,    34, 0.8046, 0.9675
M5,25/07/23,11:11:46,     2,  3488,   439, 1000.1, 300,21.7,25.4, 0.0,  0, 0.0000,     0,21.7,24.5,10.3, 25,    27,    35, 0.8047, 0.9407
M5,25/07/23,11:11:47,     2,  3489,   440, 1000.1, 300,21.8,25.4, 0.0,  0, 0.0000,     0,21.7,24.5,10.3, 25,    28,    36, 0.8063, 0.9202
M5,25/07/23,11:11:48,     2,  3490,   441, 1000.1, 300,21.8,25.4, 0.0,  0, 0.0000,     0,21.7,24.5,10.3, 25,    28,    37, 0.8049, 0.9072
M5,25/07/23,11:11:49,     2,  3491,   441, 1000.1, 300,21.8,25.4, 0.0,  0, 0.0000,     0,21.7,24.5,10.3, 25,    29,    38, 0.8048, 0.8965
M5,25/07/23,11:11:50,     2,  3492,   442, 1000.1, 300,21.8,25.4, 0.0,  0, 0.0000,     0,21.7,24.5,10.3, 25,    30,    39, 0.8051, 0.8816
M5,25/07/23,11:11:51,     2,  3493,   443, 1000.1, 300,21.8,25.4, 0.0,  0, 0.0000,     0,21.7,24.5,10.3, 25,    31,    40, 0.8065, 0.8648
M5,25/07/23,11:11:52,     2,  3494,   444, 1000.1, 300,21.9,25.4, 0.0,  0, 0.0000,     0,21.7,24.5,10.3, 25,    31,    41, 0.8092, 0.8529
M5,25/07/23,11:11:53,     2,  3495,   444, 1000.1, 300,21.9,25.4, 0.0,  0, 0.0000,     0,21.7,24.5,10.3, 25,    32,    42, 0.8101, 0.8422
M5,25/07/23,11:11:54,     2,  3496,   445, 1000.1, 300,22.0,25.4, 0.0,  0, 0.0000,     0,21.7,24.5,10.3, 25,    33,    43, 0.8117, 0.8345
M5,25/07/23,11:11:55,     2,  3497,   446, 1000.1, 300,22.0,25.4, 0.0,  0, 0.0000,     0,21.7,24.5,10.3, 25,    33,    44, 0.8132, 0.8242
M5,25/07/23,11:11:56,     2,  3498,   446, 1000.1, 300,22.0,25.4, 0.0,  0, 0.0000,     0,21.7,24.5,10.3, 25,    34,    45, 0.8144, 0.8204
M5,25/07/23,11:11:57,     2,  3499,   447, 1000.1, 300,22.0,25.4, 0.0,  0, 0.0000,     0,21.7,24.5,10.3, 25,    35,    46, 0.8147, 0.8167
M5,25/07/23,11:11:58,     2,  3500,   448, 1000.1, 300,22.1,25.4, 0.0,  0, 0.0000,     0,21.7,24.5,10.3, 25,    35,    47, 0.8162, 0.8139
M5,25/07/23,11:11:59,     2,  3501,   448, 1000.1, 300,22.1,25.4, 0.0,  0, 0.0000,     0,21.7,24.5,10.3, 25,    36,    48, 0.8174, 0.8081
M5,25/07/23,11:12:00,     2,  3502,   449, 1000.1, 300,22.1,25.4, 0.0,  0, 0.0000,     0,21.7,24.5,10.3, 25,    36,    49, 0.8168, 0.8091
M5,25/07/23,11:12:01,     2,  3503,   449, 1000.1, 300,22.1,25.4, 0.0,  0, 0.0000,     0,21.7,24.5,10.3, 25,    37,    50, 0.8161, 0.8128
M5,25/07/23,11:12:02,     2,  3504,   450, 1000.1, 300,22.1,25.4, 0.0,  0, 0.0000,     0,21.7,24.5,10.3, 25,    37,    51, 0.8144, 0.8177
M5,25/07/23,11:12:03,     2,  3505,   450, 1000.1, 300,22.2,25.4, 0.0,  0, 0.0000,     0,21.7,24.5,10.3, 25,    38,    52, 0.8136, 0.8218
M5,25/07/23,11:12:04,     2,  3506,   451, 1000.1, 300,22.2,25.4, 0.0,  0, 0.0000,     0,21.7,24.5,10.3, 25,    39,    53, 0.8117, 0.8265
M5,25/07/23,11:12:05,     2,  3507,   452, 1000.1, 300,22.2,25.4, 0.0,  0, 0.0000,     0,21.7,24.5,10.3, 25,    39,    54, 0.8106, 0.8305
M5,25/07/23,11:12:06,     2,  3508,   452, 1000.1, 300,22.2,25.4, 0.0,  0, 0.0000,     0,21.7,24.5,10.3, 25,    40,    55, 0.8092, 0.8327
M5,25/07/23,11:12:07,     2,  3509,   453, 1000.1, 300,22.2,25.4, 0.0,  0, 0.0000,     0,21.7,24.5,10.3, 25,    40,    56, 0.8074, 0.8360
M5,25/07/23,11:12:08,     2,  3510,   454, 1000.1, 300,22.3,25.4, 0.0,  0, 0.0000,     0,21.7,24.5,10.3, 25,    41,    57, 0.8064, 0.8386
M5,25/07/23,11:12:09,     2,  3511,   454, 1000.1, 300,22.3,25.4, 0.0,  0, 0.0000,     0,21.7,24.5,10.3, 25,    42,    58, 0.8050, 0.8397
M5,25/07/23,11:12:10,     2,  3512,   455, 1000.1, 300,22.3,25.4, 0.0,  0, 0.0000,     0,21.7,24.5,10.3, 25,    43,    59, 0.8049, 0.8388
M5,25/07/23,11:12:11,     2,  3513,   456, 1000.1, 300,22.3,25.4, 0.0,  0, 0.0000,     0,21.7,24.5,10.3, 25,    43,    60, 0.8038, 0.8388
R5,25/07/23,11:12:11,     2,  3513,   456, 1000.1, 300,22.3,25.4, 0.0,  0, 0.0000,     0,21.7,24.5,10.3, 25,    43,    60, 0.8038, 0.8388
End
Start
M5,25/07/23,11:14:54,     3,  3675,   434, 1000.3, 300,20.6,25.4, 0.0,  0, 0.0000,     0,21.5,24.5,20.2, 20,     4,     1, 0.0000, 0.0000
M5,25/07/23,11:14:55,     3,  3676,   437, 1000.3, 300,20.6,25.4, 0.0,  0, 0.0000,     0,21.5,24.5,20.2, 20,     7,     2, 0.0000, 0.0000
M5,25/07/23,11:14:56,     3,  3677,   440, 1000.3, 300,20.6,25.4, 0.0,  0, 0.0000,     0,21.5,24.5,20.2, 20,     9,     3, 0.0000, 0.0000
M5,25/07/23,11:14:57,     3,  3678,   442, 1000.3, 300,20.6,25.4, 0.0,  0, 0.0000,     0,21.5,24.5,20.2, 20,    11,     4, 0.0000, 0.0000
M5,25/07/23,11:14:58,     3,  3679,   443, 1000.3, 300,20.6,25.4, 0.0,  0, 0.0000,     0,21.5,24.5,20.2, 20,    13,     5, 0.0000, 0.0000
M5,25/07/23,11:14:59,     3,  3680,   445, 1000.3, 300,20.7,25.4, 0.0,  0, 0.0000,     0,21.5,24.5,20.2, 20,    15,     6, 0.0000, 0.0000
M5,25/07/23,11:15:00,     3,  3681,   446, 1000.3, 300,20.7,25.4, 0.0,  0, 0.0000,     0,21.5,24.5,20.0, 20,    16,     7, 0.0000, 0.0000
M5,25/07/23,11:15:01,     3,  3682,   448, 1000.3, 300,20.8,25.4, 0.0,  0, 0.0000,     0,21.5,24.5,20.0, 20,    17,     8, 0.0000, 0.0000
M5,25/07/23,11:15:02,     3,  3683,   449, 1000.3, 300,20.8,25.4, 0.0,  0, 0.0000,     0,21.5,24.5,20.0, 20,    18,     9, 0.0000, 0.0000
M5,25/07/23,11:15:03,     3,  3684,   450, 1000.3, 300,20.9,25.4, 0.0,  0, 0.0000,     0,21.5,24.5,20.0, 25,    20,    10, 0.0000, 0.0000
M5,25/07/23,11:15:04,     3,  3685,   451, 1000.3, 300,20.9,25.4, 0.0,  0, 0.0000,     0,21.5,24.5,20.0, 25,    21,    11, 0.0000, 0.0000
M5,25/07/23,11:15:05,     3,  3686,   453, 1000.3, 300,20.9,25.4, 0.0,  0, 0.0000,     0,21.7,24.5,20.0, 25,    22,    12, 0.0000, 0.0000
M5,25/07/23,11:15:06,     3,  3687,   454, 1000.3, 300,20.9,25.4, 0.0,  0, 0.0000,     0,21.7,24.5,20.0, 25,    24,    13, 1.6248, 1.9247
M5,25/07/23,11:15:07,     3,  3688,   455, 1000.3, 300,20.9,25.4, 0.0,  0, 0.0000,     0,21.7,24.5,20.0, 25,    25,    14, 1.5221, 1.9222
M5,25/07/23,11:15:08,     3,  3689,   456, 1000.3, 300,21.0,25.4, 0.0,  0, 0.0000,     0,21.7,24.5,20.0, 25,    26,    15, 1.4868, 1.8065
M5,25/07/23,11:15:09,     3,  3690,   457, 1000.3, 300,21.0,25.4, 0.0,  0, 0.0000,     0,21.7,24.5,20.0, 25,    27,    16, 1.4418, 1.7540
M5,25/07/23,11:15:10,     3,  3691,   458, 1000.3, 299,21.1,25.4, 0.0,  0, 0.0000,     0,21.5,24.5,20.0, 25,    28,    17, 1.4278, 1.6751
M5,25/07/23,11:15:11,     3,  3692,   459, 1000.3, 301,21.1,25.4, 0.0,  0, 0.0000,     0,21.5,24.5,20.0, 25,    29,    18, 1.4042, 1.6366
M5,25/07/23,11:15:12,     3,  3693,   460, 1000.3, 302,21.1,25.4, 0.0,  0, 0.0000,     0,21.5,24.5,20.0, 25,    30,    19, 1.3926, 1.5824
M5,25/07/23,11:15:13,     3,  3694,   461, 1000.3, 300,21.2,25.4, 0.0,  0, 0.0000,     0,21.5,24.5,20.0, 25,    31,    20, 1.3851, 1.5637
M5,25/07/23,11:15:14,     3,  3695,   463, 1000.3, 300,21.2,25.4, 0.0,  0, 0.0000,     0,21.5,24.5,20.0, 25,    32,    21, 1.3784, 1.5245
M5,25/07/23,11:15:15,     3,  3696,   464, 1000.3, 300,21.3,25.4, 0.0,  0, 0.0000,     0,21.5,24.5,20.0, 25,    33,    22, 1.3792, 1.4892
M5,25/07/23,11:15:16,     3,  3697,   465, 1000.3, 300,21.3,25.4, 0.0,  0, 0.0000,     0,21.5,24.5,20.0, 25,    34,    23, 1.3732, 1.4737
M5,25/07/23,11:15:17,     3,  3698,   466, 1000.3, 300,21.3,25.4, 0.0,  0, 0.0000,     0,21.5,24.5,20.0, 25,    36,    24, 1.3745, 1.4556
M5,25/07/23,11:15:18,     3,  3699,   467, 1000.3, 300,21.3,25.4, 0.0,  0, 0.0000,     0,21.5,24.5,20.0, 25,    37,    25, 1.3786, 1.4189
M5,25/07/23,11:15:19,     3,  3700,   468, 1000.3, 300,21.3,25.4, 0.0,  0, 0.0000,     0,21.5,24.5,20.0, 25,    38,    26, 1.3787, 1.4054
M5,25/07/23,11:15:20,     3,  3701,   469, 1000.3, 300,21.4,25.4, 0.0,  0, 0.0000,     0,21.5,24.5,20.0, 25,    39,    27, 1.3760, 1.4191
M5,25/07/23,11:15:21,     3,  3702,   470, 1000.3, 300,21.4,25.4, 0.0,  0, 0.0000,     0,21.5,24.6,20.0, 25,    40,    28, 1.3660, 1.4390
M5,25/07/23,11:15:22,     3,  3703,   471, 1000.3, 300,21.5,25.4, 0.0,  0, 0.0000,     0,21.5,24.6,20.0, 25,    41,    29, 1.3561, 1.4629
M5,25/07/23,11:15:23,     3,  3704,   472, 1000.3, 300,21.5,25.4, 0.0,  0, 0.0000,     0,21.5,24.6,20.0, 25,    42,    30, 1.3456, 1.4748
M5,25/07/23,11:15:24,     3,  3705,   473, 1000.3, 300,21.6,25.4, 0.0,  0, 0.0000,     0,21.5,24.6,20.0, 25,    43,    31, 1.3408, 1.4737
M5,25/07/23,11:15:25,     3,  3706,   474, 1000.3, 300,21.6,25.4, 0.0,  0, 0.0000,     0,21.5,24.6,20.0, 25,    44,    32, 1.3345, 1.4697
M5,25/07/23,11:15:26,     3,  3707,   475, 1000.3, 300,21.7,25.4, 0.0,  0, 0.0000,     0,21.5,24.6,20.0, 25,    45,    33, 1.3290, 1.4743
M5,25/07/23,11:15:27,     3,  3708,   476, 1000.3, 300,21.7,25.4, 0.0,  0, 0.0000,     0,21.5,24.6,20.0, 25,    46,    34, 1.3201, 1.4796
M5,25/07/23,11:15:28,     3,  3709,   477, 1000.3, 300,21.7,25.4, 0.0,  0, 0.0000,     0,21.5,24.6,20.0, 25,    47,    35, 1.3142, 1.4737
M5,25/07/23,11:15:29,     3,  3710,   478, 1000.3, 300,21.7,25.4, 0.0,  0, 0.0000,     0,21.5,24.6,20.0, 25,    48,    36, 1.3138, 1.4569
M5,25/07/23,11:15:30,     3,  3711,   480, 1000.3, 300,21.7,25.4, 0.0,  0, 0.0000,     0,21.5,24.6,20.0, 25,    50,    37, 1.3162, 1.4261
M5,25/07/23,11:15:31,     3,  3712,   481, 1000.3, 300,21.8,25.4, 0.0,  0, 0.0000,     0,21.5,24.6,20.0, 25,    51,    38, 1.3183, 1.4045
R5,25/07/23,11:15:31,     3,  3712,   481, 1000.3, 300,21.8,25.4, 0.0,  0, 0.0000,     0,21.5,24.6,20.0, 25,    51,    38, 1.3183, 1.4045
End
Start
M5,25/07/23,11:16:26,     3,  3766,   454, 1000.3, 300,21.0,25.4, 0.0,  0, 0.0000,     0,21.5,24.8,20.0, 20,     4,     1, 0.0000, 0.0000
M5,25/07/23,11:16:27,     3,  3767,   457, 1000.3, 300,21.0,25.4, 0.0,  0, 0.0000,     0,21.5,24.8,20.0, 20,     6,     2, 0.0000, 0.0000
M5,25/07/23,11:16:28,     3,  3768,   458, 1000.3, 300,21.0,25.4, 0.0,  0, 0.0000,     0,21.5,24.8,20.0, 20,     8,     3, 0.0000, 0.0000
M5,25/07/23,11:16:29,     3,  3769,   460, 1000.3, 300,21.0,25.4, 0.0,  0, 0.0000,     0,21.5,24.8,20.0, 20,     9,     4, 0.0000, 0.0000
M5,25/07/23,11:16:30,     3,  3770,   461, 1000.3, 300,21.0,25.4, 0.0,  0, 0.0000,     0,21.5,24.9,20.0, 20,    10,     5, 0.0000, 0.0000
M5,25/07/23,11:16:31,     3,  3771,   463, 1000.3, 300,21.0,25.4, 0.0,  0, 0.0000,     0,21.5,24.9,20.0, 20,    12,     6, 0.0000, 0.0000
M5,25/07/23,11:16:32,     3,  3772,   464, 1000.3, 300,21.1,25.4, 0.0,  0, 0.0000,     0,21.5,24.9,20.0, 20,    13,     7, 0.0000, 0.0000
M5,25/07/23,11:16:33,     3,  3773,   465, 1000.3, 300,21.1,25.4, 0.0,  0, 0.0000,     0,21.5,24.9,20.0, 20,    14,     8, 0.0000, 0.0000
M5,25/07/23,11:16:34,     3,  3774,   466, 1000.3, 300,21.1,25.4, 0.0,  0, 0.0000,     0,21.5,24.9,20.0, 20,    15,     9, 0.0000, 0.0000
M5,25/07/23,11:16:35,     3,  3775,   467, 1000.3, 300,21.1,25.4, 0.0,  0, 0.0000,     0,21.5,25.0,20.0, 25,    16,    10, 0.0000, 0.0000
M5,25/07/23,11:16:36,     3,  3776,   468, 1000.3, 300,21.2,25.4, 0.0,  0, 0.0000,     0,21.5,25.0,20.0, 25,    17,    11, 0.0000, 0.0000
M5,25/07/23,11:16:37,     3,  3777,   469, 1000.3, 300,21.2,25.4, 0.0,  0, 0.0000,     0,21.5,25.0,20.3, 25,    18,    12, 0.0000, 0.0000
M5,25/07/23,11:16:38,     3,  3778,   470, 1000.3, 300,21.2,25.4, 0.0,  0, 0.0000,     0,21.5,25.0,20.3, 25,    19,    13, 1.2384, 1.2363
M5,25/07/23,11:16:39,     3,  3779,   471, 1000.3, 300,21.2,25.4, 0.0,  0, 0.0000,     0,21.5,25.0,20.3, 25,    20,    14, 1.2456, 1.2428
M5,25/07/23,11:16:40,     3,  3780,   472, 1000.3, 300,21.2,25.4, 0.0,  0, 0.0000,     0,21.5,25.0,20.3, 25,    21,    15, 1.2358, 1.2521
M5,25/07/23,11:16:41,     3,  3781,   473, 1000.3, 300,21.3,25.4, 0.0,  0, 0.0000,     0,21.5,25.1,20.3, 25,    22,    16, 1.2403, 1.2523
M5,25/07/23,11:16:42,     3,  3782,   474, 1000.3, 300,21.3,25.4, 0.0,  0, 0.0000,     0,21.5,25.1,20.0, 25,    23,    17, 1.2547, 1.2003
M5,25/07/23,11:16:43,     3,  3783,   475, 1000.3, 300,21.4,25.4, 0.0,  0, 0.0000,     0,21.5,25.1,20.0, 25,    24,    18, 1.2643, 1.2020
M5,25/07/23,11:16:44,     3,  3784,   476, 1000.3, 300,21.4,25.4, 0.0,  0, 0.0000,     0,21.5,25.1,20.0, 25,    25,    19, 1.2653, 1.2120
M5,25/07/23,11:16:45,     3,  3785,   477, 1000.3, 300,21.4,25.4, 0.0,  0, 0.0000,     0,21.5,25.1,20.0, 25,    26,    20, 1.2646, 1.2237
M5,25/07/23,11:16:46,     3,  3786,   478, 1000.3, 300,21.4,25.4, 0.0,  0, 0.0000,     0,21.5,25.1,20.0, 25,    27,    21, 1.2669, 1.2377
M5,25/07/23,11:16:47,     3,  3787,   479, 1000.3, 300,21.4,25.4, 0.0,  0, 0.0000,     0,21.5,25.1,20.0, 25,    28,    22, 1.2649, 1.2453
M5,25/07/23,11:16:48,     3,  3788,   480, 1000.3, 300,21.5,25.4, 0.0,  0, 0.0000,     0,21.5,25.1,20.0, 25,    29,    23, 1.2665, 1.2544
M5,25/07/23,11:16:49,     3,  3789,   481, 1000.3, 300,21.5,25.4, 0.0,  0, 0.0000,     0,21.5,25.1,20.0, 25,    30,    24, 1.2645, 1.2580
M5,25/07/23,11:16:50,     3,  3790,   482, 1000.3, 300,21.6,25.4, 0.0,  0, 0.0000,     0,21.5,25.1,20.0, 25,    31,    25, 1.2599, 1.2766
M5,25/07/23,11:16:51,     3,  3791,   483, 1000.3, 300,21.6,25.4, 0.0,  0, 0.0000,     0,21.5,25.2,20.0, 25,    32,    26, 1.2551, 1.2835
M5,25/07/23,11:16:52,     3,  3792,   484, 1000.3, 300,21.6,25.4, 0.0,  0, 0.0000,     0,21.5,25.2,20.0, 25,    33,    27, 1.2515, 1.2849
M5,25/07/23,11:16:53,     3,  3793,   485, 1000.3, 300,21.6,25.4, 0.0,  0, 0.0000,     0,21.5,25.2,20.0, 25,    34,    28, 1.2512, 1.2855
M5,25/07/23,11:16:54,     3,  3794,   486, 1000.3, 300,21.6,25.4, 0.0,  0, 0.0000,     0,21.5,25.2,20.0, 25,    35,    29, 1.2491, 1.2821
M5,25/07/23,11:16:55,     3,  3795,   487, 1000.3, 300,21.7,25.4, 0.0,  0, 0.0000,     0,21.5,25.2,20.0, 25,    36,    30, 1.2469, 1.2890
M5,25/07/23,11:16:56,     3,  3796,   488, 1000.3, 300,21.7,25.4, 0.0,  0, 0.0000,     0,21.5,25.2,20.0, 25,    37,    31, 1.2434, 1.2897
M5,25/07/23,11:16:57,     3,  3797,   489, 1000.3, 300,21.8,25.4, 0.0,  0, 0.0000,     0,21.5,25.2,20.0, 25,    38,    32, 1.2449, 1.2814
M5,25/07/23,11:16:58,     3,  3798,   490, 1000.3, 300,21.8,25.4, 0.0,  0, 0.0000,     0,21.5,25.2,20.0, 25,    39,    33, 1.2446, 1.2731
M5,25/07/23,11:16:59,     3,  3799,   491, 1000.3, 300,21.8,25.4, 0.0,  0, 0.0000,     0,21.5,25.2,20.0, 25,    40,    34, 1.2440, 1.2740
M5,25/07/23,11:17:00,     3,  3800,   492, 1000.3, 300,21.8,25.4, 0.0,  0, 0.0000,     0,21.5,25.2,20.0, 25,    41,    35, 1.2390, 1.2836
M5,25/07/23,11:17:01,     3,  3801,   493, 1000.3, 300,21.8,25.4, 0.0,  0, 0.0000,     0,21.5,25.2,20.0, 25,    42,    36, 1.2369, 1.2820
M5,25/07/23,11:17:02,     3,  3802,   494, 1000.3, 300,21.9,25.4, 0.0,  0, 0.0000,     0,21.5,25.2,20.0, 25,    43,    37, 1.2368, 1.2803
M5,25/07/23,11:17:03,     3,  3803,   495, 1000.3, 300,21.9,25.4, 0.0,  0, 0.0000,     0,21.5,25.2,20.0, 25,    44,    38, 1.2341, 1.2811
M5,25/07/23,11:17:04,     3,  3804,   496, 1000.3, 300,22.0,25.4, 0.0,  0, 0.0000,     0,21.5,25.2,20.0, 25,    45,    39, 1.2309, 1.2907
M5,25/07/23,11:17:05,     3,  3805,   497, 1000.3, 300,22.0,25.4, 0.0,  0, 0.0000,     0,21.5,25.2,20.0, 25,    46,    40, 1.2259, 1.2985
M5,25/07/23,11:17:06,     3,  3806,   498, 1000.3, 300,22.0,25.4, 0.0,  0, 0.0000,     0,21.5,25.2,20.0, 25,    47,    41, 1.2230, 1.3024
M5,25/07/23,11:17:07,     3,  3807,   499, 1000.3, 300,22.0,25.4, 0.0,  0, 0.0000,     0,21.5,25.2,20.0, 25,    48,    42, 1.2199, 1.3018
M5,25/07/23,11:17:08,     3,  3808,   500, 1000.3, 300,22.0,25.4, 0.0,  0, 0.0000,     0,21.5,25.2,20.0, 25,    49,    43, 1.2175, 1.2989
M5,25/07/23,11:17:09,     3,  3809,   501, 1000.3, 300,22.1,25.4, 0.0,  0, 0.0000,     0,21.5,25.2,20.3, 25,    50,    44, 1.2176, 1.2916
R5,25/07/23,11:17:09,     3,  3809,   501, 1000.3, 300,22.1,25.4, 0.0,  0, 0.0000,     0,21.5,25.2,20.3, 25,    50,    44, 1.2176, 1.2916
End
Start
M5,25/07/23,11:17:54,     3,  3854,   452, 1000.3, 300,21.1,25.4, 0.0,  0, 0.0000,     0,21.5,25.0,20.0, 20,     4,     1, 0.0000, 0.0000
M5,25/07/23,11:17:55,     3,  3855,   454, 1000.3, 300,21.1,25.4, 0.0,  0, 0.0000,     0,21.5,25.0,20.0, 20,     6,     2, 0.0000, 0.0000
M5,25/07/23,11:17:56,     3,  3856,   456, 1000.3, 300,21.1,25.4, 0.0,  0, 0.0000,     0,21.5,25.0,20.0, 20,     7,     3, 0.0000, 0.0000
M5,25/07/23,11:17:57,     3,  3857,   457, 1000.3, 300,21.1,25.4, 0.0,  0, 0.0000,     0,21.5,25.0,20.0, 20,     8,     4, 0.0000, 0.0000
M5,25/07/23,11:17:58,     3,  3858,   458, 1000.3, 300,21.1,25.4, 0.0,  0, 0.0000,     0,21.5,25.1,20.0, 20,     9,     5, 0.0000, 0.0000
M5,25/07/23,11:17:59,     3,  3859,   459, 1000.3, 300,21.2,25.4, 0.0,  0, 0.0000,     0,21.5,25.1,20.0, 20,    10,     6, 0.0000, 0.0000
M5,25/07/23,11:18:00,     3,  3860,   460, 1000.3, 300,21.2,25.4, 0.0,  0, 0.0000,     0,21.5,25.1,20.0, 20,    11,     7, 0.0000, 0.0000
M5,25/07/23,11:18:01,     3,  3861,   461, 1000.3, 300,21.2,25.4, 0.0,  0, 0.0000,     0,21.5,25.1,20.0, 20,    12,     8, 0.0000, 0.0000
M5,25/07/23,11:18:02,     3,  3862,   462, 1000.3, 300,21.2,25.4, 0.0,  0, 0.0000,     0,21.5,25.1,20.0, 20,    13,     9, 0.0000, 0.0000
M5,25/07/23,11:18:03,     3,  3863,   463, 1000.3, 300,21.2,25.4, 0.0,  0, 0.0000,     0,21.5,25.1,20.0, 25,    15,    10, 0.0000, 0.0000
M5,25/07/23,11:18:04,     3,  3864,   464, 1000.3, 300,21.3,25.4, 0.0,  0, 0.0000,     0,21.5,25.2,20.0, 25,    16,    11, 0.0000, 0.0000
M5,25/07/23,11:18:05,     3,  3865,   465, 1000.3, 300,21.3,25.4, 0.0,  0, 0.0000,     0,21.5,25.2,20.0, 25,    17,    12, 0.0000, 0.0000
M5,25/07/23,11:18:06,     3,  3866,   467, 1000.3, 300,21.3,25.4, 0.0,  0, 0.0000,     0,21.5,25.2,20.0, 25,    18,    13, 1.4470, 1.1409
M5,25/07/23,11:18:07,     3,  3867,   468, 1000.3, 300,21.3,25.4, 0.0,  0, 0.0000,     0,21.5,25.2,20.0, 25,    19,    14, 1.5029, 1.2102
M5,25/07/23,11:18:08,     3,  3868,   469, 1000.3, 300,21.4,25.4, 0.0,  0, 0.0000,     0,21.5,25.2,20.0, 25,    20,    15, 1.4889, 1.4142
M5,25/07/23,11:18:09,     3,  3869,   470, 1000.3, 300,21.4,25.4, 0.0,  0, 0.0000,     0,21.5,25.2,20.0, 25,    21,    16, 1.4522, 1.5218
M5,25/07/23,11:18:10,     3,  3870,   471, 1000.3, 300,21.4,25.4, 0.0,  0, 0.0000,     0,21.5,25.2,20.0, 25,    22,    17, 1.4016, 1.6097
M5,25/07/23,11:18:11,     3,  3871,   471, 1000.3, 300,21.5,25.4, 0.0,  0, 0.0000,     0,21.5,25.2,20.0, 25,    23,    18, 1.3427, 1.6912
M5,25/07/23,11:18:12,     3,  3872,   472, 1000.3, 300,21.5,25.4, 0.0,  0, 0.0000,     0,21.5,25.2,20.0, 25,    24,    19, 1.2824, 1.7296
M5,25/07/23,11:18:13,     3,  3873,   473, 1000.3, 300,21.5,25.4, 0.0,  0, 0.0000,     0,21.5,25.3,20.0, 25,    24,    20, 1.2326, 1.7390
M5,25/07/23,11:18:14,     3,  3874,   474, 1000.3, 300,21.5,25.4, 0.0,  0, 0.0000,     0,21.5,25.3,20.0, 25,    25,    21, 1.2013, 1.6758
M5,25/07/23,11:18:15,     3,  3875,   475, 1000.3, 300,21.6,25.4, 0.0,  0, 0.0000,     0,21.5,25.3,20.0, 25,    26,    22, 1.1875, 1.5982
M5,25/07/23,11:18:16,     3,  3876,   476, 1000.3, 300,21.6,25.4, 0.0,  0, 0.0000,     0,21.5,25.3,20.0, 25,    27,    23, 1.1779, 1.5169
M5,25/07/23,11:18:17,     3,  3877,   477, 1000.3, 300,21.6,25.4, 0.0,  0, 0.0000,     0,21.5,25.3,20.0, 25,    28,    24, 1.1731, 1.4452
M5,25/07/23,11:18:18,     3,  3878,   478, 1000.3, 300,21.7,25.4, 0.0,  0, 0.0000,     0,21.5,25.3,20.0, 25,    29,    25, 1.1650, 1.4161
M5,25/07/23,11:18:19,     3,  3879,   478, 1000.3, 300,21.7,25.4, 0.0,  0, 0.0000,     0,21.5,25.3,20.0, 25,    30,    26, 1.1548, 1.3901
M5,25/07/23,11:18:20,     3,  3880,   479, 1000.3, 300,21.7,25.4, 0.0,  0, 0.0000,     0,21.5,25.3,20.0, 25,    31,    27, 1.1408, 1.3923
M5,25/07/23,11:18:21,     3,  3881,   480, 1000.3, 300,21.7,25.4, 0.0,  0, 0.0000,     0,21.5,25.3,20.0, 25,    32,    28, 1.1340, 1.3616
M5,25/07/23,11:18:22,     3,  3882,   481, 1000.3, 300,21.8,25.4, 0.0,  0, 0.0000,     0,21.5,25.3,20.0, 25,    33,    29, 1.1324, 1.3288
M5,25/07/23,11:18:23,     3,  3883,   482, 1000.3, 300,21.8,25.4, 0.0,  0, 0.0000,     0,21.5,25.3,20.3, 25,    34,    30, 1.1312, 1.2943
M5,25/07/23,11:18:24,     3,  3884,   483, 1000.3, 300,21.8,25.4, 0.0,  0, 0.0000,     0,21.5,25.3,20.3, 25,    35,    31, 1.1317, 1.2617
M5,25/07/23,11:18:25,     3,  3885,   484, 1000.3, 300,21.9,25.4, 0.0,  0, 0.0000,     0,21.5,25.3,20.3, 25,    36,    32, 1.1368, 1.2259
M5,25/07/23,11:18:26,     3,  3886,   486, 1000.3, 300,21.9,25.4, 0.0,  0, 0.0000,     0,21.5,25.3,20.3, 25,    37,    33, 1.1428, 1.1882
M5,25/07/23,11:18:27,     3,  3887,   487, 1000.3, 300,21.9,25.4, 0.0,  0, 0.0000,     0,21.5,25.3,20.3, 25,    38,    34, 1.1528, 1.1549
M5,25/07/23,11:18:28,     3,  3888,   488, 1000.3, 300,21.9,25.4, 0.0,  0, 0.0000,     0,21.5,25.3,20.3, 25,    39,    35, 1.1577, 1.1345
M5,25/07/23,11:18:29,     3,  3889,   489, 1000.3, 300,22.0,25.4, 0.0,  0, 0.0000,     0,21.5,25.3,20.0, 25,    40,    36, 1.1631, 1.1196
M5,25/07/23,11:18:30,     3,  3890,   490, 1000.3, 300,22.0,25.4, 0.0,  0, 0.0000,     0,21.5,25.3,20.0, 25,    41,    37, 1.1674, 1.1076
M5,25/07/23,11:18:31,     3,  3891,   491, 1000.3, 300,22.1,25.4, 0.0,  0, 0.0000,     0,21.5,25.3,20.0, 25,    42,    38, 1.1715, 1.1050
M5,25/07/23,11:18:32,     3,  3892,   492, 1000.3, 300,22.1,25.4, 0.0,  0, 0.0000,     0,21.5,25.3,20.0, 25,    43,    39, 1.1728, 1.1063
M5,25/07/23,11:18:33,     3,  3893,   492, 1000.3, 300,22.1,25.4, 0.0,  0, 0.0000,     0,21.5,25.3,20.0, 25,    44,    40, 1.1730, 1.1111
M5,25/07/23,11:18:34,     3,  3894,   493, 1000.3, 300,22.1,25.4, 0.0,  0, 0.0000,     0,21.5,25.3,20.0, 25,    45,    41, 1.1732, 1.1186
M5,25/07/23,11:18:35,     3,  3895,   494, 1000.3, 300,22.1,25.4, 0.0,  0, 0.0000,     0,21.5,25.3,20.0, 25,    46,    42, 1.1721, 1.1267
M5,25/07/23,11:18:36,     3,  3896,   495, 1000.3, 300,22.1,25.4, 0.0,  0, 0.0000,     0,21.5,25.3,20.0, 25,    46,    43, 1.1693, 1.1437
M5,25/07/23,11:18:37,     3,  3897,   495, 1000.3, 300,22.1,25.4, 0.0,  0, 0.0000,     0,21.5,25.3,20.0, 25,    47,    44, 1.1656, 1.1576
M5,25/07/23,11:18:38,     3,  3898,   497, 1000.3, 300,22.2,25.4, 0.0,  0, 0.0000,     0,21.5,25.3,20.0, 25,    48,    45, 1.1649, 1.1638
M5,25/07/23,11:18:39,     3,  3899,   498, 1000.3, 300,22.2,25.4, 0.0,  0, 0.0000,     0,21.5,25.3,20.0, 25,    49,    46, 1.1629, 1.1692
M5,25/07/23,11:18:40,     3,  3900,   498, 1000.3, 300,22.2,25.4, 0.0,  0, 0.0000,     0,21.5,25.3,20.0, 25,    50,    47, 1.1610, 1.1736
R5,25/07/23,11:18:40,     3,  3900,   498, 1000.3, 300,22.2,25.4, 0.0,  0, 0.0000,     0,21.5,25.3,20.0, 25,    50,    47, 1.1610, 1.1736
End
Zero
Zero
Zero
