Tag(M3),Date,Time,Plot_No,Rec_No,CO2,Pressure,Flow,H2O,Tsen,O2,Error,Aux_V,PAR,Tsoil,Tair,Msoil
Zero
Start
M5,05/07/23,15:31:38,     7,  6124,   398,  988.6, 300,23.5,23.0, 0.0,  0, 0.0000,     0,18.4,21.2,27.3, 20,     1,     1, 0.0000, 0.0000
M5,05/07/23,15:31:39,     7,  6125,   399,  988.6, 300,23.5,23.0, 0.0,  0, 0.0000,     0,18.4,21.2,27.3, 20,     1,     2, 0.0000, 0.0000
M5,05/07/23,15:31:41,     7,  6126,   399,  988.6, 300,23.5,23.0, 0.0,  0, 0.0000,     0,18.4,21.3,27.3, 20,     2,     3, 0.0000, 0.0000
M5,05/07/23,15:31:42,     7,  6127,   399,  988.6, 300,23.5,23.0, 0.0,  0, 0.0000,     0,18.4,21.3,27.3, 20,     2,     4, 0.0000, 0.0000
M5,05/07/23,15:31:43,     7,  6128,   400,  988.6, 300,23.5,23.0, 0.0,  0, 0.0000,     0,18.4,21.3,27.3, 20,     2,     5, 0.0000, 0.0000
M5,05/07/23,15:31:44,     7,  6129,   400,  988.6, 300,23.5,23.0, 0.0,  0, 0.0000,     0, 0.0,21.4, 0.0, 20,     3,     6, 0.0000, 0.0000
M5,05/07/23,15:31:45,     7,  6130,   401,  988.6, 300,23.5,23.0, 0.0,  0, 0.0000,     0, 0.0,21.4, 0.0, 20,     4,     7, 0.0000, 0.0000
M5,05/07/23,15:31:46,     7,  6131,   401,  988.6, 300,23.5,23.0, 0.0,  0, 0.0000,     0, 0.0,21.4, 0.0, 20,     4,     8, 0.0000, 0.0000
M5,05/07/23,15:31:47,     7,  6132,   402,  988.6, 300,23.5,23.0, 0.0,  0, 0.0000,     0, 0.0,21.5, 0.0, 20,     5,     9, 0.0000, 0.0000
M5,05/07/23,15:31:48,     7,  6133,   403,  988.6, 300,23.5,23.0, 0.0,  0, 0.0000,     0, 0.0,21.5, 0.0, 25,     5,    10, 0.0000, 0.0000
M5,05/07/23,15:31:49,     7,  6134,   403,  988.6, 300,23.5,23.0, 0.0,  0, 0.0000,     0,18.4,21.5,27.3, 25,     6,    11, 0.0000, 0.0000
M5,05/07/23,15:31:50,     7,  6135,   403,  988.6, 300,23.5,23.0, 0.0,  0, 0.0000,     0,18.4,21.5,27.3, 25,     6,    12, 0.0000, 0.0000
M5,05/07/23,15:31:51,     7,  6136,   404,  988.6, 300,23.5,23.0, 0.0,  0, 0.0000,     0,18.4,21.6,27.3, 25,     7,    13, 0.5575, 0.4048
M5,05/07/23,15:31:52,     7,  6137,   404,  988.6, 300,23.5,23.0, 0.0,  0, 0.0000,     0,18.4,21.6,27.3, 25,     7,    14, 0.5765, 0.4601
M5,05/07/23,15:31:53,     7,  6138,   405,  988.6, 300,23.5,23.0, 0.0,  0, 0.0000,     0,18.4,21.6,27.3, 25,     8,    15, 0.5891, 0.4977
M5,05/07/23,15:31:54,     7,  6139,   405,  988.6, 300,23.5,23.0, 0.0,  0, 0.0000,     0,18.4,21.7,27.5, 25,     8,    16, 0.5737, 0.5734
M5,05/07/23,15:31:55,     7,  6140,   406,  988.6, 300,23.5,23.0, 0.0,  0, 0.0000,     0,18.4,21.7,27.5, 25,     8,    17, 0.5687, 0.5839
M5,05/07/23,15:31:56,     7,  6141,   406,  988.6, 300,23.6,23.0, 0.0,  0, 0.0000,     0,18.4,21.7,27.5, 25,     8,    18, 0.5446, 0.6492
M5,05/07/23,15:31:57,     7,  6142,   406,  988.6, 300,23.6,23.0, 0.0,  0, 0.0000,     0,18.4,21.7,27.5, 25,     8,    19, 0.5012, 0.7299
M5,05/07/23,15:31:58,     7,  6143,   406,  988.6, 300,23.6,23.0, 0.0,  0, 0.0000,     0,18.4,21.8,27.5, 25,     9,    20, 0.4650, 0.7618
M5,05/07/23,15:31:59,     7,  6144,   406,  988.6, 300,23.6,23.0, 0.0,  0, 0.0000,     0,18.4,21.8,27.5, 25,     9,    21, 0.4415, 0.7418
M5,05/07/23,15:32:00,     7,  6145,   407,  988.6, 300,23.6,23.0, 0.0,  0, 0.0000,     0,18.4,21.8,27.3, 25,     9,    22, 0.4347, 0.6852
M5,05/07/23,15:32:01,     7,  6146,   407,  988.6, 300,23.6,23.0, 0.0,  0, 0.0000,     0,18.4,21.8,27.3, 25,    10,    23, 0.4286, 0.6379
M5,05/07/23,15:32:02,     7,  6147,   407,  988.6, 300,23.7,23.0, 0.0,  0, 0.0000,     0,18.4,21.9,27.3, 25,    10,    24, 0.4248, 0.6003
M5,05/07/23,15:32:03,     7,  6148,   408,  988.6, 300,23.7,23.0, 0.0,  0, 0.0000,     0,18.4,21.9,27.3, 25,    11,    25, 0.4261, 0.5548
M5,05/07/23,15:32:04,     7,  6149,   408,  988.6, 300,23.7,23.0, 0.0,  0, 0.0000,     0,18.4,21.9,27.3, 25,    11,    26, 0.4307, 0.5109
M5,05/07/23,15:32:05,     7,  6150,   409,  988.6, 300,23.7,23.1, 0.0,  0, 0.0000,     0,18.4,21.9,27.3, 25,    11,    27, 0.4312, 0.4967
M5,05/07/23,15:32:06,     7,  6151,   409,  988.6, 300,23.7,23.1, 0.0,  0, 0.0000,     0,18.4,21.9,27.3, 25,    12,    28, 0.4336, 0.4746
M5,05/07/23,15:32:07,     7,  6152,   409,  988.6, 300,23.7,23.1, 0.0,  0, 0.0000,     0,18.4,22.0,27.3, 25,    12,    29, 0.4356, 0.4617
M5,05/07/23,15:32:08,     7,  6153,   410,  988.6, 300,23.7,23.1, 0.0,  0, 0.0000,     0,18.4,22.0,27.3, 25,    13,    30, 0.4390, 0.4443
M5,05/07/23,15:32:09,     7,  6154,   410,  988.6, 300,23.7,23.1, 0.0,  0, 0.0000,     0,18.4,22.0,27.3, 25,    13,    31, 0.4419, 0.4352
M5,05/07/23,15:32:10,     7,  6155,   411,  988.6, 300,23.7,23.1, 0.0,  0, 0.0000,     0,18.4,22.0,27.4, 25,    13,    32, 0.4454, 0.4228
M5,05/07/23,15:32:11,     7,  6156,   411,  988.6, 300,23.7,23.1, 0.0,  0, 0.0000,     0,18.4,22.0,27.4, 25,    14,    33, 0.4499, 0.4098
M5,05/07/23,15:32:12,     7,  6157,   412,  988.6, 300,23.8,23.1, 0.0,  0, 0.0000,     0,18.4,22.1,27.4, 25,    14,    34, 0.4561, 0.3985
M5,05/07/23,15:32:13,     7,  6158,   412,  988.6, 300,23.8,23.1, 0.0,  0, 0.0000,     0,18.4,22.1,27.4, 25,    15,    35, 0.4614, 0.3872
M5,05/07/23,15:32:14,     7,  6159,   413,  988.6, 300,23.8,23.1, 0.0,  0, 0.0000,     0,18.4,22.1,27.4, 25,    15,    36, 0.4653, 0.3831
M5,05/07/23,15:32:15,     7,  6160,   413,  988.6, 300,23.8,23.1, 0.0,  0, 0.0000,     0,18.4,22.1,27.4, 25,    16,    37, 0.4689, 0.3806
M5,05/07/23,15:32:16,     7,  6161,   413,  988.6, 300,23.8,23.1, 0.0,  0, 0.0000,     0,18.6,22.1,27.4, 25,    16,    38, 0.4734, 0.3779
M5,05/07/23,15:32:17,     7,  6162,   414,  988.6, 300,23.8,23.1, 0.0,  0, 0.0000,     0,18.6,22.1,27.4, 25,    17,    39, 0.4775, 0.3744
M5,05/07/23,15:32:18,     7,  6163,   414,  988.6, 300,23.8,23.1, 0.0,  0, 0.0000,     0,18.6,22.1,27.4, 25,    17,    40, 0.4805, 0.3755
M5,05/07/23,15:32:19,     7,  6164,   415,  988.6, 300,23.9,23.1, 0.0,  0, 0.0000,     0,18.6,22.1,27.4, 25,    17,    41, 0.4846, 0.3764
M5,05/07/23,15:32:20,     7,  6165,   415,  988.6, 300,23.9,23.1, 0.0,  0, 0.0000,     0,18.6,22.2,27.4, 25,    18,    42, 0.4891, 0.3719
M5,05/07/23,15:32:21,     7,  6166,   416,  988.6, 300,23.9,23.1, 0.0,  0, 0.0000,     0,18.6,22.2,27.5, 25,    19,    43, 0.4936, 0.3685
M5,05/07/23,15:32:22,     7,  6167,   416,  988.6, 300,23.9,23.1, 0.0,  0, 0.0000,     0,18.6,22.2,27.5, 25,    19,    44, 0.4970, 0.3691
M5,05/07/23,15:32:23,     7,  6168,   416,  988.6, 300,23.9,23.1, 0.0,  0, 0.0000,     0,18.6,22.2,27.5, 25,    19,    45, 0.4986, 0.3764
M5,05/07/23,15:32:24,     7,  6169,   417,  988.6, 300,23.9,23.1, 0.0,  0, 0.0000,     0,18.6,22.2,27.5, 25,    19,    46, 0.4987, 0.3880
M5,05/07/23,15:32:25,     7,  6170,   417,  988.6, 299,23.9,23.1, 0.0,  0, 0.0000,     0,18.6,22.2,27.5, 25,    19,    47, 0.4978, 0.4027
M5,05/07/23,15:32:26,     7,  6171,   417,  988.6, 299,23.9,23.1, 0.0,  0, 0.0000,     0,18.6,22.2,27.4, 25,    20,    48, 0.4965, 0.4160
M5,05/07/23,15:32:27,     7,  6172,   418,  988.6, 300,23.9,23.1, 0.0,  0, 0.0000,     0,18.6,22.2,27.4, 25,    20,    49, 0.4966, 0.4226
M5,05/07/23,15:32:28,     7,  6173,   418,  988.6, 300,24.0,23.1, 0.0,  0, 0.0000,     0,18.6,22.2,27.4, 25,    21,    50, 0.4970, 0.4302
M5,05/07/23,15:32:29,     7,  6174,   418,  988.6, 300,24.0,23.1, 0.0,  0, 0.0000,     0,18.6,22.3,27.4, 25,    21,    51, 0.4965, 0.4372
M5,05/07/23,15:32:30,     7,  6175,   419,  988.6, 300,24.0,23.1, 0.0,  0, 0.0000,     0,18.6,22.3,27.4, 25,    22,    52, 0.4967, 0.4420
M5,05/07/23,15:32:31,     7,  6176,   419,  988.6, 300,24.0,23.1, 0.0,  0, 0.0000,     0,18.6,22.3,27.4, 25,    22,    53, 0.4971, 0.4448
M5,05/07/23,15:32:32,     7,  6177,   420,  988.6, 300,24.0,23.1, 0.0,  0, 0.0000,     0,18.6,22.3,27.5, 25,    23,    54, 0.4980, 0.4462
M5,05/07/23,15:32:33,     7,  6178,   420,  988.6, 300,24.0,23.1, 0.0,  0, 0.0000,     0,18.6,22.3,27.5, 25,    23,    55, 0.4989, 0.4464
M5,05/07/23,15:32:34,     7,  6179,   421,  988.6, 300,24.0,23.1, 0.0,  0, 0.0000,     0,18.6,22.3,27.5, 25,    23,    56, 0.4995, 0.4479
M5,05/07/23,15:32:35,     7,  6180,   421,  988.6, 300,24.0,23.1, 0.0,  0, 0.0000,     0,18.6,22.3,27.5, 25,    24,    57, 0.5001, 0.4514
M5,05/07/23,15:32:36,     7,  6181,   421,  988.6, 300,24.0,23.1, 0.0,  0, 0.0000,     0,18.6,22.3,27.5, 25,    24,    58, 0.5000, 0.4549
M5,05/07/23,15:32:37,     7,  6182,   422,  988.6, 300,24.1,23.1, 0.0,  0, 0.0000,     0,18.6,22.4,27.4, 25,    24,    59, 0.5001, 0.4592
M5,05/07/23,15:32:38,     7,  6183,   422,  988.6, 300,24.1,23.1, 0.0,  0, 0.0000,     0,18.6,22.4,27.4, 25,    25,    60, 0.5006, 0.4598
R5,05/07/23,15:32:38,     7,  6183,   422,  988.6, 300,24.1,23.1, 0.0,  0, 0.0000,     0,18.6,22.4,27.4, 25,    25,    60, 0.5006, 0.4598
End
Start
M5,05/07/23,15:33:24,     7,  6229,   396,  988.6, 300,24.6,23.3, 0.0,  0, 0.0000,     0, 0.0,22.6, 0.0, 20,     1,     1, 0.0000, 0.0000
M5,05/07/23,15:33:25,     7,  6230,   396,  988.6, 300,24.6,23.3, 0.0,  0, 0.0000,     0,18.8,22.7,28.7, 20,     1,     2, 0.0000, 0.0000
M5,05/07/23,15:33:26,     7,  6231,   397,  988.6, 300,24.6,23.3, 0.0,  0, 0.0000,     0,18.8,22.7,28.7, 20,     2,     3, 0.0000, 0.0000
M5,05/07/23,15:33:27,     7,  6232,   397,  988.6, 300,24.6,23.3, 0.0,  0, 0.0000,     0,18.8,22.8,28.7, 20,     3,     4, 0.0000, 0.0000
M5,05/07/23,15:33:28,     7,  6233,   398,  988.6, 300,24.6,23.3, 0.0,  0, 0.0000,     0,18.8,22.8,28.7, 20,     3,     5, 0.0000, 0.0000
M5,05/07/23,15:33:29,     7,  6234,   398,  988.6, 300,24.6,23.3, 0.0,  0, 0.0000,     0,18.8,22.8,28.7, 20,     3,     6, 0.0000, 0.0000
M5,05/07/23,15:33:30,     7,  6235,   398,  988.6, 300,24.7,23.3, 0.0,  0, 0.0000,     0,18.8,22.9,28.7, 20,     3,     7, 0.0000, 0.0000
M5,05/07/23,15:33:31,     7,  6236,   398,  988.6, 300,24.7,23.3, 0.0,  0, 0.0000,     0,18.8,22.9,28.7, 20,     4,     8, 0.0000, 0.0000
M5,05/07/23,15:33:32,     7,  6237,   399,  988.6, 300,24.7,23.3, 0.0,  0, 0.0000,     0,18.8,23.0,28.7, 20,     4,     9, 0.0000, 0.0000
M5,05/07/23,15:33:33,     7,  6238,   399,  988.6, 300,24.7,23.3, 0.0,  0, 0.0000,     0,18.8,23.0,28.7, 25,     4,    10, 0.0000, 0.0000
M5,05/07/23,15:33:34,     7,  6239,   400,  988.6, 300,24.7,23.3, 0.0,  0, 0.0000,     0,18.8,23.0,28.7, 25,     5,    11, 0.0000, 0.0000
M5,05/07/23,15:33:35,     7,  6240,   400,  988.6, 300,24.7,23.3, 0.0,  0, 0.0000,     0,18.8,23.1,28.7, 25,     5,    12, 0.0000, 0.0000
M5,05/07/23,15:33:36,     7,  6241,   401,  988.6, 300,24.7,23.3, 0.0,  0, 0.0000,     0,18.8,23.1,28.7, 25,     6,    13, 0.5819, 0.5809
M5,05/07/23,15:33:37,     7,  6242,   401,  988.6, 300,24.7,23.3, 0.0,  0, 0.0000,     0,18.8,23.2,28.7, 25,     6,    14, 0.5556, 0.6426
M5,05/07/23,15:33:38,     7,  6243,   402,  988.6, 300,24.7,23.3, 0.0,  0, 0.0000,     0,18.8,23.2,28.7, 25,     7,    15, 0.5831, 0.5333
M5,05/07/23,15:33:39,     7,  6244,   402,  988.6, 300,24.8,23.3, 0.0,  0, 0.0000,     0,18.8,23.2,28.7, 25,     7,    16, 0.5767, 0.5771
M5,05/07/23,15:33:40,     7,  6245,   403,  988.6, 300,24.8,23.3, 0.0,  0, 0.0000,     0,18.8,23.3,28.7, 25,     8,    17, 0.5924, 0.5336
M5,05/07/23,15:33:41,     7,  6246,   403,  988.6, 300,24.8,23.3, 0.0,  0, 0.0000,     0,18.8,23.3,28.7, 25,     8,    18, 0.6016, 0.5306
M5,05/07/23,15:33:42,     7,  6247,   404,  988.6, 300,24.8,23.3, 0.0,  0, 0.0000,     0,18.8,23.3,28.7, 25,     9,    19, 0.6065, 0.5388
M5,05/07/23,15:33:43,     7,  6248,   404,  988.6, 300,24.8,23.3, 0.0,  0, 0.0000,     0,18.8,23.4,28.7, 25,     9,    20, 0.5995, 0.5776
M5,05/07/23,15:33:44,     7,  6249,   404,  988.6, 300,24.8,23.3, 0.0,  0, 0.0000,     0,18.8,23.4,28.7, 25,     9,    21, 0.5911, 0.6182
M5,05/07/23,15:33:45,     7,  6250,   405,  988.6, 300,24.8,23.3, 0.0,  0, 0.0000,     0,18.8,23.4,28.7, 25,    10,    22, 0.5847, 0.6271
M5,05/07/23,15:33:46,     7,  6251,   405,  988.6, 300,24.8,23.3, 0.0,  0, 0.0000,     0,18.8,23.4,28.7, 25,    10,    23, 0.5815, 0.6240
M5,05/07/23,15:33:47,     7,  6252,   406,  988.6, 300,24.8,23.3, 0.0,  0, 0.0000,     0,18.8,23.5,28.7, 25,    11,    24, 0.5802, 0.6160
M5,05/07/23,15:33:48,     7,  6253,   406,  988.6, 299,24.9,23.3, 0.0,  0, 0.0000,     0,18.8,23.5,28.7, 25,    11,    25, 0.5824, 0.6091
M5,05/07/23,15:33:49,     7,  6254,   407,  988.6, 298,24.9,23.3, 0.0,  0, 0.0000,     0,18.8,23.5,28.7, 25,    12,    26, 0.5828, 0.6001
M5,05/07/23,15:33:50,     7,  6255,   407,  988.6, 298,24.9,23.3, 0.0,  0, 0.0000,     0,18.8,23.5,28.7, 25,    13,    27, 0.5871, 0.5804
M5,05/07/23,15:33:51,     7,  6256,   408,  988.6, 298,24.9,23.3, 0.0,  0, 0.0000,     0,18.8,23.6,28.7, 25,    13,    28, 0.5902, 0.5679
M5,05/07/23,15:33:52,     7,  6257,   408,  988.6, 298,24.9,23.3, 0.0,  0, 0.0000,     0,18.8,23.6,28.7, 25,    14,    29, 0.5931, 0.5608
M5,05/07/23,15:33:53,     7,  6258,   409,  988.6, 299,24.9,23.3, 0.0,  0, 0.0000,     0,18.8,23.6,28.7, 25,    14,    30, 0.5965, 0.5580
M5,05/07/23,15:33:54,     7,  6259,   409,  988.6, 301,24.9,23.3, 0.0,  0, 0.0000,     0,18.8,23.6,28.7, 25,    14,    31, 0.5961, 0.5645
M5,05/07/23,15:33:55,     7,  6260,   409,  988.6, 301,25.0,23.3, 0.0,  0, 0.0000,     0,18.8,23.7,28.7, 25,    15,    32, 0.5939, 0.5804
M5,05/07/23,15:33:56,     7,  6261,   410,  988.6, 301,25.0,23.3, 0.0,  0, 0.0000,     0,18.8,23.7,28.7, 25,    15,    33, 0.5916, 0.5890
M5,05/07/23,15:33:57,     7,  6262,   410,  988.6, 301,25.0,23.3, 0.0,  0, 0.0000,     0,18.8,23.7,28.7, 25,    15,    34, 0.5881, 0.6000
M5,05/07/23,15:33:58,     7,  6263,   411,  988.6, 301,25.0,23.3, 0.0,  0, 0.0000,     0,18.8,23.7,28.7, 25,    16,    35, 0.5838, 0.6119
M5,05/07/23,15:33:59,     7,  6264,   411,  988.6, 301,25.0,23.3, 0.0,  0, 0.0000,     0,18.8,23.7,28.7, 25,    16,    36, 0.5823, 0.6121
M5,05/07/23,15:34:00,     7,  6265,   412,  988.6, 301,25.0,23.4, 0.0,  0, 0.0000,     0,18.8,23.8,28.7, 25,    17,    37, 0.5809, 0.6167
M5,05/07/23,15:34:01,     7,  6266,   412,  988.6, 300,25.0,23.4, 0.0,  0, 0.0000,     0,18.8,23.8,28.7, 25,    17,    38, 0.5776, 0.6222
M5,05/07/23,15:34:02,     7,  6267,   412,  988.6, 300,25.0,23.4, 0.0,  0, 0.0000,     0,18.8,23.8,28.7, 25,    17,    39, 0.5742, 0.6288
M5,05/07/23,15:34:03,     7,  6268,   413,  988.6, 300,25.0,23.4, 0.0,  0, 0.0000,     0,18.8,23.8,28.7, 25,    18,    40, 0.5702, 0.6353
M5,05/07/23,15:34:04,     7,  6269,   413,  988.6, 300,25.1,23.4, 0.0,  0, 0.0000,     0,18.8,23.8,28.7, 25,    18,    41, 0.5665, 0.6420
M5,05/07/23,15:34:05,     7,  6270,   413,  988.6, 300,25.1,23.4, 0.0,  0, 0.0000,     0,18.8,23.8,28.7, 25,    19,    42, 0.5632, 0.6441
M5,05/07/23,15:34:06,     7,  6271,   414,  988.6, 300,25.1,23.4, 0.0,  0, 0.0000,     0,18.8,23.8,28.7, 25,    19,    43, 0.5607, 0.6430
M5,05/07/23,15:34:07,     7,  6272,   414,  988.6, 300,25.1,23.4, 0.0,  0, 0.0000,     0,18.8,23.9,28.7, 25,    19,    44, 0.5580, 0.6434
M5,05/07/23,15:34:08,     7,  6273,   415,  988.6, 300,25.1,23.4, 0.0,  0, 0.0000,     0,18.8,23.9,28.7, 25,    20,    45, 0.5568, 0.6377
M5,05/07/23,15:34:09,     7,  6274,   415,  988.6, 300,25.2,23.4, 0.0,  0, 0.0000,     0,18.8,23.9,28.7, 25,    21,    46, 0.5571, 0.6322
M5,05/07/23,15:34:10,     7,  6275,   416,  988.6, 300,25.2,23.4, 0.0,  0, 0.0000,     0,18.8,23.9,28.7, 25,    21,    47, 0.5566, 0.6252
M5,05/07/23,15:34:11,     7,  6276,   416,  988.6, 300,25.2,23.4, 0.0,  0, 0.0000,     0,18.8,23.9,28.7, 25,    22,    48, 0.5567, 0.6182
M5,05/07/23,15:34:12,     7,  6277,   417,  988.6, 300,25.2,23.4, 0.0,  0, 0.0000,     0,18.8,23.9,28.7, 25,    22,    49, 0.5561, 0.6138
M5,05/07/23,15:34:13,     7,  6278,   417,  988.6, 300,25.2,23.4, 0.0,  0, 0.0000,     0,18.8,24.0,28.7, 25,    22,    50, 0.5557, 0.6088
M5,05/07/23,15:34:14,     7,  6279,   418,  988.6, 300,25.2,23.4, 0.0,  0, 0.0000,     0,18.8,24.0,28.7, 25,    23,    51, 0.5567, 0.6014
M5,05/07/23,15:34:15,     7,  6280,   418,  988.6, 300,25.2,23.4, 0.0,  0, 0.0000,     0,18.8,24.0,28.7, 25,    23,    52, 0.5565, 0.5972
M5,05/07/23,15:34:16,     7,  6281,   418,  988.6, 300,25.2,23.4, 0.0,  0, 0.0000,     0,18.8,24.0,28.7, 25,    24,    53, 0.5563, 0.5953
M5,05/07/23,15:34:17,     7,  6282,   419,  988.6, 300,25.2,23.4, 0.0,  0, 0.0000,     0,18.8,24.0,28.7, 25,    24,    54, 0.5553, 0.5946
M5,05/07/23,15:34:18,     7,  6283,   419,  988.6, 300,25.2,23.4, 0.0,  0, 0.0000,     0,18.8,24.0,28.7, 25,    24,    55, 0.5543, 0.5952
M5,05/07/23,15:34:19,     7,  6284,   420,  988.6, 300,25.2,23.4, 0.0,  0, 0.0000,     0,18.8,24.1,28.7, 25,    25,    56, 0.5534, 0.5945
M5,05/07/23,15:34:20,     7,  6285,   420,  988.6, 300,25.3,23.4, 0.0,  0, 0.0000,     0,18.8,24.1,28.7, 25,    25,    57, 0.5534, 0.5909
M5,05/07/23,15:34:21,     7,  6286,   421,  988.6, 300,25.3,23.4, 0.0,  0, 0.0000,     0,18.8,24.1,28.7, 25,    26,    58, 0.5529, 0.5889
M5,05/07/23,15:34:22,     7,  6287,   421,  988.6, 300,25.3,23.4, 0.0,  0, 0.0000,     0,18.8,24.1,28.7, 25,    26,    59, 0.5527, 0.5863
M5,05/07/23,15:34:23,     7,  6288,   421,  988.6, 300,25.3,23.4, 0.0,  0, 0.0000,     0,18.8,24.1,28.7, 25,    26,    60, 0.5522, 0.5871
R5,05/07/23,15:34:23,     7,  6288,   421,  988.6, 300,25.3,23.4, 0.0,  0, 0.0000,     0,18.8,24.1,28.7, 25,    26,    60, 0.5522, 0.5871
End
Start
M5,05/07/23,15:35:08,     7,  6332,   394,  988.6, 300,25.6,23.5, 0.0,  0, 0.0000,     0,18.9,23.6,28.7, 20,     1,     1, 0.0000, 0.0000
M5,05/07/23,15:35:09,     7,  6333,   395,  988.6, 300,25.6,23.5, 0.0,  0, 0.0000,     0,18.9,23.6,28.7, 20,     2,     2, 0.0000, 0.0000
M5,05/07/23,15:35:10,     7,  6334,   396,  988.6, 300,25.6,23.5, 0.0,  0, 0.0000,     0,18.9,23.7,28.7, 20,     2,     3, 0.0000, 0.0000
M5,05/07/23,15:35:11,     7,  6335,   396,  988.6, 300,25.6,23.5, 0.0,  0, 0.0000,     0,18.9,23.7,28.7, 20,     3,     4, 0.0000, 0.0000
M5,05/07/23,15:35:12,     7,  6336,   397,  988.6, 300,25.6,23.5, 0.0,  0, 0.0000,     0,18.9,23.8,28.7, 20,     3,     5, 0.0000, 0.0000
M5,05/07/23,15:35:13,     7,  6337,   397,  988.6, 300,25.6,23.5, 0.0,  0, 0.0000,     0, 0.0,23.8, 0.0, 20,     4,     6, 0.0000, 0.0000
M5,05/07/23,15:35:14,     7,  6338,   398,  988.6, 300,25.6,23.6, 0.0,  0, 0.0000,     0, 0.0,23.8, 0.0, 20,     5,     7, 0.0000, 0.0000
M5,05/07/23,15:35:15,     7,  6339,   398,  988.6, 300,25.6,23.6, 0.0,  0, 0.0000,     0, 0.0,23.9, 0.0, 20,     5,     8, 0.0000, 0.0000
M5,05/07/23,15:35:16,     7,  6340,   399,  988.6, 300,25.6,23.6, 0.0,  0, 0.0000,     0, 0.0,23.9, 0.0, 20,     5,     9, 0.0000, 0.0000
M5,05/07/23,15:35:17,     7,  6341,   399,  988.6, 300,25.6,23.5, 0.0,  0, 0.0000,     0, 0.0,23.9, 0.0, 25,     6,    10, 0.0000, 0.0000
M5,05/07/23,15:35:18,     7,  6342,   400,  988.6, 300,25.6,23.5, 0.0,  0, 0.0000,     0,18.9,23.9,28.9, 25,     6,    11, 0.0000, 0.0000
M5,05/07/23,15:35:19,     7,  6343,   400,  988.6, 300,25.6,23.6, 0.0,  0, 0.0000,     0,18.9,23.9,28.9, 25,     7,    12, 0.0000, 0.0000
M5,05/07/23,15:35:20,     7,  6344,   400,  988.6, 300,25.6,23.6, 0.0,  0, 0.0000,     0,18.9,24.0,28.9, 25,     7,    13, 0.4091, 0.4011
M5,05/07/23,15:35:21,     7,  6345,   401,  988.6, 300,25.6,23.6, 0.0,  0, 0.0000,     0,18.9,24.0,28.9, 25,     7,    14, 0.4065, 0.4039
M5,05/07/23,15:35:22,     7,  6346,   401,  988.6, 300,25.6,23.6, 0.0,  0, 0.0000,     0,18.9,24.0,28.9, 25,     8,    15, 0.4353, 0.3448
M5,05/07/23,15:35:23,     7,  6347,   402,  988.6, 300,25.6,23.6, 0.0,  0, 0.0000,     0,18.9,24.1,29.0, 25,     8,    16, 0.4422, 0.3714
M5,05/07/23,15:35:24,     7,  6348,   402,  988.6, 300,25.6,23.6, 0.0,  0, 0.0000,     0,18.9,24.1,29.0, 25,     8,    17, 0.4424, 0.4024
M5,05/07/23,15:35:25,     7,  6349,   402,  988.6, 300,25.6,23.6, 0.0,  0, 0.0000,     0,18.9,24.1,29.0, 25,     9,    18, 0.4532, 0.3889
M5,05/07/23,15:35:26,     7,  6350,   403,  988.6, 300,25.6,23.6, 0.0,  0, 0.0000,     0,18.9,24.1,29.0, 25,     9,    19, 0.4672, 0.3725
M5,05/07/23,15:35:27,     7,  6351,   403,  988.6, 300,25.6,23.6, 0.0,  0, 0.0000,     0,18.9,24.1,29.0, 25,    10,    20, 0.4812, 0.3625
M5,05/07/23,15:35:28,     7,  6352,   404,  988.6, 300,25.6,23.6, 0.0,  0, 0.0000,     0,18.9,24.1,29.0, 25,    10,    21, 0.4859, 0.3817
M5,05/07/23,15:35:29,     7,  6353,   404,  988.6, 300,25.6,23.6, 0.0,  0, 0.0000,     0,18.9,24.2,29.0, 25,    11,    22, 0.4864, 0.4088
M5,05/07/23,15:35:30,     7,  6354,   404,  988.6, 300,25.6,23.6, 0.0,  0, 0.0000,     0,18.9,24.2,29.0, 25,    11,    23, 0.4785, 0.4526
M5,05/07/23,15:35:31,     7,  6355,   404,  988.6, 300,25.6,23.6, 0.0,  0, 0.0000,     0,18.9,24.2,29.0, 25,    11,    24, 0.4666, 0.4963
M5,05/07/23,15:35:32,     7,  6356,   405,  988.6, 300,25.6,23.6, 0.0,  0, 0.0000,     0,18.9,24.2,29.0, 25,    11,    25, 0.4572, 0.5192
M5,05/07/23,15:35:33,     7,  6357,   405,  988.6, 300,25.6,23.6, 0.0,  0, 0.0000,     0,18.9,24.2,29.0, 25,    12,    26, 0.4527, 0.5160
M5,05/07/23,15:35:34,     7,  6358,   406,  988.6, 300,25.6,23.6, 0.0,  0, 0.0000,     0,19.1,24.2,29.0, 25,    12,    27, 0.4530, 0.5023
M5,05/07/23,15:35:35,     7,  6359,   406,  988.6, 300,25.6,23.6, 0.0,  0, 0.0000,     0,19.1,24.3,29.0, 25,    13,    28, 0.4598, 0.4745
M5,05/07/23,15:35:36,     7,  6360,   407,  988.6, 300,25.6,23.6, 0.0,  0, 0.0000,     0,19.1,24.3,29.0, 25,    13,    29, 0.4663, 0.4503
M5,05/07/23,15:35:37,     7,  6361,   407,  988.6, 300,25.6,23.6, 0.0,  0, 0.0000,     0,19.1,24.3,29.0, 25,    14,    30, 0.4699, 0.4392
M5,05/07/23,15:35:38,     7,  6362,   408,  988.6, 300,25.6,23.6, 0.0,  0, 0.0000,     0,19.1,24.3,29.0, 25,    14,    31, 0.4745, 0.4287
M5,05/07/23,15:35:39,     7,  6363,   408,  988.6, 300,25.6,23.6, 0.0,  0, 0.0000,     0,19.1,24.3,28.7, 25,    15,    32, 0.4796, 0.4190
M5,05/07/23,15:35:40,     7,  6364,   409,  988.6, 300,25.6,23.6, 0.0,  0, 0.0000,     0,19.1,24.3,28.7, 25,    15,    33, 0.4846, 0.4106
M5,05/07/23,15:35:41,     7,  6365,   409,  988.6, 300,25.6,23.6, 0.0,  0, 0.0000,     0,19.1,24.3,28.7, 25,    15,    34, 0.4879, 0.4104
M5,05/07/23,15:35:42,     7,  6366,   409,  988.6, 300,25.6,23.6, 0.0,  0, 0.0000,     0,19.1,24.3,28.7, 25,    16,    35, 0.4916, 0.4090
M5,05/07/23,15:35:43,     7,  6367,   410,  988.6, 300,25.6,23.6, 0.0,  0, 0.0000,     0,19.1,24.3,28.7, 25,    16,    36, 0.4938, 0.4129
M5,05/07/23,15:35:44,     7,  6368,   410,  988.6, 300,25.6,23.6, 0.0,  0, 0.0000,     0,19.1,24.3,28.7, 25,    17,    37, 0.4966, 0.4147
M5,05/07/23,15:35:45,     7,  6369,   411,  988.6, 300,25.6,23.6, 0.0,  0, 0.0000,     0,19.1,24.3,29.0, 25,    17,    38, 0.4995, 0.4152
M5,05/07/23,15:35:46,     7,  6370,   411,  988.6, 300,25.6,23.6, 0.0,  0, 0.0000,     0,19.1,24.3,29.0, 25,    18,    39, 0.5013, 0.4197
M5,05/07/23,15:35:47,     7,  6371,   412,  988.6, 300,25.5,23.6, 0.0,  0, 0.0000,     0,19.1,24.3,29.0, 25,    18,    40, 0.5025, 0.4213
M5,05/07/23,15:35:48,     7,  6372,   412,  988.6, 300,25.5,23.6, 0.0,  0, 0.0000,     0,19.1,24.3,29.0, 25,    18,    41, 0.5038, 0.4268
M5,05/07/23,15:35:49,     7,  6373,   412,  988.6, 300,25.5,23.6, 0.0,  0, 0.0000,     0,19.1,24.3,29.0, 25,    19,    42, 0.5051, 0.4298
M5,05/07/23,15:35:50,     7,  6374,   413,  988.6, 300,25.5,23.6, 0.0,  0, 0.0000,     0,19.1,24.4,29.0, 25,    19,    43, 0.5069, 0.4317
M5,05/07/23,15:35:51,     7,  6375,   413,  988.6, 300,25.6,23.6, 0.0,  0, 0.0000,     0,19.1,24.4,29.0, 25,    20,    44, 0.5085, 0.4366
M5,05/07/23,15:35:52,     7,  6376,   414,  988.6, 300,25.6,23.6, 0.0,  0, 0.0000,     0,19.1,24.4,29.0, 25,    20,    45, 0.5099, 0.4394
M5,05/07/23,15:35:53,     7,  6377,   414,  988.6, 300,25.5,23.6, 0.0,  0, 0.0000,     0,19.1,24.4,29.0, 25,    21,    46, 0.5103, 0.4439
M5,05/07/23,15:35:54,     7,  6378,   415,  988.6, 300,25.5,23.6, 0.0,  0, 0.0000,     0,19.1,24.4,29.0, 25,    21,    47, 0.5114, 0.4469
M5,05/07/23,15:35:55,     7,  6379,   415,  988.6, 300,25.5,23.6, 0.0,  0, 0.0000,     0,19.1,24.4,29.0, 25,    22,    48, 0.5135, 0.4459
M5,05/07/23,15:35:56,     7,  6380,   416,  988.6, 300,25.5,23.6, 0.0,  0, 0.0000,     0,19.1,24.4,29.0, 25,    22,    49, 0.5155, 0.4442
M5,05/07/23,15:35:57,     7,  6381,   416,  988.6, 300,25.5,23.6, 0.0,  0, 0.0000,     0,19.1,24.4,29.0, 25,    23,    50, 0.5177, 0.4428
M5,05/07/23,15:35:58,     7,  6382,   417,  988.6, 300,25.5,23.6, 0.0,  0, 0.0000,     0,19.1,24.4,29.0, 25,    23,    51, 0.5200, 0.4414
M5,05/07/23,15:35:59,     7,  6383,   417,  988.6, 300,25.5,23.6, 0.0,  0, 0.0000,     0,19.1,24.4,29.0, 25,    23,    52, 0.5209, 0.4450
M5,05/07/23,15:36:00,     7,  6384,   417,  988.6, 300,25.5,23.6, 0.0,  0, 0.0000,     0,19.1,24.4,29.0, 25,    24,    53, 0.5213, 0.4498
M5,05/07/23,15:36:01,     7,  6385,   418,  988.6, 300,25.5,23.6, 0.0,  0, 0.0000,     0,19.1,24.4,29.0, 25,    24,    54, 0.5214, 0.4557
M5,05/07/23,15:36:02,     7,  6386,   418,  988.6, 300,25.5,23.6, 0.0,  0, 0.0000,     0,19.1,24.4,29.0, 25,    25,    55, 0.5218, 0.4600
M5,05/07/23,15:36:03,     7,  6387,   419,  988.6, 300,25.5,23.7, 0.0,  0, 0.0000,     0,19.1,24.4,29.0, 25,    25,    56, 0.5226, 0.4634
M5,05/07/23,15:36:04,     7,  6388,   419,  988.6, 300,25.5,23.7, 0.0,  0, 0.0000,     0,19.1,24.4,29.0, 25,    26,    57, 0.5233, 0.4656
M5,05/07/23,15:36:05,     7,  6389,   419,  988.6, 300,25.5,23.7, 0.0,  0, 0.0000,     0,19.1,24.4,29.0, 25,    26,    58, 0.5235, 0.4687
M5,05/07/23,15:36:06,     7,  6390,   420,  988.6, 300,25.5,23.7, 0.0,  0, 0.0000,     0,19.1,24.4,28.7, 25,    26,    59, 0.5230, 0.4746
M5,05/07/23,15:36:07,     7,  6391,   420,  988.6, 300,25.5,23.7, 0.0,  0, 0.0000,     0,19.1,24.4,28.7, 25,    26,    60, 0.5217, 0.4824
R5,05/07/23,15:36:07,     7,  6391,   420,  988.6, 300,25.5,23.7, 0.0,  0, 0.0000,     0,19.1,24.4,28.7, 25,    26,    60, 0.5217, 0.4824
End
Start
M5,05/07/23,15:38:51,     8,  6554,   398,  988.5, 300,24.4,23.9, 0.0,  0, 0.0000,     0,19.1,22.6,23.2, 20,     1,     1, 0.0000, 0.0000
M5,05/07/23,15:38:52,     8,  6555,   399,  988.5, 300,24.4,23.9, 0.0,  0, 0.0000,     0,19.1,22.6,21.7, 20,     1,     2, 0.0000, 0.0000
M5,05/07/23,15:38:53,     8,  6556,   400,  988.5, 300,24.4,23.9, 0.0,  0, 0.0000,     0,19.1,22.7,21.7, 20,     2,     3, 0.0000, 0.0000
M5,05/07/23,15:38:54,     8,  6557,   401,  988.5, 300,24.4,23.9, 0.0,  0, 0.0000,     0,19.1,22.7,21.7, 20,     3,     4, 0.0000, 0.0000
M5,05/07/23,15:38:55,     8,  6558,   401,  988.5, 300,24.4,23.9, 0.0,  0, 0.0000,     0,19.1,22.7,21.7, 20,     4,     5, 0.0000, 0.0000
M5,05/07/23,15:38:56,     8,  6559,   402,  988.5, 300,24.4,23.9, 0.0,  0, 0.0000,     0,19.1,22.8,21.7, 20,     5,     6, 0.0000, 0.0000
M5,05/07/23,15:38:57,     8,  6560,   403,  988.5, 300,24.4,23.9, 0.0,  0, 0.0000,     0,19.1,22.8,21.7, 20,     5,     7, 0.0000, 0.0000
M5,05/07/23,15:38:58,     8,  6561,   404,  988.5, 300,24.4,23.9, 0.0,  0, 0.0000,     0,19.1,22.8,21.7, 20,     6,     8, 0.0000, 0.0000
M5,05/07/23,15:38:59,     8,  6562,   404,  988.5, 300,24.4,23.9, 0.0,  0, 0.0000,     0,19.1,22.8,21.7, 20,     7,     9, 0.0000, 0.0000
M5,05/07/23,15:39:00,     8,  6563,   405,  988.5, 300,24.4,23.9, 0.0,  0, 0.0000,     0,19.1,22.9,21.7, 25,     7,    10, 0.0000, 0.0000
M5,05/07/23,15:39:01,     8,  6564,   405,  988.5, 300,24.4,23.9, 0.0,  0, 0.0000,     0,19.1,22.9,21.7, 25,     8,    11, 0.0000, 0.0000
M5,05/07/23,15:39:02,     8,  6565,   406,  988.4, 300,24.4,23.9, 0.0,  0, 0.0000,     0,19.1,22.9,21.7, 25,     8,    12, 0.0000, 0.0000
M5,05/07/23,15:39:03,     8,  6566,   406,  988.4, 300,24.4,23.9, 0.0,  0, 0.0000,     0,19.1,22.9,21.7, 25,     9,    13, 0.5983, 0.5979
M5,05/07/23,15:39:04,     8,  6567,   407,  988.4, 300,24.4,23.9, 0.0,  0, 0.0000,     0,19.1,22.9,21.7, 25,    10,    14, 0.6356, 0.5261
M5,05/07/23,15:39:05,     8,  6568,   408,  988.4, 300,24.4,23.9, 0.0,  0, 0.0000,     0,19.1,23.0,21.7, 25,    10,    15, 0.6689, 0.5141
M5,05/07/23,15:39:06,     8,  6569,   408,  988.5, 300,24.4,23.9, 0.0,  0, 0.0000,     0,19.1,23.0,21.7, 25,    11,    16, 0.6708, 0.5800
M5,05/07/23,15:39:07,     8,  6570,   409,  988.5, 299,24.4,23.9, 0.0,  0, 0.0000,     0,19.1,23.0,21.7, 25,    11,    17, 0.6650, 0.6309
M5,05/07/23,15:39:08,     8,  6571,   410,  988.5, 300,24.4,23.9, 0.0,  0, 0.0000,     0,19.1,23.0,21.7, 25,    12,    18, 0.6858, 0.5953
M5,05/07/23,15:39:09,     8,  6572,   410,  988.5, 300,24.4,23.9, 0.0,  0, 0.0000,     0,19.1,23.0,21.7, 25,    13,    19, 0.7008, 0.5833
M5,05/07/23,15:39:10,     8,  6573,   411,  988.5, 300,24.5,23.9, 0.0,  0, 0.0000,     0,19.1,23.0,21.7, 25,    13,    20, 0.7139, 0.5850
M5,05/07/23,15:39:11,     8,  6574,   411,  988.5, 300,24.5,23.9, 0.0,  0, 0.0000,     0,19.1,23.1,21.7, 25,    14,    21, 0.7162, 0.6142
M5,05/07/23,15:39:12,     8,  6575,   412,  988.4, 300,24.5,23.9, 0.0,  0, 0.0000,     0,19.1,23.1,21.7, 25,    14,    22, 0.7072, 0.6666
M5,05/07/23,15:39:13,     8,  6576,   412,  988.4, 300,24.5,23.9, 0.0,  0, 0.0000,     0,19.1,23.1,21.7, 25,    14,    23, 0.6928, 0.7200
M5,05/07/23,15:39:14,     8,  6577,   412,  988.4, 300,24.5,23.9, 0.0,  0, 0.0000,     0,19.1,23.1,21.9, 25,    15,    24, 0.6760, 0.7648
M5,05/07/23,15:39:15,     8,  6578,   413,  988.4, 300,24.5,23.9, 0.0,  0, 0.0000,     0,19.1,23.1,21.9, 25,    15,    25, 0.6638, 0.7860
M5,05/07/23,15:39:16,     8,  6579,   413,  988.4, 300,24.5,23.9, 0.0,  0, 0.0000,     0,19.1,23.1,21.9, 25,    16,    26, 0.6534, 0.7921
M5,05/07/23,15:39:17,     8,  6580,   414,  988.5, 300,24.5,23.9, 0.0,  0, 0.0000,     0,19.1,23.1,21.9, 25,    17,    27, 0.6553, 0.7591
M5,05/07/23,15:39:18,     8,  6581,   415,  988.5, 300,24.5,23.9, 0.0,  0, 0.0000,     0,19.1,23.1,21.9, 25,    17,    28, 0.6585, 0.7278
M5,05/07/23,15:39:19,     8,  6582,   416,  988.5, 300,24.5,23.9, 0.0,  0, 0.0000,     0,19.1,23.2,21.8, 25,    18,    29, 0.6611, 0.7109
M5,05/07/23,15:39:20,     8,  6583,   416,  988.5, 300,24.5,23.9, 0.0,  0, 0.0000,     0,19.1,23.2,21.8, 25,    19,    30, 0.6638, 0.6921
M5,05/07/23,15:39:21,     8,  6584,   417,  988.5, 300,24.5,23.9, 0.0,  0, 0.0000,     0,19.1,23.2,21.8, 25,    19,    31, 0.6650, 0.6824
M5,05/07/23,15:39:22,     8,  6585,   417,  988.5, 300,24.5,23.9, 0.0,  0, 0.0000,     0,19.1,23.2,21.8, 25,    20,    32, 0.6673, 0.6709
M5,05/07/23,15:39:23,     8,  6586,   418,  988.5, 300,24.5,23.9, 0.0,  0, 0.0000,     0,19.1,23.2,21.8, 25,    20,    33, 0.6703, 0.6595
M5,05/07/23,15:39:24,     8,  6587,   419,  988.5, 300,24.6,23.9, 0.0,  0, 0.0000,     0,19.1,23.2,21.9, 25,    21,    34, 0.6739, 0.6488
M5,05/07/23,15:39:25,     8,  6588,   419,  988.5, 300,24.6,23.9, 0.0,  0, 0.0000,     0,19.1,23.2,21.9, 25,    22,    35, 0.6776, 0.6388
M5,05/07/23,15:39:26,     8,  6589,   420,  988.5, 300,24.6,23.9, 0.0,  0, 0.0000,     0,19.1,23.2,21.9, 25,    22,    36, 0.6801, 0.6357
M5,05/07/23,15:39:27,     8,  6590,   420,  988.5, 300,24.6,23.9, 0.0,  0, 0.0000,     0,19.1,23.2,21.9, 25,    23,    37, 0.6814, 0.6367
M5,05/07/23,15:39:28,     8,  6591,   421,  988.5, 300,24.6,23.9, 0.0,  0, 0.0000,     0,19.1,23.2,21.9, 25,    23,    38, 0.6818, 0.6402
M5,05/07/23,15:39:29,     8,  6592,   421,  988.5, 300,24.6,23.9, 0.0,  0, 0.0000,     0,19.1,23.2,21.9, 25,    24,    39, 0.6817, 0.6454
M5,05/07/23,15:39:30,     8,  6593,   422,  988.5, 300,24.6,23.9, 0.0,  0, 0.0000,     0,19.1,23.2,21.8, 25,    24,    40, 0.6811, 0.6515
M5,05/07/23,15:39:31,     8,  6594,   422,  988.5, 300,24.6,23.9, 0.0,  0, 0.0000,     0,19.1,23.2,21.8, 25,    25,    41, 0.6795, 0.6626
M5,05/07/23,15:39:32,     8,  6595,   422,  988.5, 300,24.6,23.9, 0.0,  0, 0.0000,     0,19.1,23.2,21.8, 25,    25,    42, 0.6752, 0.6795
M5,05/07/23,15:39:33,     8,  6596,   423,  988.5, 300,24.6,23.9, 0.0,  0, 0.0000,     0,19.1,23.2,21.8, 25,    25,    43, 0.6700, 0.6962
M5,05/07/23,15:39:34,     8,  6597,   423,  988.5, 300,24.6,23.9, 0.0,  0, 0.0000,     0,19.1,23.2,21.8, 25,    25,    44, 0.6645, 0.7126
M5,05/07/23,15:39:35,     8,  6598,   423,  988.5, 300,24.6,23.9, 0.0,  0, 0.0000,     0,19.1,23.2,21.9, 25,    26,    45, 0.6598, 0.7249
M5,05/07/23,15:39:36,     8,  6599,   424,  988.5, 300,24.6,23.9, 0.0,  0, 0.0000,     0,19.1,23.2,21.9, 25,    27,    46, 0.6570, 0.7276
M5,05/07/23,15:39:37,     8,  6600,   425,  988.5, 300,24.6,23.9, 0.0,  0, 0.0000,     0,19.1,23.2,21.9, 25,    27,    47, 0.6552, 0.7268
M5,05/07/23,15:39:38,     8,  6601,   426,  988.5, 300,24.6,23.9, 0.0,  0, 0.0000,     0,19.1,23.2,21.9, 25,    28,    48, 0.6544, 0.7233
M5,05/07/23,15:39:39,     8,  6602,   426,  988.5, 300,24.6,23.9, 0.0,  0, 0.0000,     0,19.1,23.2,21.9, 25,    29,    49, 0.6533, 0.7203
M5,05/07/23,15:39:40,     8,  6603,   427,  988.5, 300,24.6,23.9, 0.0,  0, 0.0000,     0,19.1,23.2,21.7, 25,    29,    50, 0.6535, 0.7127
M5,05/07/23,15:39:41,     8,  6604,   428,  988.5, 300,24.6,23.9, 0.0,  0, 0.0000,     0,19.1,23.2,21.7, 25,    30,    51, 0.6542, 0.7044
M5,05/07/23,15:39:42,     8,  6605,   428,  988.5, 300,24.6,23.9, 0.0,  0, 0.0000,     0,19.1,23.2,21.7, 25,    31,    52, 0.6553, 0.6958
M5,05/07/23,15:39:43,     8,  6606,   429,  988.5, 300,24.6,23.9, 0.0,  0, 0.0000,     0,19.1,23.2,21.7, 25,    31,    53, 0.6561, 0.6892
M5,05/07/23,15:39:44,     8,  6607,   429,  988.5, 300,24.6,23.9, 0.0,  0, 0.0000,     0,19.1,23.2,21.7, 25,    32,    54, 0.6569, 0.6845
M5,05/07/23,15:39:45,     8,  6608,   430,  988.5, 300,24.6,23.9, 0.0,  0, 0.0000,     0,19.1,23.2,21.7, 25,    32,    55, 0.6571, 0.6809
M5,05/07/23,15:39:46,     8,  6609,   430,  988.5, 300,24.6,23.9, 0.0,  0, 0.0000,     0,19.1,23.2,21.7, 25,    33,    56, 0.6578, 0.6763
M5,05/07/23,15:39:47,     8,  6610,   431,  988.5, 300,24.6,23.9, 0.0,  0, 0.0000,     0,19.1,23.2,21.7, 25,    33,    57, 0.6581, 0.6729
M5,05/07/23,15:39:48,     8,  6611,   431,  988.5, 300,24.6,23.9, 0.0,  0, 0.0000,     0,19.1,23.2,21.7, 25,    34,    58, 0.6584, 0.6707
M5,05/07/23,15:39:49,     8,  6612,   432,  988.5, 300,24.6,23.9, 0.0,  0, 0.0000,     0,19.1,23.2,21.7, 25,    34,    59, 0.6585, 0.6691
M5,05/07/23,15:39:50,     8,  6613,   432,  988.5, 300,24.6,23.9, 0.0,  0, 0.0000,     0,19.1,23.2,21.7, 25,    35,    60, 0.6585, 0.6682
R5,05/07/23,15:39:50,     8,  6613,   432,  988.5, 300,24.6,23.9, 0.0,  0, 0.0000,     0,19.1,23.2,21.7, 25,    35,    60, 0.6585, 0.6682
End
Start
M5,05/07/23,15:40:33,     8,  6655,   404,  988.4, 300,24.4,24.0, 0.0,  0, 0.0000,     0,19.1,22.4,22.0, 20,     1,     1, 0.0000, 0.0000
M5,05/07/23,15:40:34,     8,  6656,   405,  988.4, 300,24.4,24.0, 0.0,  0, 0.0000,     0,19.1,22.4,22.0, 20,     2,     2, 0.0000, 0.0000
M5,05/07/23,15:40:35,     8,  6657,   407,  988.4, 300,24.4,24.0, 0.0,  0, 0.0000,     0,19.1,22.4,22.0, 20,     3,     3, 0.0000, 0.0000
M5,05/07/23,15:40:36,     8,  6658,   408,  988.4, 300,24.3,24.0, 0.0,  0, 0.0000,     0,19.1,22.4,22.0, 20,     4,     4, 0.0000, 0.0000
M5,05/07/23,15:40:37,     8,  6659,   409,  988.4, 300,24.3,24.0, 0.0,  0, 0.0000,     0,19.1,22.5,22.0, 20,     5,     5, 0.0000, 0.0000
M5,05/07/23,15:40:38,     8,  6660,   410,  988.4, 300,24.3,24.0, 0.0,  0, 0.0000,     0,19.1,22.5,22.0, 20,     6,     6, 0.0000, 0.0000
M5,05/07/23,15:40:39,     8,  6661,   411,  988.4, 300,24.3,24.0, 0.0,  0, 0.0000,     0,19.1,22.5,22.0, 20,     7,     7, 0.0000, 0.0000
M5,05/07/23,15:40:40,     8,  6662,   411,  988.4, 300,24.3,24.0, 0.0,  0, 0.0000,     0,19.1,22.5,21.9, 20,     8,     8, 0.0000, 0.0000
M5,05/07/23,15:40:41,     8,  6663,   412,  988.4, 300,24.3,24.0, 0.0,  0, 0.0000,     0,19.1,22.5,21.9, 20,     9,     9, 0.0000, 0.0000
M5,05/07/23,15:40:42,     8,  6664,   413,  988.4, 300,24.3,24.0, 0.0,  0, 0.0000,     0,19.1,22.6,21.9, 25,    10,    10, 0.0000, 0.0000
M5,05/07/23,15:40:43,     8,  6665,   414,  988.4, 300,24.2,24.0, 0.0,  0, 0.0000,     0,19.1,22.6,21.9, 25,    10,    11, 0.0000, 0.0000
M5,05/07/23,15:40:44,     8,  6666,   414,  988.4, 300,24.2,24.0, 0.0,  0, 0.0000,     0,19.1,22.6,21.9, 25,    11,    12, 0.0000, 0.0000
M5,05/07/23,15:40:45,     8,  6667,   415,  988.4, 300,24.2,24.0, 0.0,  0, 0.0000,     0,19.1,22.6,21.9, 25,    12,    13, 0.7798, 1.0762
M5,05/07/23,15:40:46,     8,  6668,   415,  988.4, 300,24.2,24.0, 0.0,  0, 0.0000,     0,19.1,22.6,21.9, 25,    12,    14, 0.7234, 1.0065
M5,05/07/23,15:40:47,     8,  6669,   416,  988.4, 300,24.2,24.0, 0.0,  0, 0.0000,     0,19.1,22.6,21.9, 25,    12,    15, 0.6602, 0.9963
M5,05/07/23,15:40:48,     8,  6670,   416,  988.4, 300,24.2,24.0, 0.0,  0, 0.0000,     0,19.1,22.6,21.9, 25,    13,    16, 0.6496, 0.8610
M5,05/07/23,15:40:49,     8,  6671,   417,  988.4, 300,24.2,24.0, 0.0,  0, 0.0000,     0,19.1,22.7,21.9, 25,    14,    17, 0.6580, 0.7561
M5,05/07/23,15:40:50,     8,  6672,   417,  988.4, 300,24.2,24.0, 0.0,  0, 0.0000,     0,19.1,22.7,21.9, 25,    14,    18, 0.6560, 0.7217
M5,05/07/23,15:40:51,     8,  6673,   418,  988.4, 300,24.2,24.0, 0.0,  0, 0.0000,     0,19.3,22.7,21.9, 25,    15,    19, 0.6633, 0.6822
M5,05/07/23,15:40:52,     8,  6674,   419,  988.4, 300,24.1,24.0, 0.0,  0, 0.0000,     0,19.3,22.7,21.9, 25,    16,    20, 0.6731, 0.6505
M5,05/07/23,15:40:53,     8,  6675,   420,  988.4, 300,24.1,24.0, 0.0,  0, 0.0000,     0,19.3,22.7,21.9, 25,    16,    21, 0.6910, 0.6068
M5,05/07/23,15:40:54,     8,  6676,   420,  988.4, 300,24.1,24.0, 0.0,  0, 0.0000,     0,19.3,22.7,21.9, 25,    17,    22, 0.7042, 0.5877
M5,05/07/23,15:40:55,     8,  6677,   421,  988.4, 300,24.1,24.0, 0.0,  0, 0.0000,     0,19.3,22.7,21.9, 25,    18,    23, 0.7161, 0.5829
M5,05/07/23,15:40:56,     8,  6678,   421,  988.4, 300,24.1,24.0, 0.0,  0, 0.0000,     0,19.1,22.7,21.9, 25,    18,    24, 0.7208, 0.6018
M5,05/07/23,15:40:57,     8,  6679,   422,  988.4, 300,24.1,24.0, 0.0,  0, 0.0000,     0,19.1,22.7,21.9, 25,    19,    25, 0.7250, 0.6144
M5,05/07/23,15:40:58,     8,  6680,   423,  988.4, 300,24.1,24.0, 0.0,  0, 0.0000,     0,19.1,22.7,21.9, 25,    19,    26, 0.7271, 0.6330
M5,05/07/23,15:40:59,     8,  6681,   423,  988.4, 300,24.1,24.0, 0.0,  0, 0.0000,     0,19.1,22.8,21.9, 25,    20,    27, 0.7292, 0.6443
M5,05/07/23,15:41:00,     8,  6682,   424,  988.4, 300,24.1,24.0, 0.0,  0, 0.0000,     0,19.1,22.8,21.9, 25,    21,    28, 0.7321, 0.6523
M5,05/07/23,15:41:01,     8,  6683,   424,  988.4, 300,24.1,24.0, 0.0,  0, 0.0000,     0,19.1,22.8,21.9, 25,    21,    29, 0.7319, 0.6669
M5,05/07/23,15:41:02,     8,  6684,   425,  988.4, 300,24.1,24.0, 0.0,  0, 0.0000,     0,19.1,22.8,21.9, 25,    22,    30, 0.7303, 0.6848
M5,05/07/23,15:41:03,     8,  6685,   425,  988.4, 300,24.1,24.0, 0.0,  0, 0.0000,     0,19.1,22.8,21.9, 25,    22,    31, 0.7276, 0.7027
M5,05/07/23,15:41:04,     8,  6686,   426,  988.4, 300,24.1,24.0, 0.0,  0, 0.0000,     0,19.1,22.8,21.9, 25,    23,    32, 0.7237, 0.7192
M5,05/07/23,15:41:05,     8,  6687,   426,  988.4, 300,24.1,24.0, 0.0,  0, 0.0000,     0,19.1,22.8,21.9, 25,    23,    33, 0.7196, 0.7348
M5,05/07/23,15:41:06,     8,  6688,   427,  988.4, 300,24.1,24.0, 0.0,  0, 0.0000,     0,19.1,22.8,21.9, 25,    24,    34, 0.7172, 0.7418
M5,05/07/23,15:41:07,     8,  6689,   428,  988.4, 300,24.1,24.0, 0.0,  0, 0.0000,     0,19.1,22.8,22.0, 25,    25,    35, 0.7159, 0.7433
M5,05/07/23,15:41:08,     8,  6690,   428,  988.4, 300,24.0,24.0, 0.0,  0, 0.0000,     0,19.1,22.8,22.0, 25,    25,    36, 0.7119, 0.7518
M5,05/07/23,15:41:09,     8,  6691,   428,  988.4, 300,24.0,24.0, 0.0,  0, 0.0000,     0,19.1,22.8,22.0, 25,    25,    37, 0.7068, 0.7651
M5,05/07/23,15:41:10,     8,  6692,   429,  988.4, 300,24.0,24.0, 0.0,  0, 0.0000,     0,19.1,22.8,22.0, 25,    26,    38, 0.7020, 0.7752
M5,05/07/23,15:41:11,     8,  6693,   429,  988.4, 300,24.0,24.0, 0.0,  0, 0.0000,     0,19.1,22.8,22.0, 25,    26,    39, 0.6975, 0.7831
M5,05/07/23,15:41:12,     8,  6694,   430,  988.4, 300,24.0,24.0, 0.0,  0, 0.0000,     0,19.1,22.8,21.9, 25,    27,    40, 0.6943, 0.7843
M5,05/07/23,15:41:13,     8,  6695,   431,  988.4, 300,24.0,24.0, 0.0,  0, 0.0000,     0,19.1,22.8,21.9, 25,    28,    41, 0.6921, 0.7810
M5,05/07/23,15:41:14,     8,  6696,   431,  988.4, 300,24.0,24.0, 0.0,  0, 0.0000,     0,19.1,22.8,21.9, 25,    28,    42, 0.6910, 0.7751
M5,05/07/23,15:41:15,     8,  6697,   432,  988.4, 300,24.0,24.0, 0.0,  0, 0.0000,     0,19.1,22.8,21.9, 25,    29,    43, 0.6898, 0.7712
M5,05/07/23,15:41:16,     8,  6698,   433,  988.4, 300,24.0,24.0, 0.0,  0, 0.0000,     0,19.1,22.8,21.9, 25,    29,    44, 0.6892, 0.7647
M5,05/07/23,15:41:17,     8,  6699,   433,  988.4, 300,24.0,24.0, 0.0,  0, 0.0000,     0,19.1,22.8,21.9, 25,    30,    45, 0.6880, 0.7598
M5,05/07/23,15:41:18,     8,  6700,   434,  988.4, 300,24.0,24.0, 0.0,  0, 0.0000,     0,19.1,22.8,21.9, 25,    30,    46, 0.6871, 0.7563
M5,05/07/23,15:41:19,     8,  6701,   434,  988.4, 300,24.0,24.0, 0.0,  0, 0.0000,     0,19.1,22.8,21.9, 25,    31,    47, 0.6860, 0.7540
M5,05/07/23,15:41:20,     8,  6702,   434,  988.4, 300,24.0,24.0, 0.0,  0, 0.0000,     0,19.1,22.8,21.9, 25,    31,    48, 0.6837, 0.7551
M5,05/07/23,15:41:21,     8,  6703,   435,  988.4, 300,24.0,24.0, 0.0,  0, 0.0000,     0,19.1,22.8,21.9, 25,    32,    49, 0.6816, 0.7562
M5,05/07/23,15:41:22,     8,  6704,   435,  988.4, 300,24.0,24.0, 0.0,  0, 0.0000,     0,19.1,22.8,21.9, 25,    32,    50, 0.6786, 0.7595
M5,05/07/23,15:41:23,     8,  6705,   436,  988.4, 301,24.0,24.0, 0.0,  0, 0.0000,     0,19.1,22.8,21.9, 25,    32,    51, 0.6753, 0.7646
M5,05/07/23,15:41:24,     8,  6706,   436,  988.4, 300,24.0,24.0, 0.0,  0, 0.0000,     0,19.1,22.8,21.9, 25,    33,    52, 0.6724, 0.7686
M5,05/07/23,15:41:25,     8,  6707,   437,  988.4, 300,24.0,24.0, 0.0,  0, 0.0000,     0,19.1,22.8,21.9, 25,    33,    53, 0.6695, 0.7712
M5,05/07/23,15:41:26,     8,  6708,   437,  988.4, 300,24.0,24.0, 0.0,  0, 0.0000,     0,19.1,22.8,21.9, 25,    34,    54, 0.6674, 0.7707
M5,05/07/23,15:41:27,     8,  6709,   438,  988.4, 300,24.0,24.0, 0.0,  0, 0.0000,     0,19.1,22.8,21.9, 25,    35,    55, 0.6660, 0.7680
M5,05/07/23,15:41:28,     8,  6710,   439,  988.4, 300,24.0,24.0, 0.0,  0, 0.0000,     0,19.1,22.8,21.9, 25,    35,    56, 0.6650, 0.7634
M5,05/07/23,15:41:29,     8,  6711,   439,  988.4, 300,24.0,24.0, 0.0,  0, 0.0000,     0,19.1,22.8,21.9, 25,    36,    57, 0.6643, 0.7572
M5,05/07/23,15:41:30,     8,  6712,   440,  988.4, 300,24.0,24.0, 0.0,  0, 0.0000,     0,19.1,22.8,21.9, 25,    37,    58, 0.6638, 0.7523
M5,05/07/23,15:41:31,     8,  6713,   440,  988.4, 300,24.0,24.0, 0.0,  0, 0.0000,     0,19.1,22.8,21.9, 25,    37,    59, 0.6634, 0.7481
M5,05/07/23,15:41:32,     8,  6714,   441,  988.4, 300,24.0,24.0, 0.0,  0, 0.0000,     0,19.1,22.8,21.9, 25,    38,    60, 0.6636, 0.7410
R5,05/07/23,15:41:32,     8,  6714,   441,  988.4, 300,24.0,24.0, 0.0,  0, 0.0000,     0,19.1,22.8,21.9, 25,    38,    60, 0.6636, 0.7410
End
Start
M5,05/07/23,15:42:19,     8,  6761,   403,  988.4, 300,23.9,24.0, 0.0,  0, 0.0000,     0,19.1,22.3,21.0, 20,     2,     1, 0.0000, 0.0000
M5,05/07/23,15:42:20,     8,  6762,   405,  988.4, 300,23.8,24.0, 0.0,  0, 0.0000,     0,19.1,22.3,21.0, 20,     4,     2, 0.0000, 0.0000
M5,05/07/23,15:42:21,     8,  6763,   406,  988.4, 300,23.8,24.0, 0.0,  0, 0.0000,     0,19.1,22.3,21.2, 20,     5,     3, 0.0000, 0.0000
M5,05/07/23,15:42:22,     8,  6764,   408,  988.4, 299,23.8,24.0, 0.0,  0, 0.0000,     0,19.1,22.4,21.2, 20,     7,     4, 0.0000, 0.0000
M5,05/07/23,15:42:23,     8,  6765,   408,  988.4, 300,23.8,24.0, 0.0,  0, 0.0000,     0,19.1,22.4,21.2, 20,     7,     5, 0.0000, 0.0000
M5,05/07/23,15:42:24,     8,  6766,   409,  988.4, 300,23.8,24.0, 0.0,  0, 0.0000,     0,19.1,22.4,21.2, 20,     8,     6, 0.0000, 0.0000
M5,05/07/23,15:42:25,     8,  6767,   410,  988.4, 300,23.8,24.0, 0.0,  0, 0.0000,     0,19.1,22.5,21.2, 20,     9,     7, 0.0000, 0.0000
M5,05/07/23,15:42:26,     8,  6768,   411,  988.4, 300,23.8,24.0, 0.0,  0, 0.0000,     0,19.1,22.5,21.2, 20,    10,     8, 0.0000, 0.0000
M5,05/07/23,15:42:27,     8,  6769,   411,  988.4, 300,23.8,24.0, 0.0,  0, 0.0000,     0,19.1,22.5,21.2, 20,    10,     9, 0.0000, 0.0000
M5,05/07/23,15:42:28,     8,  6770,   412,  988.4, 300,23.8,24.0, 0.0,  0, 0.0000,     0,19.1,22.6,21.2, 25,    11,    10, 0.0000, 0.0000
M5,05/07/23,15:42:29,     8,  6771,   413,  988.4, 300,23.8,24.1, 0.0,  0, 0.0000,     0,19.1,22.6,21.2, 25,    12,    11, 0.0000, 0.0000
M5,05/07/23,15:42:30,     8,  6772,   413,  988.4, 300,23.8,24.1, 0.0,  0, 0.0000,     0,19.1,22.6,21.2, 25,    12,    12, 0.0000, 0.0000
M5,05/07/23,15:42:31,     8,  6773,   414,  988.4, 300,23.8,24.0, 0.0,  0, 0.0000,     0,19.1,22.6,21.2, 25,    13,    13, 0.7266, 0.8743
M5,05/07/23,15:42:32,     8,  6774,   414,  988.4, 300,23.8,24.0, 0.0,  0, 0.0000,     0,19.1,22.6,21.4, 25,    13,    14, 0.6884, 0.8578
M5,05/07/23,15:42:33,     8,  6775,   415,  988.4, 300,23.8,24.0, 0.0,  0, 0.0000,     0,19.1,22.7,21.4, 25,    14,    15, 0.6357, 0.8825
M5,05/07/23,15:42:34,     8,  6776,   415,  988.4, 300,23.8,24.0, 0.0,  0, 0.0000,     0,19.1,22.7,21.4, 25,    14,    16, 0.6123, 0.8238
M5,05/07/23,15:42:35,     8,  6777,   416,  988.4, 300,23.8,24.0, 0.0,  0, 0.0000,     0,19.1,22.7,21.4, 25,    15,    17, 0.6010, 0.7652
M5,05/07/23,15:42:36,     8,  6778,   416,  988.4, 300,23.7,24.0, 0.0,  0, 0.0000,     0,19.1,22.7,21.4, 25,    15,    18, 0.6075, 0.6833
M5,05/07/23,15:42:37,     8,  6779,   417,  988.4, 300,23.7,24.0, 0.0,  0, 0.0000,     0,19.1,22.7,21.4, 25,    16,    19, 0.5999, 0.6796
M5,05/07/23,15:42:38,     8,  6780,   417,  988.4, 300,23.7,24.0, 0.0,  0, 0.0000,     0,19.1,22.7,21.4, 25,    16,    20, 0.5968, 0.6639
M5,05/07/23,15:42:39,     8,  6781,   418,  988.4, 300,23.7,24.0, 0.0,  0, 0.0000,     0,19.1,22.8,21.4, 25,    17,    21, 0.6027, 0.6280
M5,05/07/23,15:42:40,     8,  6782,   419,  988.4, 300,23.7,24.0, 0.0,  0, 0.0000,     0,19.1,22.8,21.4, 25,    17,    22, 0.6125, 0.5924
M5,05/07/23,15:42:41,     8,  6783,   419,  988.4, 300,23.7,24.0, 0.0,  0, 0.0000,     0,19.1,22.8,21.4, 25,    18,    23, 0.6238, 0.5633
M5,05/07/23,15:42:42,     8,  6784,   420,  988.4, 300,23.7,24.0, 0.0,  0, 0.0000,     0,19.1,22.8,21.4, 25,    19,    24, 0.6355, 0.5419
M5,05/07/23,15:42:43,     8,  6785,   421,  988.4, 300,23.7,24.0, 0.0,  0, 0.0000,     0,19.1,22.8,21.4, 25,    19,    25, 0.6468, 0.5277
M5,05/07/23,15:42:44,     8,  6786,   421,  988.4, 300,23.7,24.0, 0.0,  0, 0.0000,     0,19.1,22.8,21.4, 25,    20,    26, 0.6575, 0.5193
M5,05/07/23,15:42:45,     8,  6787,   422,  988.4, 300,23.8,24.1, 0.0,  0, 0.0000,     0,19.1,22.8,21.4, 25,    21,    27, 0.6648, 0.5277
M5,05/07/23,15:42:46,     8,  6788,   422,  988.4, 300,23.8,24.1, 0.0,  0, 0.0000,     0,19.1,22.8,21.4, 25,    21,    28, 0.6715, 0.5324
M5,05/07/23,15:42:47,     8,  6789,   423,  988.4, 300,23.8,24.1, 0.0,  0, 0.0000,     0,19.1,22.8,21.4, 25,    22,    29, 0.6784, 0.5363
M5,05/07/23,15:42:48,     8,  6790,   424,  988.4, 300,23.8,24.1, 0.0,  0, 0.0000,     0,19.1,22.9,21.4, 25,    23,    30, 0.6848, 0.5397
M5,05/07/23,15:42:49,     8,  6791,   424,  988.4, 300,23.7,24.0, 0.0,  0, 0.0000,     0,19.1,22.9,21.4, 25,    23,    31, 0.6903, 0.5426
M5,05/07/23,15:42:50,     8,  6792,   425,  988.4, 300,23.7,24.0, 0.0,  0, 0.0000,     0,19.1,22.9,21.4, 25,    24,    32, 0.6983, 0.5392
M5,05/07/23,15:42:51,     8,  6793,   426,  988.4, 300,23.7,24.0, 0.0,  0, 0.0000,     0,19.1,22.9,21.4, 25,    24,    33, 0.7015, 0.5531
M5,05/07/23,15:42:52,     8,  6794,   426,  988.4, 300,23.7,24.0, 0.0,  0, 0.0000,     0,19.1,22.9,21.4, 25,    25,    34, 0.7029, 0.5698
M5,05/07/23,15:42:53,     8,  6795,   427,  988.4, 300,23.7,24.0, 0.0,  0, 0.0000,     0,19.1,22.9,21.4, 25,    25,    35, 0.7032, 0.5880
M5,05/07/23,15:42:54,     8,  6796,   427,  988.4, 300,23.8,24.1, 0.0,  0, 0.0000,     0,19.1,22.9,21.4, 25,    26,    36, 0.7016, 0.6120
M5,05/07/23,15:42:55,     8,  6797,   427,  988.4, 300,23.8,24.1, 0.0,  0, 0.0000,     0,19.1,22.9,21.4, 25,    26,    37, 0.6991, 0.6328
M5,05/07/23,15:42:56,     8,  6798,   428,  988.4, 300,23.8,24.1, 0.0,  0, 0.0000,     0,19.1,22.9,21.4, 25,    27,    38, 0.6983, 0.6466
M5,05/07/23,15:42:57,     8,  6799,   429,  988.4, 300,23.8,24.1, 0.0,  0, 0.0000,     0,19.1,22.9,21.4, 25,    28,    39, 0.6979, 0.6546
M5,05/07/23,15:42:58,     8,  6800,   430,  988.4, 300,23.8,24.1, 0.0,  0, 0.0000,     0,19.1,22.9,21.4, 25,    28,    40, 0.6993, 0.6548
M5,05/07/23,15:43:00,     8,  6801,   430,  988.4, 300,23.8,24.1, 0.0,  0, 0.0000,     0,19.1,22.9,21.4, 25,    29,    41, 0.6996, 0.6579
M5,05/07/23,15:43:01,     8,  6802,   431,  988.4, 300,23.8,24.1, 0.0,  0, 0.0000,     0,19.1,22.9,21.4, 25,    29,    42, 0.6995, 0.6630
M5,05/07/23,15:43:02,     8,  6803,   431,  988.4, 300,23.8,24.1, 0.0,  0, 0.0000,     0,19.1,22.9,21.4, 25,    30,    43, 0.6992, 0.6694
M5,05/07/23,15:43:03,     8,  6804,   431,  988.4, 300,23.8,24.1, 0.0,  0, 0.0000,     0,19.1,22.9,21.4, 25,    30,    44, 0.6973, 0.6794
M5,05/07/23,15:43:04,     8,  6805,   432,  988.4, 300,23.8,24.1, 0.0,  0, 0.0000,     0,19.1,22.9,21.4, 25,    31,    45, 0.6954, 0.6884
M5,05/07/23,15:43:05,     8,  6806,   432,  988.4, 300,23.8,24.1, 0.0,  0, 0.0000,     0,19.1,22.9,21.4, 25,    31,    46, 0.6934, 0.6966
M5,05/07/23,15:43:06,     8,  6807,   433,  988.4, 300,23.8,24.1, 0.0,  0, 0.0000,     0,19.1,22.9,21.4, 25,    32,    47, 0.6904, 0.7069
M5,05/07/23,15:43:07,     8,  6808,   433,  988.4, 300,23.8,24.1, 0.0,  0, 0.0000,     0,19.1,23.0,21.4, 25,    32,    48, 0.6874, 0.7154
M5,05/07/23,15:43:08,     8,  6809,   433,  988.4, 300,23.8,24.1, 0.0,  0, 0.0000,     0,19.1,23.0,21.4, 25,    32,    49, 0.6832, 0.7281
M5,05/07/23,15:43:09,     8,  6810,   434,  988.4, 300,23.8,24.1, 0.0,  0, 0.0000,     0,19.1,23.0,21.4, 25,    33,    50, 0.6787, 0.7409
M5,05/07/23,15:43:10,     8,  6811,   434,  988.4, 300,23.8,24.1, 0.0,  0, 0.0000,     0,19.1,23.0,21.4, 25,    33,    51, 0.6745, 0.7506
M5,05/07/23,15:43:11,     8,  6812,   435,  988.4, 300,23.8,24.1, 0.0,  0, 0.0000,     0,19.1,23.0,21.4, 25,    34,    52, 0.6706, 0.7581
M5,05/07/23,15:43:12,     8,  6813,   435,  988.4, 300,23.8,24.1, 0.0,  0, 0.0000,     0,19.1,23.0,21.4, 25,    34,    53, 0.6664, 0.7658
M5,05/07/23,15:43:13,     8,  6814,   436,  988.4, 300,23.8,24.1, 0.0,  0, 0.0000,     0,19.1,23.0,21.4, 25,    34,    54, 0.6624, 0.7713
M5,05/07/23,15:43:14,     8,  6815,   436,  988.4, 300,23.8,24.1, 0.0,  0, 0.0000,     0,19.1,23.0,21.4, 25,    35,    55, 0.6589, 0.7752
M5,05/07/23,15:43:15,     8,  6816,   437,  988.4, 300,23.8,24.1, 0.0,  0, 0.0000,     0,19.1,23.0,21.4, 25,    36,    56, 0.6562, 0.7756
M5,05/07/23,15:43:16,     8,  6817,   437,  988.4, 300,23.8,24.1, 0.0,  0, 0.0000,     0,19.1,23.0,21.4, 25,    36,    57, 0.6542, 0.7734
M5,05/07/23,15:43:17,     8,  6818,   438,  988.4, 300,23.8,24.1, 0.0,  0, 0.0000,     0,19.1,23.0,21.4, 25,    37,    58, 0.6528, 0.7691
M5,05/07/23,15:43:18,     8,  6819,   439,  988.4, 300,23.8,24.1, 0.0,  0, 0.0000,     0,19.1,23.0,21.4, 25,    38,    59, 0.6527, 0.7618
M5,05/07/23,15:43:19,     8,  6820,   439,  988.4, 300,23.8,24.1, 0.0,  0, 0.0000,     0,19.1,23.0,21.4, 25,    38,    60, 0.6522, 0.7553
R5,05/07/23,15:43:19,     8,  6820,   439,  988.4, 300,23.8,24.1, 0.0,  0, 0.0000,     0,19.1,23.0,21.4, 25,    38,    60, 0.6522, 0.7553
End
Start
M5,05/07/23,15:45:24,     9,  6945,   409,  988.5, 300,22.6,24.1, 0.0,  0, 0.0000,     0,19.3,21.7,26.2, 20,     1,     1, 0.0000, 0.0000
M5,05/07/23,15:45:25,     9,  6946,   411,  988.5, 300,22.6,24.1, 0.0,  0, 0.0000,     0,19.3,21.7,26.2, 20,     3,     2, 0.0000, 0.0000
M5,05/07/23,15:45:26,     9,  6947,   412,  988.5, 300,22.6,24.1, 0.0,  0, 0.0000,     0,19.3,21.8,26.2, 20,     4,     3, 0.0000, 0.0000
M5,05/07/23,15:45:27,     9,  6948,   412,  988.5, 300,22.6,24.1, 0.0,  0, 0.0000,     0,19.3,21.8,26.2, 20,     5,     4, 0.0000, 0.0000
M5,05/07/23,15:45:28,     9,  6949,   413,  988.5, 300,22.6,24.1, 0.0,  0, 0.0000,     0,19.3,21.8,26.2, 20,     6,     5, 0.0000, 0.0000
M5,05/07/23,15:45:29,     9,  6950,   414,  988.5, 300,22.6,24.1, 0.0,  0, 0.0000,     0,19.3,21.8,26.2, 20,     6,     6, 0.0000, 0.0000
M5,05/07/23,15:45:30,     9,  6951,   415,  988.5, 300,22.6,24.1, 0.0,  0, 0.0000,     0,19.3,21.9,26.2, 20,     7,     7, 0.0000, 0.0000
M5,05/07/23,15:45:31,     9,  6952,   415,  988.5, 300,22.6,24.1, 0.0,  0, 0.0000,     0,19.3,21.9,26.2, 20,     7,     8, 0.0000, 0.0000
M5,05/07/23,15:45:32,     9,  6953,   416,  988.5, 300,22.6,24.1, 0.0,  0, 0.0000,     0,19.3,21.9,26.2, 20,     8,     9, 0.0000, 0.0000
M5,05/07/23,15:45:33,     9,  6954,   416,  988.5, 300,22.6,24.1, 0.0,  0, 0.0000,     0,19.3,21.9,26.2, 25,     9,    10, 0.0000, 0.0000
M5,05/07/23,15:45:34,     9,  6955,   417,  988.5, 300,22.6,24.1, 0.0,  0, 0.0000,     0,19.3,21.9,26.2, 25,     9,    11, 0.0000, 0.0000
M5,05/07/23,15:45:35,     9,  6956,   417,  988.5, 300,22.6,24.1, 0.0,  0, 0.0000,     0,19.3,22.0,26.2, 25,    10,    12, 0.0000, 0.0000
M5,05/07/23,15:45:36,     9,  6957,   418,  988.5, 300,22.6,24.1, 0.0,  0, 0.0000,     0,19.3,22.0,26.2, 25,    10,    13, 0.6467, 0.5008
M5,05/07/23,15:45:37,     9,  6958,   419,  988.5, 300,22.6,24.1, 0.0, 21, 0.0000,     0,19.3,22.0,26.2, 25,    11,    14, 0.7226, 0.4448
M5,05/07/23,15:45:38,     9,  6959,   420,  988.5, 300,22.6,24.1, 0.0, 21, 0.0000,     0,19.3,22.0,26.2, 25,    12,    15, 0.7801, 0.4677
M5,05/07/23,15:45:39,     9,  6960,   420,  988.5, 300,22.6,24.1, 0.0, 21, 0.0000,     0,19.3,22.0,26.2, 25,    13,    16, 0.7996, 0.5652
M5,05/07/23,15:45:40,     9,  6961,   421,  988.5, 300,22.6,24.1, 0.0,  0, 0.0000,     0,19.3,22.0,26.2, 25,    13,    17, 0.7736, 0.7259
M5,05/07/23,15:45:41,     9,  6962,   421,  988.5, 300,22.7,24.1, 0.0,  0, 0.0000,     0,19.3,22.1,26.2, 25,    14,    18, 0.7634, 0.7782
M5,05/07/23,15:45:42,     9,  6963,   422,  988.5, 300,22.7,24.1, 0.0,  0, 0.0000,     0,19.3,22.1,26.2, 25,    15,    19, 0.7682, 0.7574
M5,05/07/23,15:45:43,     9,  6964,   423,  988.5, 300,22.7,24.1, 0.0,  0, 0.0000,     0,19.3,22.1,26.2, 25,    15,    20, 0.7720, 0.7506
M5,05/07/23,15:45:44,     9,  6965,   423,  988.5, 300,22.7,24.1, 0.0,  0, 0.0000,     0,19.3,22.1,26.2, 25,    16,    21, 0.7590, 0.7928
M5,05/07/23,15:45:45,     9,  6966,   424,  988.5, 299,22.7,24.1, 0.0,  0, 0.0000,     0,19.3,22.1,26.2, 25,    16,    22, 0.7466, 0.8236
M5,05/07/23,15:45:46,     9,  6967,   424,  988.5, 300,22.7,24.1, 0.0,  0, 0.0000,     0,19.3,22.1,26.2, 25,    17,    23, 0.7386, 0.8266
M5,05/07/23,15:45:47,     9,  6968,   425,  988.5, 301,22.7,24.1, 0.0,  0, 0.0000,     0,19.3,22.1,26.2, 25,    17,    24, 0.7345, 0.8168
M5,05/07/23,15:45:48,     9,  6969,   426,  988.5, 301,22.7,24.1, 0.0,  0, 0.0000,     0,19.3,22.2,26.2, 25,    18,    25, 0.7334, 0.8030
M5,05/07/23,15:45:49,     9,  6970,   426,  988.5, 300,22.7,24.1, 0.0,  0, 0.0000,     0,19.3,22.2,26.2, 25,    19,    26, 0.7331, 0.7876
M5,05/07/23,15:45:51,     9,  6971,   427,  988.5, 300,22.8,24.1, 0.0,  0, 0.0000,     0,19.3,22.2,26.2, 25,    19,    27, 0.7308, 0.7849
M5,05/07/23,15:45:52,     9,  6972,   428,  988.5, 300,22.8,24.1, 0.0,  0, 0.0000,     0,19.3,22.2,26.2, 25,    20,    28, 0.7327, 0.7670
M5,05/07/23,15:45:53,     9,  6973,   429,  988.5, 300,22.8,24.1, 0.0,  0, 0.0000,     0,19.3,22.2,26.2, 25,    21,    29, 0.7415, 0.7353
M5,05/07/23,15:45:54,     9,  6974,   430,  988.5, 300,22.8,24.1, 0.0,  0, 0.0000,     0,19.3,22.2,26.2, 25,    22,    30, 0.7502, 0.7060
M5,05/07/23,15:45:55,     9,  6975,   430,  988.5, 300,22.8,24.1, 0.0,  0, 0.0000,     0,19.3,22.2,26.2, 25,    22,    31, 0.7549, 0.6968
M5,05/07/23,15:45:56,     9,  6976,   430,  988.5, 300,22.8,24.1, 0.0,  0, 0.0000,     0,19.3,22.2,26.2, 25,    23,    32, 0.7544, 0.7066
M5,05/07/23,15:45:57,     9,  6977,   431,  988.5, 300,22.8,24.1, 0.0,  0, 0.0000,     0,19.3,22.2,25.8, 25,    23,    33, 0.7544, 0.7132
M5,05/07/23,15:45:58,     9,  6978,   432,  988.5, 300,22.8,24.1, 0.0,  0, 0.0000,     0,19.3,22.2,25.8, 25,    24,    34, 0.7532, 0.7242
M5,05/07/23,15:45:59,     9,  6979,   432,  988.5, 300,22.8,24.1, 0.0,  0, 0.0000,     0,19.3,22.2,25.8, 25,    25,    35, 0.7523, 0.7305
M5,05/07/23,15:46:00,     9,  6980,   433,  988.5, 300,22.9,24.1, 0.0,  0, 0.0000,     0,19.3,22.3,25.8, 25,    25,    36, 0.7505, 0.7418
M5,05/07/23,15:46:01,     9,  6981,   433,  988.5, 300,22.9,24.1, 0.0,  0, 0.0000,     0,19.3,22.3,25.8, 25,    25,    37, 0.7444, 0.7633
M5,05/07/23,15:46:02,     9,  6982,   433,  988.5, 300,22.9,24.1, 0.0,  0, 0.0000,     0,19.3,22.3,28.9, 25,    26,    38, 0.7386, 0.7811
M5,05/07/23,15:46:03,     9,  6983,   434,  988.5, 300,22.9,24.1, 0.0,  0, 0.0000,     0,19.3,22.3,28.9, 25,    26,    39, 0.7341, 0.7910
M5,05/07/23,15:46:04,     9,  6984,   435,  988.5, 300,22.9,24.1, 0.0,  0, 0.0000,     0,19.3,22.3,28.9, 25,    27,    40, 0.7319, 0.7912
M5,05/07/23,15:46:05,     9,  6985,   436,  988.5, 300,22.9,24.1, 0.0,  0, 0.0000,     0,19.3,22.3,28.9, 25,    28,    41, 0.7304, 0.7889
M5,05/07/23,15:46:06,     9,  6986,   436,  988.5, 300,22.9,24.1, 0.0,  0, 0.0000,     0,19.3,22.3,28.9, 25,    28,    42, 0.7284, 0.7887
M5,05/07/23,15:46:07,     9,  6987,   437,  988.5, 300,22.9,24.1, 0.0,  0, 0.0000,     0,19.3,22.3,28.7, 25,    29,    43, 0.7266, 0.7903
M5,05/07/23,15:46:08,     9,  6988,   437,  988.5, 300,22.9,24.1, 0.0,  0, 0.0000,     0,19.3,22.3,28.7, 25,    29,    44, 0.7239, 0.7922
M5,05/07/23,15:46:09,     9,  6989,   438,  988.5, 301,22.9,24.1, 0.0,  0, 0.0000,     0,19.3,22.3,28.7, 25,    30,    45, 0.7212, 0.7946
M5,05/07/23,15:46:10,     9,  6990,   438,  988.5, 300,22.9,24.1, 0.0,  0, 0.0000,     0,19.3,22.3,28.7, 25,    31,    46, 0.7191, 0.7940
M5,05/07/23,15:46:11,     9,  6991,   439,  988.5, 300,22.9,24.1, 0.0,  0, 0.0000,     0,19.3,22.3,28.7, 25,    31,    47, 0.7176, 0.7914
M5,05/07/23,15:46:12,     9,  6992,   440,  988.5, 300,22.9,24.1, 0.0,  0, 0.0000,     0,19.3,22.3,28.7, 25,    32,    48, 0.7169, 0.7876
M5,05/07/23,15:46:13,     9,  6993,   440,  988.5, 300,22.9,24.1, 0.0,  0, 0.0000,     0,19.3,22.3,28.7, 25,    33,    49, 0.7163, 0.7825
M5,05/07/23,15:46:14,     9,  6994,   441,  988.5, 300,22.9,24.1, 0.0,  0, 0.0000,     0,19.3,22.3,28.7, 25,    33,    50, 0.7168, 0.7743
M5,05/07/23,15:46:15,     9,  6995,   442,  988.5, 299,22.9,24.1, 0.0,  0, 0.0000,     0,19.3,22.3,28.7, 25,    34,    51, 0.7181, 0.7639
M5,05/07/23,15:46:16,     9,  6996,   443,  988.5, 300,23.0,24.1, 0.0,  0, 0.0000,     0,19.3,22.3,28.7, 25,    35,    52, 0.7198, 0.7549
M5,05/07/23,15:46:17,     9,  6997,   443,  988.5, 300,23.0,24.1, 0.0,  0, 0.0000,     0,19.3,22.3,28.7, 25,    35,    53, 0.7205, 0.7485
M5,05/07/23,15:46:18,     9,  6998,   444,  988.5, 300,22.9,24.1, 0.0,  0, 0.0000,     0,19.5,22.3,28.5, 25,    36,    54, 0.7205, 0.7442
M5,05/07/23,15:46:19,     9,  6999,   444,  988.5, 300,22.9,24.1, 0.0,  0, 0.0000,     0,19.5,22.3,28.5, 25,    36,    55, 0.7204, 0.7421
M5,05/07/23,15:46:20,     9,  7000,   445,  988.5, 300,22.9,24.1, 0.0,  0, 0.0000,     0,19.5,22.3,28.5, 25,    37,    56, 0.7199, 0.7416
M5,05/07/23,15:46:21,     9,  7001,   445,  988.5, 300,23.0,24.1, 0.0,  0, 0.0000,     0,19.5,22.3,28.5, 25,    38,    57, 0.7199, 0.7405
M5,05/07/23,15:46:22,     9,  7002,   446,  988.5, 300,23.0,24.1, 0.0,  0, 0.0000,     0,19.5,22.3,28.5, 25,    38,    58, 0.7199, 0.7386
M5,05/07/23,15:46:23,     9,  7003,   447,  988.5, 300,23.0,24.1, 0.0,  0, 0.0000,     0,19.3,22.3,28.5, 25,    39,    59, 0.7202, 0.7364
M5,05/07/23,15:46:24,     9,  7004,   447,  988.5, 300,23.0,24.1, 0.0,  0, 0.0000,     0,19.3,22.3,28.5, 25,    40,    60, 0.7205, 0.7337
R5,05/07/23,15:46:24,     9,  7004,   447,  988.5, 300,23.0,24.1, 0.0,  0, 0.0000,     0,19.3,22.3,28.5, 25,    40,    60, 0.7205, 0.7337
End
Start
M5,05/07/23,15:48:36,     9,  7136,   414,  988.5, 300,22.4,24.1, 0.0,  0, 0.0000,     0,19.7,21.5,27.2, 20,     1,     1, 0.0000, 0.0000
M5,05/07/23,15:48:37,     9,  7137,   414,  988.5, 300,22.4,24.1, 0.0,  0, 0.0000,     0,19.7,21.5,27.2, 20,     1,     2, 0.0000, 0.0000
M5,05/07/23,15:48:38,     9,  7138,   415,  988.5, 300,22.4,24.1, 0.0,  0, 0.0000,     0,19.7,21.5,27.2, 20,     2,     3, 0.0000, 0.0000
M5,05/07/23,15:48:39,     9,  7139,   416,  988.5, 300,22.4,24.1, 0.0,  0, 0.0000,     0,19.7,21.5,27.2, 20,     3,     4, 0.0000, 0.0000
M5,05/07/23,15:48:41,     9,  7140,   417,  988.5, 300,22.4,24.1, 0.0,  0, 0.0000,     0,19.7,21.6,27.2, 20,     3,     5, 0.0000, 0.0000
M5,05/07/23,15:48:42,     9,  7141,   417,  988.5, 300,22.4,24.1, 0.0,  0, 0.0000,     0,19.7,21.6,27.2, 20,     4,     6, 0.0000, 0.0000
M5,05/07/23,15:48:43,     9,  7142,   418,  988.5, 300,22.4,24.1, 0.0,  0, 0.0000,     0,19.7,21.6,27.2, 20,     5,     7, 0.0000, 0.0000
M5,05/07/23,15:48:44,     9,  7143,   419,  988.5, 300,22.4,24.1, 0.0,  0, 0.0000,     0,19.7,21.6,27.2, 20,     6,     8, 0.0000, 0.0000
M5,05/07/23,15:48:45,     9,  7144,   420,  988.5, 300,22.4,24.1, 0.0,  0, 0.0000,     0,19.7,21.6,27.2, 20,     7,     9, 0.0000, 0.0000
M5,05/07/23,15:48:46,     9,  7145,   421,  988.5, 300,22.4,24.1, 0.0,  0, 0.0000,     0,19.7,21.6,27.2, 25,     8,    10, 0.0000, 0.0000
M5,05/07/23,15:48:47,     9,  7146,   421,  988.5, 300,22.4,24.1, 0.0,  0, 0.0000,     0,19.7,21.7,27.2, 25,     8,    11, 0.0000, 0.0000
M5,05/07/23,15:48:48,     9,  7147,   422,  988.5, 299,22.4,24.1, 0.0,  0, 0.0000,     0,19.7,21.7,27.2, 25,     9,    12, 0.0000, 0.0000
M5,05/07/23,15:48:49,     9,  7148,   422,  988.5, 299,22.5,24.1, 0.0,  0, 0.0000,     0,19.7,21.7,27.2, 25,     9,    13, 0.5705, 0.4240
M5,05/07/23,15:48:50,     9,  7149,   423,  988.5, 299,22.5,24.1, 0.0, 21, 0.0000,     0,19.7,21.7,27.2, 25,    10,    14, 0.6275, 0.4045
M5,05/07/23,15:48:51,     9,  7150,   424,  988.5, 300,22.5,24.1, 0.0, 21, 0.0000,     0,19.7,21.7,27.2, 25,    11,    15, 0.7243, 0.3286
M5,05/07/23,15:48:52,     9,  7151,   425,  988.5, 300,22.5,24.1, 0.0, 21, 0.0000,     0,19.7,21.7,27.2, 25,    12,    16, 0.7838, 0.3698
M5,05/07/23,15:48:53,     9,  7152,   425,  988.5, 300,22.5,24.1, 0.0, 21, 0.0000,     0,19.7,21.7,27.2, 25,    12,    17, 0.8086, 0.4769
M5,05/07/23,15:48:54,     9,  7153,   426,  988.5, 301,22.5,24.1, 0.0,  0, 0.0000,     0,19.7,21.8,27.2, 25,    13,    18, 0.7922, 0.6420
M5,05/07/23,15:48:55,     9,  7154,   426,  988.5, 300,22.5,24.1, 0.0,  0, 0.0000,     0,19.7,21.8,27.2, 25,    13,    19, 0.7728, 0.7448
M5,05/07/23,15:48:56,     9,  7155,   427,  988.5, 300,22.5,24.1, 0.0,  0, 0.0000,     0,19.7,21.8,27.2, 25,    14,    20, 0.7558, 0.8081
M5,05/07/23,15:48:57,     9,  7156,   427,  988.5, 300,22.5,24.1, 0.0,  0, 0.0000,     0,19.7,21.8,27.2, 25,    14,    21, 0.7382, 0.8420
M5,05/07/23,15:48:58,     9,  7157,   428,  988.5, 300,22.6,24.1, 0.0,  0, 0.0000,     0,19.7,21.8,27.2, 25,    15,    22, 0.7234, 0.8593
M5,05/07/23,15:48:59,     9,  7158,   428,  988.5, 300,22.6,24.1, 0.0,  0, 0.0000,     0,19.7,21.8,27.3, 25,    15,    23, 0.7096, 0.8648
M5,05/07/23,15:49:00,     9,  7159,   429,  988.5, 300,22.6,24.1, 0.0,  0, 0.0000,     0,19.7,21.8,27.3, 25,    16,    24, 0.6978, 0.8633
M5,05/07/23,15:49:01,     9,  7160,   429,  988.5, 300,22.6,24.1, 0.0,  0, 0.0000,     0,19.7,21.8,27.3, 25,    16,    25, 0.6864, 0.8606
M5,05/07/23,15:49:02,     9,  7161,   430,  988.5, 300,22.6,24.1, 0.0,  0, 0.0000,     0,19.7,21.8,27.3, 25,    17,    26, 0.6805, 0.8410
M5,05/07/23,15:49:03,     9,  7162,   430,  988.5, 300,22.6,24.1, 0.0,  0, 0.0000,     0,19.7,21.9,27.3, 25,    17,    27, 0.6759, 0.8272
M5,05/07/23,15:49:04,     9,  7163,   431,  988.5, 300,22.6,24.1, 0.0,  0, 0.0000,     0,19.7,21.9,27.2, 25,    18,    28, 0.6704, 0.8148
M5,05/07/23,15:49:05,     9,  7164,   432,  988.5, 300,22.6,24.1, 0.0,  0, 0.0000,     0,19.7,21.9,27.2, 25,    19,    29, 0.6691, 0.7960
M5,05/07/23,15:49:06,     9,  7165,   432,  988.5, 300,22.6,24.1, 0.0,  0, 0.0000,     0,19.7,21.9,27.2, 25,    19,    30, 0.6662, 0.7818
M5,05/07/23,15:49:07,     9,  7166,   433,  988.5, 300,22.7,24.1, 0.0,  0, 0.0000,     0,19.7,21.9,27.2, 25,    20,    31, 0.6660, 0.7639
M5,05/07/23,15:49:08,     9,  7167,   434,  988.5, 300,22.7,24.1, 0.0,  0, 0.0000,     0,19.7,21.9,27.2, 25,    21,    32, 0.6689, 0.7370
M5,05/07/23,15:49:09,     9,  7168,   434,  988.5, 300,22.7,24.1, 0.0,  0, 0.0000,     0,19.7,21.9,27.2, 25,    21,    33, 0.6723, 0.7137
M5,05/07/23,15:49:10,     9,  7169,   435,  988.5, 300,22.7,24.1, 0.0,  0, 0.0000,     0,19.7,21.9,27.3, 25,    22,    34, 0.6762, 0.6938
M5,05/07/23,15:49:11,     9,  7170,   436,  988.5, 300,22.7,24.1, 0.0,  0, 0.0000,     0,19.7,21.9,27.3, 25,    23,    35, 0.6800, 0.6769
M5,05/07/23,15:49:12,     9,  7171,   436,  988.5, 300,22.7,24.1, 0.0,  0, 0.0000,     0,19.7,21.9,27.3, 25,    23,    36, 0.6840, 0.6627
M5,05/07/23,15:49:13,     9,  7172,   437,  988.5, 300,22.7,24.1, 0.0,  0, 0.0000,     0,19.7,21.9,27.3, 25,    24,    37, 0.6879, 0.6510
M5,05/07/23,15:49:14,     9,  7173,   438,  988.5, 300,22.7,24.1, 0.0,  0, 0.0000,     0,19.7,21.9,27.3, 25,    25,    38, 0.6934, 0.6369
M5,05/07/23,15:49:15,     9,  7174,   439,  988.5, 300,22.7,24.1, 0.0,  0, 0.0000,     0,19.7,21.9,27.3, 25,    26,    39, 0.6996, 0.6214
M5,05/07/23,15:49:16,     9,  7175,   439,  988.5, 300,22.7,24.1, 0.0,  0, 0.0000,     0,19.7,21.9,27.3, 25,    26,    40, 0.7029, 0.6187
M5,05/07/23,15:49:17,     9,  7176,   439,  988.5, 300,22.7,24.1, 0.0,  0, 0.0000,     0,19.7,21.9,27.3, 25,    26,    41, 0.7029, 0.6289
M5,05/07/23,15:49:18,     9,  7177,   439,  988.5, 300,22.7,24.1, 0.0,  0, 0.0000,     0,19.7,21.9,27.3, 25,    26,    42, 0.7000, 0.6470
M5,05/07/23,15:49:19,     9,  7178,   440,  988.5, 300,22.7,24.1, 0.0,  0, 0.0000,     0,19.7,21.9,27.3, 25,    27,    43, 0.6962, 0.6664
M5,05/07/23,15:49:20,     9,  7179,   440,  988.5, 300,22.7,24.1, 0.0,  0, 0.0000,     0,19.7,21.9,27.1, 25,    27,    44, 0.6924, 0.6826
M5,05/07/23,15:49:21,     9,  7180,   441,  988.5, 300,22.7,24.1, 0.0,  0, 0.0000,     0,19.7,21.9,27.1, 25,    28,    45, 0.6899, 0.6942
M5,05/07/23,15:49:22,     9,  7181,   442,  988.5, 300,22.7,24.1, 0.0,  0, 0.0000,     0,19.7,21.9,27.1, 25,    29,    46, 0.6887, 0.6976
M5,05/07/23,15:49:23,     9,  7182,   442,  988.5, 300,22.7,24.1, 0.0,  0, 0.0000,     0,19.7,21.9,27.1, 25,    29,    47, 0.6882, 0.6986
M5,05/07/23,15:49:24,     9,  7183,   443,  988.5, 300,22.7,24.1, 0.0,  0, 0.0000,     0,19.7,21.9,27.1, 25,    30,    48, 0.6888, 0.6947
M5,05/07/23,15:49:25,     9,  7184,   444,  988.4, 300,22.7,24.1, 0.0,  0, 0.0000,     0,19.7,21.9,27.1, 25,    31,    49, 0.6898, 0.6901
M5,05/07/23,15:49:26,     9,  7185,   445,  988.4, 300,22.8,24.1, 0.0,  0, 0.0000,     0,19.7,21.9,27.3, 25,    32,    50, 0.6912, 0.6856
M5,05/07/23,15:49:27,     9,  7186,   445,  988.4, 300,22.8,24.1, 0.0,  0, 0.0000,     0,19.7,22.0,27.3, 25,    32,    51, 0.6919, 0.6830
M5,05/07/23,15:49:28,     9,  7187,   446,  988.4, 300,22.8,24.1, 0.0,  0, 0.0000,     0,19.7,22.0,27.3, 25,    33,    52, 0.6929, 0.6800
M5,05/07/23,15:49:29,     9,  7188,   446,  988.4, 300,22.8,24.1, 0.0,  0, 0.0000,     0,19.7,22.0,27.3, 25,    33,    53, 0.6928, 0.6809
M5,05/07/23,15:49:30,     9,  7189,   447,  988.4, 300,22.8,24.1, 0.0,  0, 0.0000,     0,19.7,22.0,27.3, 25,    34,    54, 0.6930, 0.6807
M5,05/07/23,15:49:31,     9,  7190,   447,  988.4, 300,22.8,24.1, 0.0,  0, 0.0000,     0,19.7,22.0,27.1, 25,    34,    55, 0.6930, 0.6816
M5,05/07/23,15:49:32,     9,  7191,   448,  988.4, 300,22.8,24.1, 0.0,  0, 0.0000,     0,19.7,22.0,27.1, 25,    35,    56, 0.6937, 0.6794
M5,05/07/23,15:49:33,     9,  7192,   449,  988.4, 300,22.8,24.1, 0.0,  0, 0.0000,     0,19.7,22.0,27.1, 25,    36,    57, 0.6945, 0.6790
M5,05/07/23,15:49:34,     9,  7193,   449,  988.4, 300,22.8,24.1, 0.0,  0, 0.0000,     0,19.7,22.0,27.1, 25,    36,    58, 0.6951, 0.6776
M5,05/07/23,15:49:35,     9,  7194,   450,  988.4, 300,22.8,24.1, 0.0,  0, 0.0000,     0,19.7,22.0,27.1, 25,    37,    59, 0.6954, 0.6776
M5,05/07/23,15:49:36,     9,  7195,   450,  988.5, 300,22.8,24.1, 0.0,  0, 0.0000,     0,19.7,22.0,27.1, 25,    37,    60, 0.6955, 0.6785
R5,05/07/23,15:49:36,     9,  7195,   450,  988.5, 300,22.8,24.1, 0.0,  0, 0.0000,     0,19.7,22.0,27.1, 25,    37,    60, 0.6955, 0.6785
End
Start
M5,05/07/23,15:51:16,     9,  7295,   404,  988.5, 300,22.4,24.1, 0.0,  0, 0.0000,     0,19.9,21.3,26.9, 20,     1,     1, 0.0000, 0.0000
M5,05/07/23,15:51:17,     9,  7296,   405,  988.5, 300,22.4,24.1, 0.0,  0, 0.0000,     0,19.9,21.3,26.9, 20,     2,     2, 0.0000, 0.0000
M5,05/07/23,15:51:18,     9,  7297,   406,  988.5, 300,22.4,24.1, 0.0,  0, 0.0000,     0,19.9,21.3,26.9, 20,     3,     3, 0.0000, 0.0000
M5,05/07/23,15:51:19,     9,  7298,   407,  988.4, 300,22.4,24.1, 0.0,  0, 0.0000,     0,19.9,21.3,26.9, 20,     3,     4, 0.0000, 0.0000
M5,05/07/23,15:51:20,     9,  7299,   407,  988.4, 300,22.4,24.1, 0.0,  0, 0.0000,     0,19.9,21.4,26.9, 20,     4,     5, 0.0000, 0.0000
M5,05/07/23,15:51:21,     9,  7300,   408,  988.4, 300,22.4,24.1, 0.0,  0, 0.0000,     0,19.9,21.4,26.9, 20,     5,     6, 0.0000, 0.0000
M5,05/07/23,15:51:22,     9,  7301,   409,  988.4, 300,22.4,24.1, 0.0,  0, 0.0000,     0,19.9,21.4,26.9, 20,     5,     7, 0.0000, 0.0000
M5,05/07/23,15:51:23,     9,  7302,   409,  988.4, 300,22.4,24.1, 0.0,  0, 0.0000,     0,19.9,21.5,26.9, 20,     6,     8, 0.0000, 0.0000
M5,05/07/23,15:51:24,     9,  7303,   410,  988.4, 300,22.4,24.1, 0.0,  0, 0.0000,     0,19.9,21.5,26.9, 20,     7,     9, 0.0000, 0.0000
M5,05/07/23,15:51:25,     9,  7304,   411,  988.4, 300,22.4,24.1, 0.0,  0, 0.0000,     0,19.9,21.5,26.9, 25,     7,    10, 0.0000, 0.0000
M5,05/07/23,15:51:26,     9,  7305,   411,  988.4, 300,22.4,24.1, 0.0,  0, 0.0000,     0,19.9,21.5,26.9, 25,     8,    11, 0.0000, 0.0000
M5,05/07/23,15:51:27,     9,  7306,   412,  988.4, 300,22.4,24.1, 0.0,  0, 0.0000,     0,19.9,21.5,26.9, 25,     9,    12, 0.0000, 0.0000
M5,05/07/23,15:51:28,     9,  7307,   412,  988.4, 300,22.4,24.1, 0.0,  0, 0.0000,     0,19.9,21.6,26.7, 25,     9,    13, 0.6403, 0.7834
M5,05/07/23,15:51:30,     9,  7308,   413,  988.4, 300,22.4,24.1, 0.0,  0, 0.0000,     0,19.9,21.6,26.7, 25,    10,    14, 0.6589, 0.6581
M5,05/07/23,15:51:31,     9,  7309,   414,  988.5, 300,22.4,24.1, 0.0,  0, 0.0000,     0,19.9,21.6,26.7, 25,    10,    15, 0.6830, 0.6184
M5,05/07/23,15:51:32,     9,  7310,   414,  988.5, 300,22.4,24.1, 0.0,  0, 0.0000,     0,19.9,21.6,26.7, 25,    11,    16, 0.6997, 0.6062
M5,05/07/23,15:51:33,     9,  7311,   415,  988.5, 300,22.5,24.1, 0.0,  0, 0.0000,     0,19.9,21.6,26.7, 25,    11,    17, 0.6820, 0.6914
M5,05/07/23,15:51:34,     9,  7312,   415,  988.5, 300,22.5,24.1, 0.0,  0, 0.0000,     0,19.9,21.6,26.7, 25,    12,    18, 0.6664, 0.7264
M5,05/07/23,15:51:35,     9,  7313,   416,  988.5, 300,22.5,24.1, 0.0,  0, 0.0000,     0,19.9,21.6,26.7, 25,    13,    19, 0.6750, 0.6802
M5,05/07/23,15:51:36,     9,  7314,   417,  988.5, 300,22.5,24.1, 0.0,  0, 0.0000,     0,19.9,21.6,26.7, 25,    14,    20, 0.6947, 0.6269
M5,05/07/23,15:51:37,     9,  7315,   417,  988.5, 300,22.5,24.1, 0.0,  0, 0.0000,     0,19.9,21.6,26.7, 25,    14,    21, 0.7007, 0.6271
M5,05/07/23,15:51:38,     9,  7316,   418,  988.5, 300,22.5,24.1, 0.0,  0, 0.0000,     0,19.9,21.7,26.7, 25,    15,    22, 0.7078, 0.6278
M5,05/07/23,15:51:39,     9,  7317,   419,  988.5, 300,22.5,24.1, 0.0,  0, 0.0000,     0,19.9,21.7,26.7, 25,    15,    23, 0.7137, 0.6287
M5,05/07/23,15:51:40,     9,  7318,   419,  988.5, 300,22.5,24.1, 0.0,  0, 0.0000,     0,19.9,21.7,26.7, 25,    16,    24, 0.7192, 0.6308
M5,05/07/23,15:51:41,     9,  7319,   420,  988.5, 300,22.5,24.1, 0.0,  0, 0.0000,     0,19.9,21.7,26.7, 25,    17,    25, 0.7284, 0.6202
M5,05/07/23,15:51:42,     9,  7320,   421,  988.5, 300,22.6,24.1, 0.0,  0, 0.0000,     0,19.9,21.7,26.7, 25,    18,    26, 0.7403, 0.6106
M5,05/07/23,15:51:43,     9,  7321,   422,  988.4, 300,22.6,24.1, 0.0,  0, 0.0000,     0,19.9,21.7,26.7, 25,    18,    27, 0.7484, 0.6091
M5,05/07/23,15:51:44,     9,  7322,   422,  988.4, 300,22.6,24.1, 0.0,  0, 0.0000,     0,19.9,21.7,26.7, 25,    19,    28, 0.7516, 0.6242
M5,05/07/23,15:51:45,     9,  7323,   422,  988.4, 300,22.6,24.1, 0.0,  0, 0.0000,     0,19.9,21.7,26.7, 25,    19,    29, 0.7496, 0.6566
M5,05/07/23,15:51:46,     9,  7324,   423,  988.4, 300,22.6,24.1, 0.0,  0, 0.0000,     0,19.9,21.7,26.7, 25,    20,    30, 0.7453, 0.6859
M5,05/07/23,15:51:47,     9,  7325,   424,  988.4, 300,22.6,24.1, 0.0,  0, 0.0000,     0,19.9,21.7,26.7, 25,    20,    31, 0.7430, 0.7046
M5,05/07/23,15:51:48,     9,  7326,   424,  988.4, 300,22.6,24.1, 0.0,  0, 0.0000,     0,19.9,21.8,26.7, 25,    21,    32, 0.7371, 0.7298
M5,05/07/23,15:51:49,     9,  7327,   424,  988.4, 300,22.6,24.1, 0.0,  0, 0.0000,     0,19.9,21.8,26.7, 25,    21,    33, 0.7309, 0.7507
M5,05/07/23,15:51:50,     9,  7328,   425,  988.4, 300,22.6,24.1, 0.0,  0, 0.0000,     0,19.9,21.8,26.7, 25,    22,    34, 0.7249, 0.7676
M5,05/07/23,15:51:51,     9,  7329,   426,  988.4, 300,22.6,24.1, 0.0,  0, 0.0000,     0,19.9,21.8,26.7, 25,    22,    35, 0.7206, 0.7754
M5,05/07/23,15:51:52,     9,  7330,   426,  988.4, 300,22.7,24.1, 0.0,  0, 0.0000,     0,19.9,21.8,26.7, 25,    23,    36, 0.7186, 0.7779
M5,05/07/23,15:51:53,     9,  7331,   427,  988.4, 300,22.7,24.1, 0.0,  0, 0.0000,     0,19.9,21.8,26.7, 25,    23,    37, 0.7153, 0.7807
M5,05/07/23,15:51:54,     9,  7332,   427,  988.4, 300,22.7,24.1, 0.0,  0, 0.0000,     0,19.9,21.8,26.7, 25,    24,    38, 0.7132, 0.7792
M5,05/07/23,15:51:55,     9,  7333,   428,  988.4, 300,22.7,24.1, 0.0,  0, 0.0000,     0,19.9,21.8,26.7, 25,    25,    39, 0.7106, 0.7793
M5,05/07/23,15:51:56,     9,  7334,   428,  988.4, 300,22.7,24.1, 0.0,  0, 0.0000,     0,19.9,21.8,26.9, 25,    25,    40, 0.7069, 0.7849
M5,05/07/23,15:51:57,     9,  7335,   429,  988.4, 300,22.7,24.1, 0.0,  0, 0.0000,     0,19.9,21.8,26.9, 25,    25,    41, 0.7029, 0.7892
M5,05/07/23,15:51:58,     9,  7336,   429,  988.4, 300,22.7,24.1, 0.0,  0, 0.0000,     0,19.9,21.8,26.9, 25,    26,    42, 0.7000, 0.7889
M5,05/07/23,15:51:59,     9,  7337,   430,  988.4, 300,22.7,24.1, 0.0,  0, 0.0000,     0,19.9,21.8,26.9, 25,    27,    43, 0.6980, 0.7854
M5,05/07/23,15:52:00,     9,  7338,   431,  988.4, 300,22.7,24.1, 0.0,  0, 0.0000,     0,19.9,21.8,26.9, 25,    28,    44, 0.6976, 0.7764
M5,05/07/23,15:52:01,     9,  7339,   432,  988.4, 300,22.7,24.1, 0.0,  0, 0.0000,     0,19.9,21.8,26.9, 25,    28,    45, 0.6988, 0.7639
M5,05/07/23,15:52:02,     9,  7340,   432,  988.5, 300,22.7,24.1, 0.0,  0, 0.0000,     0,19.9,21.8,26.9, 25,    29,    46, 0.6989, 0.7562
M5,05/07/23,15:52:03,     9,  7341,   433,  988.5, 300,22.7,24.1, 0.0,  0, 0.0000,     0,19.9,21.8,26.9, 25,    29,    47, 0.6983, 0.7544
M5,05/07/23,15:52:04,     9,  7342,   433,  988.5, 300,22.7,24.1, 0.0,  0, 0.0000,     0,19.9,21.8,26.9, 25,    30,    48, 0.6969, 0.7533
M5,05/07/23,15:52:05,     9,  7343,   434,  988.5, 300,22.7,24.1, 0.0,  0, 0.0000,     0,19.9,21.8,26.9, 25,    30,    49, 0.6954, 0.7532
M5,05/07/23,15:52:06,     9,  7344,   434,  988.5, 300,22.7,24.1, 0.0,  0, 0.0000,     0,19.9,21.8,26.9, 25,    31,    50, 0.6943, 0.7510
M5,05/07/23,15:52:07,     9,  7345,   435,  988.5, 300,22.7,24.1, 0.0,  0, 0.0000,     0,19.9,21.8,26.7, 25,    31,    51, 0.6931, 0.7499
M5,05/07/23,15:52:08,     9,  7346,   435,  988.5, 300,22.7,24.1, 0.0,  0, 0.0000,     0,19.9,21.8,26.7, 25,    32,    52, 0.6912, 0.7518
M5,05/07/23,15:52:09,     9,  7347,   436,  988.5, 300,22.7,24.1, 0.0,  0, 0.0000,     0,19.9,21.8,26.7, 25,    32,    53, 0.6897, 0.7514
M5,05/07/23,15:52:10,     9,  7348,   437,  988.5, 300,22.7,24.1, 0.0,  0, 0.0000,     0,19.9,21.8,26.7, 25,    33,    54, 0.6893, 0.7472
M5,05/07/23,15:52:11,     9,  7349,   437,  988.5, 300,22.7,24.1, 0.0,  0, 0.0000,     0,19.9,21.8,26.7, 25,    34,    55, 0.6897, 0.7404
M5,05/07/23,15:52:12,     9,  7350,   438,  988.5, 300,22.8,24.1, 0.0,  0, 0.0000,     0,19.9,21.9,26.7, 25,    35,    56, 0.6904, 0.7336
M5,05/07/23,15:52:13,     9,  7351,   439,  988.5, 300,22.8,24.1, 0.0,  0, 0.0000,     0,19.9,21.8,26.7, 25,    35,    57, 0.6907, 0.7286
M5,05/07/23,15:52:14,     9,  7352,   439,  988.5, 300,22.8,24.1, 0.0,  0, 0.0000,     0,19.9,21.8,26.7, 25,    36,    58, 0.6917, 0.7215
M5,05/07/23,15:52:15,     9,  7353,   440,  988.5, 300,22.8,24.1, 0.0,  0, 0.0000,     0,19.9,21.9,26.7, 25,    37,    59, 0.6931, 0.7149
M5,05/07/23,15:52:16,     9,  7354,   441,  988.5, 300,22.8,24.1, 0.0,  0, 0.0000,     0,19.9,21.9,26.7, 25,    37,    60, 0.6938, 0.7100
R5,05/07/23,15:52:16,     9,  7354,   441,  988.5, 300,22.8,24.1, 0.0,  0, 0.0000,     0,19.9,21.9,26.7, 25,    37,    60, 0.6938, 0.7100
End
